0 0.13701923076923078 0.2548076923076923 0.27403846153846156 0.5096153846153846
0 0.26322115384615385 0.3088942307692308 0.4543269230769231 0.6177884615384616
0 0.8449519230769231 0.4014423076923077 0.19951923076923078 0.2692307692307692
0 0.734375 0.43149038461538464 0.1875 0.41586538461538464
0 0.6358173076923077 0.4891826923076923 0.1971153846153846 0.5192307692307693
0 0.5 0.47836538461538464 0.25961538461538464 0.3004807692307692
0 0.4254807692307692 0.5961538461538461 0.21875 0.2956730769230769
0 0.5745192307692307 0.6862980769230769 0.29086538461538464 0.20192307692307693
0 0.5600961538461539 0.8221153846153846 0.1971153846153846 0.19230769230769232
0 0.4266826923076923 0.7512019230769231 0.19951923076923078 0.27884615384615385
0 0.3485576923076923 0.7512019230769231 0.13942307692307693 0.20192307692307693
0 0.35096153846153844 0.84375 0.1201923076923077 0.11538461538461539