0 0.8449519230769231 0.20552884615384615 0.12259615384615384 0.14423076923076922
0 0.7764423076923077 0.09495192307692307 0.17307692307692307 0.15865384615384615
0 0.7139423076923077 0.021634615384615384 0.10817307692307693 0.036057692307692304
0 0.6262019230769231 0.08413461538461539 0.15865384615384615 0.15384615384615385
0 0.5492788461538461 0.027644230769230768 0.15384615384615385 0.04807692307692308
0 0.43149038461538464 0.1045673076923077 0.21153846153846154 0.1778846153846154
0 0.3894230769230769 0.01201923076923077 0.10817307692307693 0.014423076923076924
0 0.2536057692307692 0.054086538461538464 0.19230769230769232 0.10096153846153846
0 0.09254807692307693 0.08653846153846154 0.18028846153846154 0.16826923076923078
0 0.23677884615384615 0.17908653846153846 0.1778846153846154 0.14903846153846154
0 0.08653846153846154 0.2439903846153846 0.17307692307692307 0.13942307692307693
0 0.19951923076923078 0.32091346153846156 0.15384615384615385 0.125
0 0.36177884615384615 0.2860576923076923 0.20192307692307693 0.1778846153846154
0 0.5324519230769231 0.23197115384615385 0.1971153846153846 0.18269230769230768
0 0.7115384615384616 0.26802884615384615 0.18269230769230768 0.17307692307692307
0 0.8425480769230769 0.36899038461538464 0.13942307692307693 0.15865384615384615
0 0.7487980769230769 0.39663461538461536 0.0889423076923077 0.09134615384615384
0 0.6286057692307693 0.3894230769230769 0.14423076923076922 0.1346153846153846
0 0.5072115384615384 0.36899038461538464 0.12980769230769232 0.10096153846153846
0 0.39903846153846156 0.44350961538461536 0.1778846153846154 0.15384615384615385
0 0.234375 0.4855769230769231 0.18269230769230768 0.15865384615384615
0 0.08173076923076923 0.4098557692307692 0.16346153846153846 0.14903846153846154
0 0.09014423076923077 0.5649038461538461 0.17548076923076922 0.16346153846153846
0 0.008413461538461538 0.6346153846153846 0.01201923076923077 0.07211538461538461
0 0.11298076923076923 0.7079326923076923 0.13942307692307693 0.10096153846153846
0 0.22956730769230768 0.6334134615384616 0.14423076923076922 0.12980769230769232
0 0.38221153846153844 0.5985576923076923 0.18269230769230768 0.15865384615384615
0 0.546875 0.515625 0.21634615384615385 0.16105769230769232
0 0.5709134615384616 0.6466346153846154 0.1875 0.14903846153846154
0 0.7319711538461539 0.5204326923076923 0.15384615384615385 0.15384615384615385
0 0.8497596153846154 0.5120192307692307 0.11298076923076923 0.13701923076923078
0 0.8257211538461539 0.6526442307692307 0.17307692307692307 0.15384615384615385
0 0.6947115384615384 0.6694711538461539 0.16826923076923078 0.16105769230769232
0 0.5144230769230769 0.703125 0.20192307692307693 0.15865384615384615
0 0.34975961538461536 0.7475961538461539 0.1778846153846154 0.13942307692307693
0 0.2091346153846154 0.8088942307692307 0.17307692307692307 0.14182692307692307
0 0.10817307692307693 0.9254807692307693 0.18269230769230768 0.14423076923076922
0 0.28365384615384615 0.9290865384615384 0.14423076923076922 0.11538461538461539
0 0.39663461538461536 0.9603365384615384 0.16346153846153846 0.07451923076923077
0 0.4579326923076923 0.8605769230769231 0.1778846153846154 0.14903846153846154
0 0.6105769230769231 0.8305288461538461 0.1778846153846154 0.1466346153846154
0 0.7728365384615384 0.8028846153846154 0.1971153846153846 0.16105769230769232
0 0.8665865384615384 0.8954326923076923 0.0889423076923077 0.16105769230769232
0 0.7620192307692307 0.9375 0.23076923076923078 0.1201923076923077
0 0.5709134615384616 0.9519230769230769 0.17067307692307693 0.09134615384615384