0 0.028846153846153848 0.765625 0.05048076923076923 0.1971153846153846
0 0.08413461538461539 0.8617788461538461 0.15865384615384615 0.07692307692307693
0 0.13341346153846154 0.8365384615384616 0.1971153846153846 0.1201923076923077
0 0.171875 0.7860576923076923 0.18269230769230768 0.15625
0 0.28966346153846156 0.8485576923076923 0.12259615384615384 0.09375
0 0.39302884615384615 0.8485576923076923 0.09134615384615384 0.10576923076923077
0 0.45552884615384615 0.8509615384615384 0.057692307692307696 0.0985576923076923
0 0.5360576923076923 0.7367788461538461 0.24759615384615385 0.3173076923076923
0 0.7043269230769231 0.75 0.20192307692307693 0.2932692307692308
0 0.8016826923076923 0.8677884615384616 0.1971153846153846 0.057692307692307696
0 0.8569711538461539 0.6899038461538461 0.13942307692307693 0.3485576923076923
0 0.9471153846153846 0.7019230769230769 0.10096153846153846 0.40384615384615385
0 0.8269230769230769 0.5649038461538461 0.13942307692307693 0.23557692307692307
0 0.6430288461538461 0.5913461538461539 0.21634615384615385 0.2548076923076923
0 0.28966346153846156 0.6923076923076923 0.28365384615384615 0.23076923076923078
0 0.15504807692307693 0.5204326923076923 0.30288461538461536 0.375
0 0.11298076923076923 0.2920673076923077 0.21875 0.28125
0 0.057692307692307696 0.23677884615384615 0.10817307692307693 0.15144230769230768
0 0.051682692307692304 0.08533653846153846 0.10336538461538461 0.1658653846153846
0 0.1875 0.038461538461538464 0.2980769230769231 0.07211538461538461
0 0.23317307692307693 0.17427884615384615 0.17548076923076922 0.17307692307692307
0 0.15985576923076922 0.1201923076923077 0.12980769230769232 0.08413461538461539
0 0.36778846153846156 0.21875 0.2403846153846154 0.2692307692307692
0 0.33413461538461536 0.3701923076923077 0.2644230769230769 0.27163461538461536
0 0.38341346153846156 0.5673076923076923 0.13942307692307693 0.125
0 0.5324519230769231 0.49278846153846156 0.13942307692307693 0.3269230769230769
0 0.6430288461538461 0.47596153846153844 0.13942307692307693 0.21394230769230768
0 0.7800480769230769 0.45072115384615385 0.1346153846153846 0.19230769230769232
0 0.7079326923076923 0.25240384615384615 0.14903846153846154 0.3701923076923077
0 0.5120192307692307 0.18269230769230768 0.2668269230769231 0.36538461538461536
0 0.3401442307692308 0.054086538461538464 0.0985576923076923 0.10336538461538461
0 0.46033653846153844 0.03485576923076923 0.11298076923076923 0.06490384615384616
0 0.5769230769230769 0.125 0.16105769230769232 0.2403846153846154
0 0.6382211538461539 0.10336538461538461 0.18509615384615385 0.20192307692307693
0 0.7608173076923077 0.054086538461538464 0.18028846153846154 0.10336538461538461
0 0.8401442307692307 0.22596153846153846 0.13221153846153846 0.44711538461538464
0 0.8894230769230769 0.40625 0.10576923076923077 0.11538461538461539
0 0.9471153846153846 0.5384615384615384 0.10096153846153846 0.22596153846153846
0 0.984375 0.38822115384615385 0.028846153846153848 0.12980769230769232
0 0.9555288461538461 0.2704326923076923 0.08653846153846154 0.09375
0 0.9362980769230769 0.12740384615384615 0.12259615384615384 0.25
0 0.8954326923076923 0.04807692307692308 0.04567307692307692 0.09134615384615384
0 0.9807692307692307 0.15264423076923078 0.03365384615384615 0.24278846153846154
0 0.4987980769230769 0.4543269230769231 0.9975961538461539 0.9038461538461539