0 0.27524038461538464 0.9519230769230769 0.20673076923076922 0.0889423076923077
0 0.4495192307692308 0.9447115384615384 0.19951923076923078 0.10336538461538461
0 0.15264423076923078 0.8894230769230769 0.2932692307692308 0.21394230769230768
0 0.052884615384615384 0.9639423076923077 0.09615384615384616 0.06490384615384616
0 0.078125 0.8377403846153846 0.14423076923076922 0.13221153846153846
0 0.40024038461538464 0.8629807692307693 0.1778846153846154 0.10336538461538461
0 0.36899038461538464 0.7487980769230769 0.16105769230769232 0.09615384615384616
0 0.41346153846153844 0.609375 0.37259615384615385 0.21634615384615385
0 0.4254807692307692 0.609375 0.13942307692307693 0.10336538461538461
0 0.1466346153846154 0.6790865384615384 0.28365384615384615 0.21394230769230768
0 0.49759615384615385 0.8137019230769231 0.20673076923076922 0.1346153846153846
0 0.6274038461538461 0.7451923076923077 0.1875 0.125
0 0.7079326923076923 0.8485576923076923 0.19471153846153846 0.11778846153846154
0 0.6802884615384616 0.9290865384615384 0.18269230769230768 0.07211538461538461
0 0.7439903846153846 0.9747596153846154 0.12259615384615384 0.04326923076923077
0 0.796875 0.7932692307692307 0.12740384615384615 0.10817307692307693
0 0.9026442307692307 0.8665865384615384 0.18269230769230768 0.10336538461538461
0 0.9026442307692307 0.9603365384615384 0.16105769230769232 0.07211538461538461
0 0.8112980769230769 0.921875 0.055288461538461536 0.057692307692307696
0 0.7764423076923077 0.6418269230769231 0.4423076923076923 0.2644230769230769
0 0.9675480769230769 0.7752403846153846 0.06009615384615385 0.1658653846153846
0 0.9711538461538461 0.5769230769230769 0.052884615384615384 0.1346153846153846
0 0.9086538461538461 0.5228365384615384 0.12740384615384615 0.07451923076923077
0 0.9651442307692307 0.4651442307692308 0.06490384615384616 0.09375
0 0.6814903846153846 0.32211538461538464 0.6322115384615384 0.4423076923076923
0 0.18629807692307693 0.31971153846153844 0.3605769230769231 0.28365384615384615
0 0.08653846153846154 0.5228365384615384 0.16105769230769232 0.13942307692307693
0 0.2247596153846154 0.515625 0.18269230769230768 0.125
0 0.41346153846153844 0.4639423076923077 0.30528846153846156 0.17307692307692307
0 0.29447115384615385 0.1622596153846154 0.1346153846153846 0.0889423076923077
0 0.16105769230769232 0.1466346153846154 0.12259615384615384 0.09134615384615384
0 0.10576923076923077 0.05889423076923077 0.19951923076923078 0.11778846153846154
0 0.14182692307692307 0.11778846153846154 0.27163461538461536 0.16346153846153846
0 0.453125 0.19110576923076922 0.25 0.1466346153846154
0 0.3641826923076923 0.09615384615384616 0.25 0.1346153846153846
0 0.35336538461538464 0.02403846153846154 0.3317307692307692 0.04807692307692308
0 0.5637019230769231 0.06129807692307692 0.16105769230769232 0.11538461538461539
0 0.7163461538461539 0.0625 0.1778846153846154 0.0889423076923077
0 0.7415865384615384 0.018028846153846152 0.20673076923076922 0.036057692307692304
0 0.8954326923076923 0.09735576923076923 0.20432692307692307 0.19471153846153846