0 0.8689903846153846 0.3798076923076923 0.09615384615384616 0.4423076923076923
0 0.6875 0.2620192307692308 0.2692307692307692 0.35096153846153844
0 0.5925480769230769 0.33052884615384615 0.30528846153846156 0.4206730769230769
0 0.5564903846153846 0.35216346153846156 0.4230769230769231 0.27884615384615385
0 0.46153846153846156 0.41586538461538464 0.41346153846153844 0.3701923076923077
0 0.40384615384615385 0.5300480769230769 0.4519230769230769 0.23076923076923078
0 0.2127403846153846 0.5240384615384616 0.3894230769230769 0.1201923076923077
0 0.26322115384615385 0.6069711538461539 0.5192307692307693 0.15384615384615385
0 0.6177884615384616 0.6935096153846154 0.21875 0.14182692307692307
0 0.8353365384615384 0.8401442307692307 0.3245192307692308 0.31490384615384615
0 0.9074519230769231 0.6862980769230769 0.0985576923076923 0.19230769230769232
0 0.8125 0.5985576923076923 0.1346153846153846 0.34375
0 0.7415865384615384 0.65625 0.16826923076923078 0.2403846153846154
0 0.6730769230769231 0.6502403846153846 0.11057692307692307 0.14182692307692307