0 0.055288461538461536 0.3870192307692308 0.10336538461538461 0.18990384615384615
0 0.055288461538461536 0.5420673076923077 0.10336538461538461 0.12980769230769232
0 0.052884615384615384 0.6814903846153846 0.10096153846153846 0.14903846153846154
0 0.06009615384615385 0.8870192307692307 0.11298076923076923 0.21394230769230768
0 0.20793269230769232 0.9350961538461539 0.27163461538461536 0.1201923076923077
0 0.25961538461538464 0.6490384615384616 0.08173076923076923 0.16826923076923078
0 0.27884615384615385 0.7175480769230769 0.057692307692307696 0.11298076923076923
0 0.1971153846153846 0.7259615384615384 0.10817307692307693 0.1201923076923077
0 0.11538461538461539 0.75 0.06971153846153846 0.04807692307692308
0 0.16346153846153846 0.5264423076923077 0.19951923076923078 0.4110576923076923
0 0.09014423076923077 0.29447115384615385 0.17307692307692307 0.17307692307692307
0 0.19471153846153846 0.3329326923076923 0.1778846153846154 0.14423076923076922
0 0.10216346153846154 0.13581730769230768 0.16105769230769232 0.2668269230769231
0 0.1045673076923077 0.21394230769230768 0.20192307692307693 0.12980769230769232
0 0.3076923076923077 0.14423076923076922 0.22596153846153846 0.28365384615384615
0 0.3269230769230769 0.39302884615384615 0.1201923076923077 0.31009615384615385
0 0.3233173076923077 0.4014423076923077 0.1201923076923077 0.24519230769230768
0 0.34134615384615385 0.6274038461538461 0.09134615384615384 0.17307692307692307
0 0.39302884615384615 0.6490384615384616 0.10576923076923077 0.16826923076923078
0 0.36658653846153844 0.7560096153846154 0.08173076923076923 0.1201923076923077
0 0.48197115384615385 0.5420673076923077 0.09134615384615384 0.18990384615384615
0 0.5516826923076923 0.5300480769230769 0.08173076923076923 0.15384615384615385
0 0.6322115384615384 0.5745192307692307 0.07692307692307693 0.16105769230769232
0 0.7067307692307693 0.6634615384615384 0.20673076923076922 0.11298076923076923
0 0.6899038461538461 0.6995192307692307 0.11298076923076923 0.2692307692307692
0 0.7319711538461539 0.5745192307692307 0.06971153846153846 0.10096153846153846
0 0.71875 0.5240384615384616 0.0625 0.08173076923076923
0 0.8004807692307693 0.49158653846153844 0.0673076923076923 0.11298076923076923
0 0.796875 0.5805288461538461 0.06009615384615385 0.0889423076923077
0 0.5865384615384616 0.75 0.10576923076923077 0.15384615384615385
0 0.5096153846153846 0.7704326923076923 0.052884615384615384 0.10096153846153846
0 0.5336538461538461 0.6514423076923077 0.1466346153846154 0.13701923076923078
0 0.44711538461538464 0.7355769230769231 0.0673076923076923 0.14903846153846154
0 0.8305288461538461 0.6670673076923077 0.22115384615384615 0.3581730769230769
0 0.9170673076923077 0.5709134615384616 0.11298076923076923 0.21394230769230768
0 0.9302884615384616 0.41947115384615385 0.1346153846153846 0.28125
0 0.7944711538461539 0.36899038461538464 0.20192307692307693 0.31009615384615385
0 0.5132211538461539 0.4254807692307692 0.3870192307692308 0.24519230769230768
0 0.46875 0.2704326923076923 0.11778846153846154 0.11298076923076923
0 0.5997596153846154 0.2920673076923077 0.1346153846153846 0.08173076923076923
0 0.7163461538461539 0.2860576923076923 0.1201923076923077 0.1201923076923077