0 0.11177884615384616 0.28365384615384615 0.21634615384615385 0.3605769230769231
0 0.296875 0.35096153846153844 0.12980769230769232 0.09134615384615384
0 0.23557692307692307 0.25 0.09134615384615384 0.12980769230769232
0 0.33413461538461536 0.2608173076923077 0.10576923076923077 0.09615384615384616
0 0.34975961538461536 0.15985576923076922 0.1658653846153846 0.1346153846153846
0 0.24278846153846154 0.14423076923076922 0.06971153846153846 0.09134615384615384
0 0.6298076923076923 0.20673076923076922 0.18509615384615385 0.21634615384615385
0 0.49038461538461536 0.21875 0.16346153846153846 0.23076923076923078
0 0.49399038461538464 0.3401442307692308 0.0625 0.08173076923076923
0 0.43028846153846156 0.3293269230769231 0.0673076923076923 0.10336538461538461
0 0.38822115384615385 0.4026442307692308 0.05048076923076923 0.08173076923076923
0 0.42908653846153844 0.4639423076923077 0.0625 0.09134615384615384
0 0.37259615384615385 0.453125 0.0673076923076923 0.08173076923076923
0 0.29927884615384615 0.4230769230769231 0.07211538461538461 0.0625
0 0.4879807692307692 0.4170673076923077 0.057692307692307696 0.09134615384615384
0 0.5408653846153846 0.38100961538461536 0.04807692307692308 0.08173076923076923
0 0.5408653846153846 0.4387019230769231 0.0625 0.0625
0 0.4230769230769231 0.53125 0.057692307692307696 0.07211538461538461
0 0.36538461538461536 0.5288461538461539 0.057692307692307696 0.08653846153846154
0 0.30649038461538464 0.5204326923076923 0.05048076923076923 0.09134615384615384
0 0.37259615384615385 0.5745192307692307 0.057692307692307696 0.036057692307692304
0 0.3401442307692308 0.5925480769230769 0.052884615384615384 0.0625
0 0.4579326923076923 0.5877403846153846 0.0673076923076923 0.07211538461538461
0 0.4206730769230769 0.6646634615384616 0.052884615384615384 0.07211538461538461
0 0.4110576923076923 0.5973557692307693 0.03365384615384615 0.0625
0 0.38221153846153844 0.6346153846153846 0.04807692307692308 0.08173076923076923
0 0.47716346153846156 0.6550480769230769 0.057692307692307696 0.052884615384615384
0 0.296875 0.7139423076923077 0.16346153846153846 0.24278846153846154
0 0.19831730769230768 0.7524038461538461 0.057692307692307696 0.14423076923076922
0 0.1622596153846154 0.6850961538461539 0.1778846153846154 0.18509615384615385
0 0.08052884615384616 0.6550480769230769 0.125 0.1346153846153846
0 0.6370192307692307 0.3557692307692308 0.11538461538461539 0.09134615384615384
0 0.7896634615384616 0.4567307692307692 0.14903846153846154 0.18028846153846154
0 0.8990384615384616 0.38461538461538464 0.15384615384615385 0.15865384615384615
0 0.9338942307692307 0.2247596153846154 0.125 0.23076923076923078
0 0.8221153846153846 0.1622596153846154 0.2932692307692308 0.18028846153846154
0 0.7512019230769231 0.2932692307692308 0.14423076923076922 0.16346153846153846
0 0.8497596153846154 0.28365384615384615 0.08653846153846154 0.10336538461538461
0 0.9098557692307693 0.515625 0.17548076923076922 0.37259615384615385
0 0.703125 0.7007211538461539 0.2932692307692308 0.4855769230769231
0 0.4230769230769231 0.734375 0.10576923076923077 0.13942307692307693