0 0.7932692307692307 0.4362980769230769 0.23557692307692307 0.14903846153846154
0 0.7487980769230769 0.3161057692307692 0.19471153846153846 0.10336538461538461
0 0.6237980769230769 0.25600961538461536 0.21875 0.10336538461538461
0 0.40865384615384615 0.21033653846153846 0.49759615384615385 0.1346153846153846
0 0.5180288461538461 0.13341346153846154 0.07692307692307693 0.026442307692307692
0 0.15985576923076922 0.20072115384615385 0.12980769230769232 0.06009615384615385
0 0.27163461538461536 0.1622596153846154 0.08173076923076923 0.057692307692307696
0 0.28966346153846156 0.40024038461538464 0.34375 0.12980769230769232
0 0.4050480769230769 0.30408653846153844 0.0889423076923077 0.08173076923076923
0 0.3870192307692308 0.4387019230769231 0.17307692307692307 0.06009615384615385
0 0.47596153846153844 0.3125 0.11298076923076923 0.10336538461538461
0 0.5769230769230769 0.4050480769230769 0.23076923076923078 0.28125
0 0.7992788461538461 0.5697115384615384 0.1658653846153846 0.11057692307692307
0 0.9314903846153846 0.6490384615384616 0.125 0.2956730769230769
0 0.9146634615384616 0.6286057692307693 0.15865384615384615 0.0673076923076923
0 0.5913461538461539 0.6105769230769231 0.1658653846153846 0.0625
0 0.5853365384615384 0.5552884615384616 0.22596153846153846 0.10576923076923077
0 0.31971153846153844 0.59375 0.1658653846153846 0.10336538461538461
0 0.28966346153846156 0.48677884615384615 0.18990384615384615 0.08413461538461539
0 0.13581730769230768 0.5228365384615384 0.25 0.125
0 0.078125 0.6274038461538461 0.15144230769230768 0.15384615384615385
0 0.04567307692307692 0.5817307692307693 0.08653846153846154 0.1778846153846154
0 0.04326923076923077 0.46274038461538464 0.08173076923076923 0.07932692307692307
0 0.2283653846153846 0.6850961538461539 0.27884615384615385 0.10576923076923077
0 0.328125 0.6454326923076923 0.37259615384615385 0.1201923076923077
0 0.5 0.71875 0.1346153846153846 0.19230769230769232
0 0.5769230769230769 0.6875 0.17307692307692307 0.08413461538461539
0 0.6682692307692307 0.734375 0.1778846153846154 0.09615384615384616
0 0.7836538461538461 0.7403846153846154 0.1346153846153846 0.08413461538461539
0 0.7716346153846154 0.6550480769230769 0.19471153846153846 0.10096153846153846
0 0.2956730769230769 0.8762019230769231 0.5793269230769231 0.16105769230769232
0 0.0625 0.8930288461538461 0.125 0.09375
0 0.06009615384615385 0.7920673076923077 0.11538461538461539 0.10817307692307693
0 0.23677884615384615 0.7980769230769231 0.31971153846153844 0.16346153846153846
0 0.6838942307692307 0.78125 0.18269230769230768 0.08413461538461539
4 0.1875 0.33052884615384615 0.3701923076923077 0.20432692307692307