0 0.8125 0.1346153846153846 0.14903846153846154 0.21153846153846154
0 0.71875 0.05889423076923077 0.14182692307692307 0.11057692307692307
0 0.6225961538461539 0.05048076923076923 0.09615384615384616 0.09615384615384616
0 0.47716346153846156 0.06971153846153846 0.27403846153846156 0.1346153846153846
0 0.37259615384615385 0.07572115384615384 0.30288461538461536 0.14423076923076922
0 0.5456730769230769 0.20673076923076922 0.25 0.22355769230769232
0 0.5793269230769231 0.18509615384615385 0.125 0.09134615384615384
0 0.7271634615384616 0.23918269230769232 0.18269230769230768 0.12259615384615384
0 0.6814903846153846 0.21033653846153846 0.09134615384615384 0.057692307692307696
0 0.8125 0.2920673076923077 0.15865384615384615 0.10096153846153846
0 0.9375 0.19591346153846154 0.11538461538461539 0.1466346153846154
0 0.9170673076923077 0.12259615384615384 0.15384615384615385 0.11057692307692307
0 0.9399038461538461 0.28125 0.10817307692307693 0.10096153846153846
0 0.78125 0.3798076923076923 0.14182692307692307 0.08173076923076923
0 0.9038461538461539 0.37259615384615385 0.18269230769230768 0.08653846153846154
0 0.9603365384615384 0.41225961538461536 0.0673076923076923 0.057692307692307696
0 0.8353365384615384 0.4387019230769231 0.19230769230769232 0.0673076923076923
0 0.9230769230769231 0.48197115384615385 0.14182692307692307 0.07692307692307693
0 0.84375 0.5072115384615384 0.1875 0.06971153846153846
0 0.9086538461538461 0.5625 0.17067307692307693 0.08413461538461539
0 0.8413461538461539 0.5889423076923077 0.1346153846153846 0.08173076923076923
0 0.75 0.5144230769230769 0.19230769230769232 0.10576923076923077
0 0.7163461538461539 0.4050480769230769 0.10096153846153846 0.08413461538461539
0 0.6706730769230769 0.3858173076923077 0.21634615384615385 0.1346153846153846
0 0.4831730769230769 0.34975961538461536 0.1346153846153846 0.0625
0 0.43990384615384615 0.4375 0.15384615384615385 0.10576923076923077
0 0.5600961538461539 0.42427884615384615 0.1201923076923077 0.08653846153846154
0 0.59375 0.4987980769230769 0.14182692307692307 0.11538461538461539
0 0.4855769230769231 0.515625 0.12980769230769232 0.08653846153846154
0 0.40865384615384615 0.5576923076923077 0.1346153846153846 0.08653846153846154
0 0.44591346153846156 0.6394230769230769 0.1201923076923077 0.07692307692307693
0 0.53125 0.5841346153846154 0.12980769230769232 0.07692307692307693
0 0.6706730769230769 0.5949519230769231 0.14903846153846154 0.09134615384615384
0 0.7704326923076923 0.6586538461538461 0.16346153846153846 0.10817307692307693
0 0.8858173076923077 0.6935096153846154 0.17067307692307693 0.10817307692307693
0 0.7043269230769231 0.7355769230769231 0.15865384615384615 0.08653846153846154
0 0.59375 0.7463942307692307 0.10817307692307693 0.08173076923076923
0 0.59375 0.6610576923076923 0.16346153846153846 0.09615384615384616
0 0.5108173076923077 0.78125 0.14903846153846154 0.10817307692307693
0 0.41225961538461536 0.6887019230769231 0.21153846153846154 0.08413461538461539
0 0.33774038461538464 0.18389423076923078 0.1778846153846154 0.07211538461538461
0 0.35216346153846156 0.23798076923076922 0.10096153846153846 0.06971153846153846
0 0.36658653846153844 0.0733173076923077 0.30288461538461536 0.13942307692307693
0 0.0829326923076923 0.22956730769230768 0.16346153846153846 0.10096153846153846
0 0.2247596153846154 0.21634615384615385 0.28846153846153844 0.16826923076923078
0 0.28966346153846156 0.32572115384615385 0.15865384615384615 0.1466346153846154
0 0.21634615384615385 0.16105769230769232 0.0673076923076923 0.08413461538461539
0 0.3125 0.36899038461538464 0.14903846153846154 0.09615384615384616
0 0.40865384615384615 0.30408653846153844 0.11538461538461539 0.10576923076923077
0 0.24759615384615385 0.46274038461538464 0.0625 0.0673076923076923
0 0.28966346153846156 0.43149038461538464 0.04567307692307692 0.03125
0 0.3125 0.4723557692307692 0.07932692307692307 0.06971153846153846
0 0.3641826923076923 0.41947115384615385 0.07932692307692307 0.06971153846153846
0 0.46033653846153844 0.3545673076923077 0.15865384615384615 0.0673076923076923
0 0.28966346153846156 0.5420673076923077 0.09134615384615384 0.07692307692307693
0 0.19591346153846154 0.4579326923076923 0.33653846153846156 0.4326923076923077
0 0.36899038461538464 0.7271634615384616 0.35096153846153844 0.12740384615384615
0 0.37740384615384615 0.8257211538461539 0.16346153846153846 0.08413461538461539
0 0.2283653846153846 0.9026442307692307 0.4567307692307692 0.18990384615384615
0 0.15985576923076922 0.6778846153846154 0.31971153846153844 0.3173076923076923
0 0.5733173076923077 0.8774038461538461 0.21634615384615385 0.20192307692307693
0 0.6502403846153846 0.9290865384615384 0.0985576923076923 0.13701923076923078
0 0.7704326923076923 0.828125 0.15384615384615385 0.20432692307692307
0 0.7608173076923077 0.9795673076923077 0.12740384615384615 0.036057692307692304
0 0.8725961538461539 0.8701923076923077 0.14182692307692307 0.24519230769230768
0 0.9579326923076923 0.828125 0.07211538461538461 0.10576923076923077
0 0.9435096153846154 0.6923076923076923 0.10096153846153846 0.18028846153846154
0 0.9399038461538461 0.9699519230769231 0.09615384615384616 0.055288461538461536
0 0.9399038461538461 0.18509615384615385 0.10817307692307693 0.1346153846153846