0 0.9387019230769231 0.2512019230769231 0.11538461538461539 0.22115384615384615
0 0.9831730769230769 0.38461538461538464 0.02403846153846154 0.11057692307692307
0 0.8521634615384616 0.14543269230769232 0.17307692307692307 0.14423076923076922
0 0.890625 0.07572115384615384 0.21394230769230768 0.15144230769230768
0 0.5925480769230769 0.1814903846153846 0.04807692307692308 0.052884615384615384
0 0.6334134615384616 0.14302884615384615 0.0673076923076923 0.04326923076923077
0 0.6466346153846154 0.18629807692307693 0.04807692307692308 0.0625
0 0.6850961538461539 0.18870192307692307 0.0625 0.08653846153846154
0 0.6682692307692307 0.2439903846153846 0.052884615384615384 0.052884615384615384
0 0.6129807692307693 0.24158653846153846 0.057692307692307696 0.057692307692307696
0 0.6394230769230769 0.20072115384615385 0.1346153846153846 0.14903846153846154
0 0.7103365384615384 0.3942307692307692 0.08653846153846154 0.09134615384615384
0 0.8209134615384616 0.5865384615384616 0.09615384615384616 0.11057692307692307
0 0.7548076923076923 0.6887019230769231 0.0625 0.0625
0 0.8185096153846154 0.6790865384615384 0.0985576923076923 0.052884615384615384
0 0.8521634615384616 0.7079326923076923 0.125 0.08173076923076923
0 0.8413461538461539 0.7728365384615384 0.0625 0.04807692307692308
0 0.8870192307692307 0.7536057692307693 0.07692307692307693 0.07692307692307693
0 0.8125 0.7223557692307693 0.23557692307692307 0.24519230769230768
0 0.8641826923076923 0.8185096153846154 0.057692307692307696 0.04326923076923077
0 0.8353365384615384 0.8401442307692307 0.040865384615384616 0.038461538461538464
0 0.7884615384615384 0.796875 0.038461538461538464 0.019230769230769232
0 0.7980769230769231 0.8209134615384616 0.040865384615384616 0.028846153846153848
0 0.7572115384615384 0.7824519230769231 0.057692307692307696 0.057692307692307696
0 0.5985576923076923 0.7848557692307693 0.07692307692307693 0.09134615384615384
0 0.4483173076923077 0.6358173076923077 0.040865384615384616 0.1201923076923077
0 0.49759615384615385 0.6574519230769231 0.09134615384615384 0.10576923076923077
0 0.49759615384615385 0.5985576923076923 0.040865384615384616 0.0673076923076923
0 0.4795673076923077 0.6153846153846154 0.16105769230769232 0.15865384615384615
0 0.4963942307692308 0.3425480769230769 0.04567307692307692 0.057692307692307696
0 0.5144230769230769 0.3449519230769231 0.02403846153846154 0.07211538461538461
0 0.5228365384615384 0.3713942307692308 0.03365384615384615 0.04807692307692308
0 0.5 0.39903846153846156 0.028846153846153848 0.0625
0 0.45913461538461536 0.42788461538461536 0.052884615384615384 0.052884615384615384
0 0.4543269230769231 0.3798076923076923 0.04567307692307692 0.052884615384615384
0 0.44591346153846156 0.33533653846153844 0.04567307692307692 0.052884615384615384
0 0.41346153846153844 0.3161057692307692 0.028846153846153848 0.04326923076923077
0 0.4074519230769231 0.36899038461538464 0.03365384615384615 0.0625
0 0.4338942307692308 0.43028846153846156 0.038461538461538464 0.04807692307692308
0 0.4651442307692308 0.37740384615384615 0.14903846153846154 0.15384615384615385
0 0.5372596153846154 0.14783653846153846 0.052884615384615384 0.13942307692307693
0 0.46274038461538464 0.07451923076923077 0.1346153846153846 0.10096153846153846
0 0.34975961538461536 0.078125 0.08413461538461539 0.15625
0 0.4254807692307692 0.15504807692307693 0.1201923076923077 0.1346153846153846
0 0.3004807692307692 0.10576923076923077 0.10576923076923077 0.14423076923076922
0 0.2920673076923077 0.17668269230769232 0.0985576923076923 0.1201923076923077
0 0.34375 0.20793269230769232 0.09615384615384616 0.057692307692307696
0 0.34375 0.8617788461538461 0.4230769230769231 0.2644230769230769
0 0.4891826923076923 0.9399038461538461 0.15625 0.11057692307692307
0 0.34134615384615385 0.9326923076923077 0.09134615384615384 0.125
0 0.27163461538461536 0.9326923076923077 0.0673076923076923 0.10576923076923077
0 0.37259615384615385 0.9423076923076923 0.09615384615384616 0.08653846153846154
0 0.41947115384615385 0.8449519230769231 0.0985576923076923 0.08653846153846154
0 0.3112980769230769 0.8161057692307693 0.08653846153846154 0.0673076923076923
0 0.24519230769230768 0.8569711538461539 0.08653846153846154 0.09134615384615384
0 0.18870192307692307 0.9206730769230769 0.07451923076923077 0.08173076923076923
0 0.22596153846153846 0.9543269230769231 0.10576923076923077 0.08173076923076923
0 0.36177884615384615 0.8353365384615384 0.07451923076923077 0.07692307692307693
0 0.4855769230769231 0.8641826923076923 0.09134615384615384 0.08653846153846154
0 0.5120192307692307 0.9543269230769231 0.06971153846153846 0.08173076923076923
0 0.44471153846153844 0.9663461538461539 0.040865384615384616 0.057692307692307696
0 0.34615384615384615 0.7680288461538461 0.07451923076923077 0.0673076923076923
0 0.41947115384615385 0.7944711538461539 0.07451923076923077 0.0625
0 0.2692307692307692 0.7704326923076923 0.07692307692307693 0.0625
0 0.23677884615384615 0.8233173076923077 0.08653846153846154 0.07211538461538461
0 0.1814903846153846 0.8329326923076923 0.0673076923076923 0.0625
0 0.17067307692307693 0.8870192307692307 0.08653846153846154 0.08173076923076923
0 0.10096153846153846 0.3545673076923077 0.20192307692307693 0.2932692307692308
0 0.23918269230769232 0.3641826923076923 0.13942307692307693 0.12980769230769232
0 0.2800480769230769 0.4326923076923077 0.08173076923076923 0.12980769230769232
0 0.2776442307692308 0.5408653846153846 0.052884615384615384 0.18269230769230768
0 0.21394230769230768 0.49038461538461536 0.0985576923076923 0.16826923076923078
0 0.22596153846153846 0.5913461538461539 0.08173076923076923 0.14903846153846154
0 0.17307692307692307 0.6382211538461539 0.07451923076923077 0.17307692307692307
0 0.12740384615384615 0.6177884615384616 0.10576923076923077 0.19230769230769232
0 0.08173076923076923 0.6225961538461539 0.07451923076923077 0.17307692307692307
0 0.09254807692307693 0.5528846153846154 0.18509615384615385 0.2644230769230769
3 0.546875 0.34975961538461536 0.21394230769230768 0.1778846153846154
3 0.36778846153846156 0.24879807692307693 0.11057692307692307 0.1201923076923077