0 0.34375 0.29086538461538464 0.6778846153846154 0.11057692307692307
0 0.3557692307692308 0.44350961538461536 0.6995192307692307 0.24759615384615385
0 0.43149038461538464 0.5240384615384616 0.5240384615384616 0.2620192307692308
0 0.5084134615384616 0.5805288461538461 0.44711538461538464 0.30288461538461536
0 0.6586538461538461 0.5504807692307693 0.3317307692307692 0.16346153846153846
0 0.8713942307692307 0.43149038461538464 0.21153846153846154 0.11298076923076923
0 0.859375 0.33653846153846156 0.2764423076923077 0.23076923076923078
0 0.7163461538461539 0.33774038461538464 0.0985576923076923 0.125
0 0.9050480769230769 0.22235576923076922 0.18509615384615385 0.18990384615384615
0 0.18629807692307693 0.7151442307692307 0.3605769230769231 0.375
0 0.4050480769230769 0.9206730769230769 0.25240384615384615 0.15384615384615385
0 0.47596153846153844 0.7728365384615384 0.3076923076923077 0.14182692307692307
0 0.5408653846153846 0.6694711538461539 0.25 0.08173076923076923
0 0.6634615384615384 0.6141826923076923 0.04807692307692308 0.05048076923076923
0 0.6730769230769231 0.9362980769230769 0.21153846153846154 0.12259615384615384
0 0.7163461538461539 0.8004807692307693 0.15384615384615385 0.15384615384615385
0 0.734375 0.6983173076923077 0.13701923076923078 0.08653846153846154
0 0.7836538461538461 0.6021634615384616 0.06009615384615385 0.11298076923076923
0 0.7235576923076923 0.6105769230769231 0.08173076923076923 0.09615384615384616