0 0.11538461538461539 0.5997596153846154 0.08653846153846154 0.04326923076923077
0 0.18629807692307693 0.6286057692307693 0.0673076923076923 0.04326923076923077
0 0.16466346153846154 0.5360576923076923 0.11057692307692307 0.0673076923076923
0 0.24158653846153846 0.5036057692307693 0.08653846153846154 0.0625
0 0.3485576923076923 0.5108173076923077 0.07211538461538461 0.052884615384615384
0 0.3401442307692308 0.4423076923076923 0.11057692307692307 0.0625
0 0.3762019230769231 0.6442307692307693 0.11538461538461539 0.0673076923076923
0 0.4639423076923077 0.6658653846153846 0.08173076923076923 0.0625
0 0.4723557692307692 0.5853365384615384 0.0985576923076923 0.05048076923076923
0 0.5408653846153846 0.6298076923076923 0.08173076923076923 0.0673076923076923
0 0.6706730769230769 0.5817307692307693 0.1201923076923077 0.05048076923076923
0 0.49158653846153844 0.4891826923076923 0.09375 0.052884615384615384
0 0.5024038461538461 0.42908653846153844 0.08173076923076923 0.057692307692307696
0 0.5552884615384616 0.4579326923076923 0.07692307692307693 0.057692307692307696
0 0.8076923076923077 0.42788461538461536 0.08653846153846154 0.0673076923076923
0 0.9435096153846154 0.5973557692307693 0.10817307692307693 0.06490384615384616
0 0.9567307692307693 0.5120192307692307 0.08173076923076923 0.08173076923076923
0 0.8846153846153846 0.5600961538461539 0.11057692307692307 0.06490384615384616
0 0.8016826923076923 0.5997596153846154 0.1201923076923077 0.05048076923076923
0 0.7560096153846154 0.6935096153846154 0.11538461538461539 0.09375
0 0.6983173076923077 0.6947115384615384 0.1201923076923077 0.09134615384615384
0 0.7560096153846154 0.7475961538461539 0.10576923076923077 0.04326923076923077
0 0.6646634615384616 0.6334134615384616 0.11057692307692307 0.052884615384615384
0 0.5709134615384616 0.7007211538461539 0.08653846153846154 0.028846153846153848
0 0.5769230769230769 0.6538461538461539 0.0985576923076923 0.07211538461538461
0 0.4098557692307692 0.71875 0.10576923076923077 0.04326923076923077
0 0.36778846153846156 0.6766826923076923 0.0985576923076923 0.052884615384615384
0 0.23076923076923078 0.6766826923076923 0.1201923076923077 0.08173076923076923
0 0.16466346153846154 0.6430288461538461 0.0985576923076923 0.057692307692307696
0 0.109375 0.6622596153846154 0.0985576923076923 0.07451923076923077
0 0.2608173076923077 0.6105769230769231 0.11538461538461539 0.057692307692307696
0 0.3629807692307692 0.5757211538461539 0.07692307692307693 0.04807692307692308
0 0.33533653846153844 0.5889423076923077 0.15384615384615385 0.08653846153846154
0 0.25841346153846156 0.46153846153846156 0.0985576923076923 0.06490384615384616
0 0.21995192307692307 0.3954326923076923 0.14423076923076922 0.08173076923076923
0 0.14783653846153846 0.45072115384615385 0.1201923076923077 0.07932692307692307
0 0.06009615384615385 0.5096153846153846 0.11057692307692307 0.07932692307692307
0 0.013221153846153846 0.5456730769230769 0.016826923076923076 0.028846153846153848
0 0.0829326923076923 0.42427884615384615 0.1201923076923077 0.09134615384615384
0 0.030048076923076924 0.44711538461538464 0.04807692307692308 0.07211538461538461
0 0.33533653846153844 0.3918269230769231 0.11057692307692307 0.04807692307692308
0 0.4170673076923077 0.43149038461538464 0.07692307692307693 0.0673076923076923
0 0.49759615384615385 0.3737980769230769 0.125 0.09134615384615384
0 0.45072115384615385 0.35697115384615385 0.11057692307692307 0.07932692307692307
0 0.6021634615384616 0.4891826923076923 0.10576923076923077 0.0673076923076923
0 0.6646634615384616 0.5132211538461539 0.07692307692307693 0.036057692307692304
0 0.7692307692307693 0.5348557692307693 0.14423076923076922 0.08653846153846154
0 0.7908653846153846 0.47475961538461536 0.055288461538461536 0.038461538461538464
0 0.703125 0.47596153846153844 0.1201923076923077 0.057692307692307696
0 0.65625 0.44591346153846156 0.11538461538461539 0.0625
0 0.6346153846153846 0.4074519230769231 0.11538461538461539 0.08653846153846154
0 0.5793269230769231 0.375 0.04807692307692308 0.07211538461538461