0 0.09615384615384616 0.09735576923076923 0.18509615384615385 0.18509615384615385
0 0.018028846153846152 0.12259615384615384 0.028846153846153848 0.1466346153846154
0 0.06370192307692307 0.36658653846153844 0.1201923076923077 0.35336538461538464
0 0.025240384615384616 0.6189903846153846 0.04326923076923077 0.16346153846153846
0 0.05048076923076923 0.8064903846153846 0.09615384615384616 0.23317307692307693
0 0.11778846153846154 0.6935096153846154 0.17067307692307693 0.2668269230769231
0 0.06009615384615385 0.5649038461538461 0.040865384615384616 0.11778846153846154
0 0.2091346153846154 0.5540865384615384 0.2644230769230769 0.3701923076923077
0 0.18870192307692307 0.26322115384615385 0.17548076923076922 0.24519230769230768
0 0.25961538461538464 0.07932692307692307 0.17067307692307693 0.1466346153846154
0 0.3161057692307692 0.17427884615384615 0.05048076923076923 0.08653846153846154
0 0.26322115384615385 0.1935096153846154 0.0673076923076923 0.09134615384615384
0 0.3713942307692308 0.36177884615384615 0.18990384615384615 0.2980769230769231
0 0.49278846153846156 0.5084134615384616 0.22115384615384615 0.375
0 0.4387019230769231 0.14423076923076922 0.23076923076923078 0.27884615384615385
0 0.6670673076923077 0.17908653846153846 0.23798076923076922 0.3485576923076923
0 0.6622596153846154 0.054086538461538464 0.24759615384615385 0.0985576923076923
0 0.8978365384615384 0.04567307692307692 0.20192307692307693 0.08173076923076923
0 0.890625 0.21634615384615385 0.21394230769230768 0.41346153846153844
0 0.7632211538461539 0.31850961538461536 0.11538461538461539 0.16826923076923078
0 0.5576923076923077 0.32091346153846156 0.17067307692307693 0.1971153846153846
0 0.7019230769230769 0.5060096153846154 0.21153846153846154 0.31490384615384615
0 0.921875 0.5721153846153846 0.15144230769230768 0.3076923076923077
0 0.8257211538461539 0.5192307692307693 0.13942307692307693 0.27884615384615385
0 0.8305288461538461 0.8100961538461539 0.19230769230769232 0.2932692307692308
0 0.6586538461538461 0.8209134615384616 0.1971153846153846 0.3269230769230769
0 0.6201923076923077 0.6081730769230769 0.07692307692307693 0.09615384615384616
0 0.5288461538461539 0.7331730769230769 0.1201923076923077 0.18509615384615385
0 0.3581730769230769 0.7908653846153846 0.27403846153846156 0.34134615384615385
0 0.25240384615384615 0.7692307692307693 0.0673076923076923 0.125
0 0.21514423076923078 0.7884615384615384 0.08653846153846154 0.10817307692307693
0 0.13942307692307693 0.9146634615384616 0.1875 0.1658653846153846
0 0.016826923076923076 0.9579326923076923 0.028846153846153848 0.07932692307692307
0 0.3088942307692308 0.9411057692307693 0.17548076923076922 0.11298076923076923
0 0.5012019230769231 0.9146634615384616 0.22355769230769232 0.1658653846153846
0 0.6899038461538461 0.9663461538461539 0.17307692307692307 0.0625
0 0.8016826923076923 0.9663461538461539 0.08413461538461539 0.0625
0 0.9182692307692307 0.9146634615384616 0.15865384615384615 0.1658653846153846
0 0.9603365384615384 0.7884615384615384 0.07451923076923077 0.14423076923076922