0 0.3629807692307692 0.5072115384615384 0.31490384615384615 0.24278846153846154
0 0.5564903846153846 0.36899038461538464 0.14423076923076922 0.1201923076923077
0 0.8617788461538461 0.9350961538461539 0.27163461538461536 0.125
0 0.9435096153846154 0.8557692307692307 0.10336538461538461 0.0673076923076923
0 0.8040865384615384 0.8028846153846154 0.23557692307692307 0.1466346153846154
0 0.7367788461538461 0.7824519230769231 0.28846153846153844 0.10576923076923077
0 0.7548076923076923 0.6658653846153846 0.21153846153846154 0.14903846153846154
0 0.8762019230769231 0.6081730769230769 0.23557692307692307 0.2283653846153846
0 0.8689903846153846 0.5192307692307693 0.22115384615384615 0.10576923076923077
0 0.9567307692307693 0.7800480769230769 0.07692307692307693 0.125
0 0.8990384615384616 0.44591346153846156 0.1201923076923077 0.05048076923076923
0 0.8016826923076923 0.34975961538461536 0.3870192307692308 0.33653846153846156
0 0.9050480769230769 0.1658653846153846 0.12980769230769232 0.07692307692307693
0 0.6911057692307693 0.19110576923076922 0.2692307692307692 0.17307692307692307
0 0.7992788461538461 0.07091346153846154 0.27884615384615385 0.1346153846153846
0 0.953125 0.07692307692307693 0.08173076923076923 0.1466346153846154
0 0.6730769230769231 0.3317307692307692 0.18028846153846154 0.11538461538461539
0 0.48677884615384615 0.26802884615384615 0.17067307692307693 0.1346153846153846
0 0.3269230769230769 0.2800480769230769 0.25240384615384615 0.1875
0 0.23677884615384615 0.21754807692307693 0.28846153846153844 0.17307692307692307
0 0.3605769230769231 0.0985576923076923 0.6490384615384616 0.1875
0 0.18870192307692307 0.04807692307692308 0.13942307692307693 0.0889423076923077
0 0.36899038461538464 0.026442307692307692 0.21153846153846154 0.04807692307692308
0 0.0673076923076923 0.1466346153846154 0.1346153846153846 0.15384615384615385
0 0.0673076923076923 0.27163461538461536 0.1346153846153846 0.12740384615384615
0 0.0985576923076923 0.3605769230769231 0.1971153846153846 0.12980769230769232
0 0.16706730769230768 0.4519230769230769 0.15865384615384615 0.10096153846153846
0 0.26802884615384615 0.3942307692307692 0.07211538461538461 0.0625
0 0.4891826923076923 0.4338942307692308 0.10336538461538461 0.07211538461538461
0 0.6526442307692307 0.47836538461538464 0.30288461538461536 0.13942307692307693
0 0.5949519230769231 0.5288461538461539 0.10817307692307693 0.08653846153846154
0 0.6466346153846154 0.5805288461538461 0.0673076923076923 0.07211538461538461
0 0.5180288461538461 0.6442307692307693 0.2932692307692308 0.16826923076923078
0 0.5745192307692307 0.8125 0.22115384615384615 0.1971153846153846
0 0.6778846153846154 0.9098557692307693 0.07692307692307693 0.07451923076923077
0 0.6598557692307693 0.8653846153846154 0.07211538461538461 0.038461538461538464
0 0.6382211538461539 0.9699519230769231 0.19471153846153846 0.055288461538461536
0 0.6310096153846154 0.9338942307692307 0.09615384615384616 0.10096153846153846
0 0.5721153846153846 0.9483173076923077 0.03125 0.0673076923076923
0 0.5432692307692307 0.953125 0.08653846153846154 0.09134615384615384
0 0.3786057692307692 0.859375 0.2668269230769231 0.2764423076923077
0 0.19951923076923078 0.9447115384615384 0.17307692307692307 0.10576923076923077
0 0.23197115384615385 0.8353365384615384 0.10336538461538461 0.14423076923076922
0 0.24278846153846154 0.7295673076923077 0.22596153846153846 0.125
0 0.29086538461538464 0.6346153846153846 0.24278846153846154 0.10576923076923077
0 0.07211538461538461 0.5985576923076923 0.14423076923076922 0.16346153846153846
0 0.13942307692307693 0.5612980769230769 0.15384615384615385 0.09615384615384616
0 0.054086538461538464 0.7896634615384616 0.10817307692307693 0.20432692307692307
0 0.09254807692307693 0.9014423076923077 0.18509615384615385 0.19230769230769232
0 0.17548076923076922 0.7836538461538461 0.1971153846153846 0.09375
0 0.046875 0.47115384615384615 0.09134615384615384 0.09134615384615384
0 0.5 0.5 1 0.9951923076923077