0 0.5348557692307693 0.9026442307692307 0.24278846153846154 0.18509615384615385
0 0.3786057692307692 0.7932692307692307 0.13942307692307693 0.2692307692307692
0 0.25240384615384615 0.8269230769230769 0.15865384615384615 0.20192307692307693
0 0.31490384615384615 0.6622596153846154 0.1201923076923077 0.18028846153846154
0 0.18870192307692307 0.6526442307692307 0.125 0.18028846153846154
0 0.29927884615384615 0.453125 0.17307692307692307 0.23557692307692307
0 0.4266826923076923 0.5697115384615384 0.1346153846153846 0.17067307692307693
0 0.5408653846153846 0.7271634615384616 0.20192307692307693 0.20673076923076922
0 0.7427884615384616 0.8533653846153846 0.1971153846153846 0.28365384615384615
0 0.7740384615384616 0.7091346153846154 0.0673076923076923 0.09615384615384616
0 0.703125 0.6935096153846154 0.04807692307692308 0.04807692307692308
0 0.6370192307692307 0.6778846153846154 0.08653846153846154 0.13942307692307693
0 0.546875 0.5769230769230769 0.1658653846153846 0.25721153846153844
0 0.7199519230769231 0.6213942307692307 0.17307692307692307 0.10817307692307693
0 0.7139423076923077 0.4411057692307692 0.23076923076923078 0.28365384615384615
0 0.8221153846153846 0.3581730769230769 0.125 0.18028846153846154
0 0.7824519230769231 0.14903846153846154 0.23557692307692307 0.2692307692307692
0 0.7127403846153846 0.27524038461538464 0.09615384615384616 0.0673076923076923
0 0.6153846153846154 0.2860576923076923 0.09615384615384616 0.14903846153846154
0 0.5757211538461539 0.11899038461538461 0.24759615384615385 0.23557692307692307
0 0.4483173076923077 0.234375 0.2692307692307692 0.33653846153846156
0 0.5540865384615384 0.3629807692307692 0.10576923076923077 0.15865384615384615
0 0.453125 0.43509615384615385 0.10576923076923077 0.09615384615384616
0 0.4170673076923077 0.45913461538461536 0.08653846153846154 0.07211538461538461
0 0.1814903846153846 0.39663461538461536 0.11538461538461539 0.15384615384615385
0 0.20072115384615385 0.5180288461538461 0.10096153846153846 0.09615384615384616
0 0.17908653846153846 0.1658653846153846 0.2860576923076923 0.3269230769230769
0 0.3016826923076923 0.13701923076923078 0.10096153846153846 0.14903846153846154
0 0.36538461538461536 0.10336538461538461 0.05048076923076923 0.0625