0 0.7427884615384616 0.6189903846153846 0.15384615384615385 0.09375
0 0.6262019230769231 0.6826923076923077 0.16826923076923078 0.1201923076923077
0 0.4807692307692308 0.6682692307692307 0.12980769230769232 0.08173076923076923
0 0.39903846153846156 0.7283653846153846 0.38221153846153844 0.08653846153846154
0 0.09975961538461539 0.7331730769230769 0.19471153846153846 0.07692307692307693
0 0.49759615384615385 0.8689903846153846 0.9951923076923077 0.2548076923076923
0 0.8966346153846154 0.7632211538461539 0.1971153846153846 0.23557692307692307
0 0.7680288461538461 0.546875 0.14903846153846154 0.08653846153846154
0 0.78125 0.4891826923076923 0.14182692307692307 0.07932692307692307
0 0.84375 0.5829326923076923 0.10336538461538461 0.09375
0 0.6177884615384616 0.5456730769230769 0.15384615384615385 0.11057692307692307
0 0.6802884615384616 0.5204326923076923 0.08173076923076923 0.07692307692307693
0 0.47596153846153844 0.5528846153846154 0.11057692307692307 0.0673076923076923
0 0.5240384615384616 0.6105769230769231 0.0985576923076923 0.0625
0 0.44591346153846156 0.6069711538461539 0.08173076923076923 0.04807692307692308
0 0.5576923076923077 0.45072115384615385 0.16346153846153846 0.07692307692307693
0 0.43149038461538464 0.49038461538461536 0.15384615384615385 0.09134615384615384
0 0.3004807692307692 0.5144230769230769 0.11057692307692307 0.057692307692307696
0 0.3329326923076923 0.5757211538461539 0.14182692307692307 0.057692307692307696
0 0.2536057692307692 0.6045673076923077 0.14903846153846154 0.08653846153846154
0 0.27884615384615385 0.671875 0.11057692307692307 0.0673076923076923
0 0.38221153846153844 0.6899038461538461 0.11057692307692307 0.08173076923076923
0 0.3629807692307692 0.6189903846153846 0.09134615384615384 0.05048076923076923
0 0.20432692307692307 0.5540865384615384 0.08173076923076923 0.057692307692307696
0 0.10336538461538461 0.6225961538461539 0.0985576923076923 0.08653846153846154
0 0.1502403846153846 0.6598557692307693 0.15865384615384615 0.10817307692307693
0 0.24278846153846154 0.48197115384615385 0.13701923076923078 0.07932692307692307
0 0.3389423076923077 0.4495192307692308 0.1201923076923077 0.06490384615384616
0 0.18028846153846154 0.4675480769230769 0.12980769230769232 0.09375
0 0.06129807692307692 0.5060096153846154 0.11778846153846154 0.0985576923076923
0 0.056490384615384616 0.41225961538461536 0.10817307692307693 0.09375
0 0.14783653846153846 0.40384615384615385 0.12980769230769232 0.08173076923076923
0 0.22115384615384615 0.35096153846153844 0.13701923076923078 0.10096153846153846
0 0.2764423076923077 0.40384615384615385 0.125 0.0625
0 0.40384615384615385 0.39903846153846156 0.14182692307692307 0.09375
0 0.5492788461538461 0.40384615384615385 0.13701923076923078 0.0625
0 0.6370192307692307 0.35336538461538464 0.13701923076923078 0.09134615384615384
0 0.7463942307692307 0.42427884615384615 0.14903846153846154 0.08653846153846154
0 0.9158653846153846 0.37259615384615385 0.125 0.07932692307692307
0 0.8473557692307693 0.296875 0.1875 0.11538461538461539
0 0.7788461538461539 0.25721153846153844 0.13701923076923078 0.09375
0 0.8990384615384616 0.4098557692307692 0.19230769230769232 0.09375
0 0.06490384615384616 0.07091346153846154 0.125 0.14182692307692307
0 0.015625 0.025240384615384616 0.026442307692307692 0.04567307692307692
0 0.11778846153846154 0.04567307692307692 0.09134615384615384 0.0673076923076923
0 0.1502403846153846 0.125 0.14903846153846154 0.07692307692307693
0 0.20793269230769232 0.046875 0.07692307692307693 0.07211538461538461
0 0.30288461538461536 0.07932692307692307 0.15865384615384615 0.08653846153846154
0 0.26802884615384615 0.1778846153846154 0.1201923076923077 0.08653846153846154
0 0.3798076923076923 0.13942307692307693 0.09134615384615384 0.08173076923076923
0 0.5060096153846154 0.1346153846153846 0.10336538461538461 0.07932692307692307
0 0.5877403846153846 0.171875 0.15865384615384615 0.11057692307692307
0 0.6995192307692307 0.12139423076923077 0.1875 0.08173076923076923
0 0.7680288461538461 0.17427884615384615 0.06009615384615385 0.057692307692307696
0 0.6478365384615384 0.025240384615384616 0.21153846153846154 0.05048076923076923
0 0.8137019230769231 0.025240384615384616 0.12980769230769232 0.05048076923076923
0 0.9399038461538461 0.025240384615384616 0.11057692307692307 0.05048076923076923
0 0.6141826923076923 0.25961538461538464 0.16826923076923078 0.09615384615384616
0 0.5216346153846154 0.33533653846153844 0.125 0.07692307692307693
0 0.49399038461538464 0.2932692307692308 0.125 0.07211538461538461
0 0.36899038461538464 0.29927884615384615 0.13701923076923078 0.08173076923076923
0 0.33052884615384615 0.24639423076923078 0.15865384615384615 0.10817307692307693
0 0.45913461538461536 0.2247596153846154 0.1201923076923077 0.09375
0 0.18870192307692307 0.2644230769230769 0.125 0.08653846153846154
0 0.09615384615384616 0.2848557692307692 0.13701923076923078 0.08173076923076923
0 0.03485576923076923 0.3016826923076923 0.06490384615384616 0.1466346153846154