0 0.8112980769230769 0.4230769230769231 0.37259615384615385 0.30288461538461536
0 0.5204326923076923 0.5492788461538461 0.40384615384615385 0.18269230769230768
0 0.8653846153846154 0.5877403846153846 0.2644230769230769 0.18509615384615385
0 0.8509615384615384 0.7235576923076923 0.2932692307692308 0.125
0 0.46875 0.3545673076923077 0.3125 0.19230769230769232
0 0.20793269230769232 0.22596153846153846 0.3125 0.25
0 0.04567307692307692 0.23197115384615385 0.07932692307692307 0.1778846153846154
0 0.1141826923076923 0.07091346153846154 0.21875 0.13701923076923078
0 0.34975961538461536 0.078125 0.30528846153846156 0.15144230769230768
0 0.53125 0.20072115384615385 0.3245192307692308 0.17307692307692307
0 0.7752403846153846 0.23798076923076922 0.40384615384615385 0.17548076923076922
0 0.8293269230769231 0.14182692307692307 0.25 0.13701923076923078
0 0.6081730769230769 0.07451923076923077 0.2644230769230769 0.14423076923076922