0 0.171875 0.6189903846153846 0.3389423076923077 0.41586538461538464
0 0.49158653846153844 0.9387019230769231 0.9783653846153846 0.11778846153846154
0 0.3641826923076923 0.6634615384615384 0.42788461538461536 0.35096153846153844
0 0.5528846153846154 0.6983173076923077 0.43990384615384615 0.3269230769230769
0 0.6850961538461539 0.7451923076923077 0.37740384615384615 0.24519230769230768
0 0.6009615384615384 0.46033653846153844 0.08173076923076923 0.06009615384615385
0 0.7043269230769231 0.4495192307692308 0.10096153846153846 0.038461538461538464
0 0.7259615384615384 0.47115384615384615 0.1201923076923077 0.05048076923076923
0 0.6790865384615384 0.5144230769230769 0.16346153846153846 0.03365384615384615
0 0.6442307692307693 0.28725961538461536 0.04326923076923077 0.021634615384615384
0 0.6790865384615384 0.29927884615384615 0.05048076923076923 0.02403846153846154
0 0.7139423076923077 0.3173076923076923 0.04326923076923077 0.02403846153846154
0 0.5288461538461539 0.3016826923076923 0.038461538461538464 0.03125
0 0.5564903846153846 0.33774038461538464 0.08173076923076923 0.052884615384615384
0 0.6418269230769231 0.35336538461538464 0.11298076923076923 0.04807692307692308
0 0.7043269230769231 0.3581730769230769 0.10096153846153846 0.07692307692307693
0 0.6730769230769231 0.22355769230769232 0.0625 0.03125
0 0.7175480769230769 0.24158653846153846 0.08653846153846154 0.03125
0 0.7608173076923077 0.2608173076923077 0.08653846153846154 0.03125
0 0.8052884615384616 0.31971153846153844 0.11298076923076923 0.11057692307692307
0 0.8617788461538461 0.3112980769230769 0.0625 0.057692307692307696
0 0.20072115384615385 0.2536057692307692 0.39663461538461536 0.5072115384615384
0 0.2608173076923077 0.11057692307692307 0.32211538461538464 0.22115384615384615
0 0.27403846153846156 0.1971153846153846 0.22115384615384615 0.1971153846153846
0 0.41466346153846156 0.08052884615384616 0.37740384615384615 0.15865384615384615
0 0.39903846153846156 0.1141826923076923 0.25961538461538464 0.1346153846153846
0 0.5384615384615384 0.038461538461538464 0.1971153846153846 0.07692307692307693
0 0.5564903846153846 0.08052884615384616 0.25961538461538464 0.14903846153846154
0 0.6730769230769231 0.14903846153846154 0.13942307692307693 0.0673076923076923
0 0.6478365384615384 0.038461538461538464 0.18028846153846154 0.07692307692307693
0 0.8269230769230769 0.020432692307692308 0.3317307692307692 0.040865384615384616
0 0.8401442307692307 0.09375 0.15865384615384615 0.08653846153846154
0 0.9471153846153846 0.36899038461538464 0.09375 0.040865384615384616
0 0.9086538461538461 0.4014423076923077 0.09375 0.04807692307692308
0 0.9471153846153846 0.44471153846153844 0.09375 0.04807692307692308
0 0.9651442307692307 0.4795673076923077 0.057692307692307696 0.028846153846153848
0 0.9807692307692307 0.5576923076923077 0.02403846153846154 0.052884615384615384
0 0.96875 0.3161057692307692 0.038461538461538464 0.03365384615384615