0 0.3942307692307692 0.6814903846153846 0.43509615384615385 0.2860576923076923
0 0.2439903846153846 0.6658653846153846 0.1658653846153846 0.14903846153846154
0 0.37259615384615385 0.5 0.1658653846153846 0.12259615384615384
0 0.38100961538461536 0.3954326923076923 0.43028846153846156 0.2860576923076923
0 0.20673076923076922 0.20192307692307693 0.11538461538461539 0.07692307692307693
0 0.2536057692307692 0.12259615384615384 0.14423076923076922 0.12980769230769232
0 0.19230769230769232 0.10336538461538461 0.10336538461538461 0.08413461538461539
0 0.390625 0.21394230769230768 0.28365384615384615 0.22115384615384615
0 0.23076923076923078 0.8497596153846154 0.11057692307692307 0.11057692307692307
0 0.16826923076923078 0.8221153846153846 0.0673076923076923 0.057692307692307696
0 0.1814903846153846 0.8870192307692307 0.08173076923076923 0.057692307692307696
0 0.15745192307692307 0.9471153846153846 0.07692307692307693 0.0625
0 0.20432692307692307 0.9555288461538461 0.1201923076923077 0.08173076923076923
0 0.2824519230769231 0.9278846153846154 0.12980769230769232 0.08413461538461539
0 0.44591346153846156 0.9519230769230769 0.20673076923076922 0.0889423076923077
0 0.30528846153846156 0.9831730769230769 0.10336538461538461 0.026442307692307692
0 0.30288461538461536 0.04326923076923077 0.15384615384615385 0.08173076923076923
0 0.4050480769230769 0.051682692307692304 0.15144230769230768 0.0985576923076923
0 0.5216346153846154 0.06971153846153846 0.17307692307692307 0.1346153846153846
0 0.6370192307692307 0.12259615384615384 0.25 0.21394230769230768
0 0.7596153846153846 0.6237980769230769 0.20192307692307693 0.17307692307692307
0 0.8497596153846154 0.7247596153846154 0.28846153846153844 0.30528846153846156
0 0.8137019230769231 0.8305288461538461 0.2283653846153846 0.14182692307692307
0 0.7560096153846154 0.9314903846153846 0.43509615384615385 0.12980769230769232
0 0.8269230769230769 0.4014423076923077 0.34134615384615385 0.33653846153846156
0 0.9471153846153846 0.5769230769230769 0.10096153846153846 0.15384615384615385
0 0.9675480769230769 0.8125 0.06009615384615385 0.125
0 0.9627403846153846 0.9375 0.06971153846153846 0.1201923076923077
0 0.8810096153846154 0.9747596153846154 0.07211538461538461 0.04326923076923077
0 0.9927884615384616 0.703125 0.009615384615384616 0.0985576923076923
0 0.8677884615384616 0.20552884615384615 0.07692307692307693 0.052884615384615384
0 0.9014423076923077 0.24759615384615385 0.0625 0.02403846153846154
0 0.9507211538461539 0.2439903846153846 0.07692307692307693 0.04567307692307692
0 0.9459134615384616 0.19471153846153846 0.07692307692307693 0.04567307692307692
0 0.9747596153846154 0.16706730769230768 0.04567307692307692 0.07451923076923077
0 0.9326923076923077 0.12980769230769232 0.07211538461538461 0.052884615384615384
0 0.890625 0.16826923076923078 0.0625 0.038461538461538464
0 0.8653846153846154 0.14302884615384615 0.052884615384615384 0.04807692307692308
0 0.8028846153846154 0.1971153846153846 0.09375 0.06490384615384616
0 0.8052884615384616 0.13341346153846154 0.0673076923076923 0.052884615384615384
0 0.8004807692307693 0.08173076923076923 0.07692307692307693 0.057692307692307696
0 0.8786057692307693 0.08173076923076923 0.08653846153846154 0.06490384615384616
0 0.9326923076923077 0.09735576923076923 0.040865384615384616 0.026442307692307692
0 0.8365384615384616 0.042067307692307696 0.07692307692307693 0.038461538461538464
0 0.7596153846153846 0.039663461538461536 0.0673076923076923 0.04326923076923077
0 0.8641826923076923 0.06610576923076923 0.2668269230769231 0.12740384615384615
0 0.4014423076923077 0.8473557692307693 0.27403846153846156 0.12259615384615384
2 0.49278846153846156 0.8125 0.43509615384615385 0.28365384615384615