0 0.21033653846153846 0.6237980769230769 0.17548076923076922 0.20192307692307693
0 0.296875 0.7632211538461539 0.16105769230769232 0.25240384615384615
0 0.4206730769230769 0.7884615384615384 0.18990384615384615 0.2692307692307692
0 0.5793269230769231 0.7884615384615384 0.14423076923076922 0.20192307692307693
0 0.7175480769230769 0.703125 0.15384615384615385 0.23076923076923078
0 0.7283653846153846 0.5492788461538461 0.16826923076923078 0.2091346153846154
0 0.5793269230769231 0.5829326923076923 0.16826923076923078 0.22115384615384615
0 0.4206730769230769 0.5709134615384616 0.15865384615384615 0.25240384615384615
0 0.33653846153846156 0.5060096153846154 0.15384615384615385 0.2091346153846154
0 0.40384615384615385 0.3762019230769231 0.11057692307692307 0.125
0 0.49278846153846156 0.42908653846153844 0.13942307692307693 0.13221153846153846
0 0.6358173076923077 0.4230769230769231 0.14182692307692307 0.16346153846153846
0 0.5420673076923077 0.30528846153846156 0.14903846153846154 0.17067307692307693
0 0.2704326923076923 0.3786057692307692 0.15625 0.19951923076923078
0 0.22235576923076922 0.48677884615384615 0.10576923076923077 0.07211538461538461
0 0.42908653846153844 0.9338942307692307 0.1346153846153846 0.07692307692307693
0 0.6682692307692307 0.8293269230769231 0.04807692307692308 0.055288461538461536