0 0.9242788461538461 0.1622596153846154 0.13942307692307693 0.13942307692307693
0 0.921875 0.04447115384615385 0.14423076923076922 0.08173076923076923
0 0.7560096153846154 0.0673076923076923 0.17307692307692307 0.12980769230769232
0 0.7896634615384616 0.2644230769230769 0.28846153846153844 0.10576923076923077
0 0.7716346153846154 0.18269230769230768 0.15625 0.057692307692307696
0 0.5661057692307693 0.15504807692307693 0.2283653846153846 0.15865384615384615
0 0.38221153846153844 0.05889423076923077 0.17307692307692307 0.11057692307692307
0 0.28966346153846156 0.040865384615384616 0.10817307692307693 0.07692307692307693
0 0.24639423076923078 0.5745192307692307 0.27884615384615385 0.21634615384615385
0 0.42427884615384615 0.41947115384615385 0.2956730769230769 0.11057692307692307
0 0.7836538461538461 0.39302884615384615 0.4230769230769231 0.1778846153846154
0 0.9459134615384616 0.29086538461538464 0.09615384615384616 0.13221153846153846
0 0.9423076923076923 0.5408653846153846 0.10096153846153846 0.09134615384615384
0 0.8942307692307693 0.4963942307692308 0.125 0.06971153846153846
0 0.9399038461538461 0.6358173076923077 0.10817307692307693 0.08173076923076923
0 0.9483173076923077 0.7536057692307693 0.09134615384615384 0.09615384615384616
0 0.9579326923076923 0.7007211538461539 0.07211538461538461 0.04807692307692308
0 0.8341346153846154 0.6298076923076923 0.27163461538461536 0.16346153846153846
0 0.7776442307692307 0.5300480769230769 0.2283653846153846 0.09615384615384616
0 0.5961538461538461 0.5060096153846154 0.16826923076923078 0.09615384615384616
0 0.41225961538461536 0.5528846153846154 0.22115384615384615 0.15384615384615385
0 0.46634615384615385 0.3894230769230769 0.14903846153846154 0.15865384615384615
0 0.47596153846153844 0.27403846153846156 0.27884615384615385 0.2644230769230769
0 0.3161057692307692 0.20432692307692307 0.1971153846153846 0.0985576923076923
0 0.21033653846153846 0.15985576923076922 0.15625 0.09615384615384616
0 0.18990384615384615 0.24639423076923078 0.17307692307692307 0.11538461538461539
0 0.21394230769230768 0.33052884615384615 0.1971153846153846 0.09134615384615384
0 0.24639423076923078 0.38461538461538464 0.2283653846153846 0.16346153846153846
0 0.6899038461538461 0.7884615384615384 0.17307692307692307 0.27884615384615385
0 0.8581730769230769 0.8533653846153846 0.14903846153846154 0.11538461538461539
0 0.8497596153846154 0.7475961538461539 0.09615384615384616 0.08173076923076923
0 0.9134615384615384 0.9038461538461539 0.16826923076923078 0.1875
0 0.46033653846153844 0.8149038461538461 0.23557692307692307 0.0985576923076923
0 0.4723557692307692 0.6887019230769231 0.28365384615384615 0.1346153846153846
0 0.3076923076923077 0.9194711538461539 0.28846153846153844 0.12259615384615384
0 0.20192307692307693 0.6983173076923077 0.1971153846153846 0.13701923076923078
0 0.15985576923076922 0.5276442307692307 0.31971153846153844 0.15144230769230768
0 0.09375 0.39903846153846156 0.13942307692307693 0.16346153846153846
0 0.23197115384615385 0.7908653846153846 0.1875 0.2403846153846154
0 0.609375 0.9375 0.49759615384615385 0.1201923076923077
0 0.9699519230769231 0.42427884615384615 0.04807692307692308 0.028846153846153848
0 0.9459134615384616 0.3942307692307692 0.06009615384615385 0.028846153846153848
0 0.9242788461538461 0.37740384615384615 0.0673076923076923 0.028846153846153848
0 0.8521634615384616 0.35697115384615385 0.0673076923076923 0.026442307692307692
0 0.8557692307692307 0.3894230769230769 0.06009615384615385 0.019230769230769232
0 0.9278846153846154 0.41586538461538464 0.09615384615384616 0.038461538461538464
0 0.9002403846153846 0.44350961538461536 0.0673076923076923 0.016826923076923076
0 0.8521634615384616 0.41466346153846156 0.0673076923076923 0.028846153846153848
0 0.8016826923076923 0.45552884615384615 0.07211538461538461 0.019230769230769232
0 0.8377403846153846 0.42908653846153844 0.07211538461538461 0.026442307692307692
0 0.7980769230769231 0.40625 0.07692307692307693 0.026442307692307692
0 0.734375 0.38822115384615385 0.04807692307692308 0.016826923076923076
0 0.7956730769230769 0.375 0.06009615384615385 0.028846153846153848
0 0.7379807692307693 0.34615384615384615 0.07692307692307693 0.03365384615384615
0 0.7439903846153846 0.3173076923076923 0.0673076923076923 0.026442307692307692
0 0.7319711538461539 0.4206730769230769 0.052884615384615384 0.028846153846153848
0 0.7163461538461539 0.45552884615384615 0.04807692307692308 0.03365384615384615
0 0.6658653846153846 0.4206730769230769 0.09134615384615384 0.04326923076923077
0 0.6682692307692307 0.38341346153846156 0.07211538461538461 0.03365384615384615
0 0.6382211538461539 0.3581730769230769 0.07211538461538461 0.028846153846153848
0 0.6778846153846154 0.3317307692307692 0.052884615384615384 0.02403846153846154
0 0.5697115384615384 0.5012019230769231 0.8509615384615384 0.9951923076923077