0 0.8822115384615384 0.09134615384615384 0.23076923076923078 0.18269230769230768
0 0.8858173076923077 0.265625 0.22596153846153846 0.2403846153846154
0 0.8822115384615384 0.45072115384615385 0.23076923076923078 0.23317307692307693
0 0.8798076923076923 0.6526442307692307 0.23557692307692307 0.24278846153846154
0 0.8870192307692307 0.8173076923076923 0.22115384615384615 0.17307692307692307
0 0.8822115384615384 0.9302884615384616 0.23076923076923078 0.1346153846153846
0 0.5685096153846154 0.36538461538461536 0.0673076923076923 0.09375
0 0.5132211538461539 0.46274038461538464 0.11538461538461539 0.11538461538461539
0 0.5084134615384616 0.36177884615384615 0.08413461538461539 0.09375
0 0.4951923076923077 0.328125 0.1201923076923077 0.11538461538461539
0 0.41225961538461536 0.4567307692307692 0.12740384615384615 0.10576923076923077
0 0.34134615384615385 0.2247596153846154 0.0673076923076923 0.08173076923076923
0 0.30408653846153844 0.18870192307692307 0.057692307692307696 0.1466346153846154
0 0.32572115384615385 0.3088942307692308 0.057692307692307696 0.07692307692307693
0 0.3173076923076923 0.34975961538461536 0.09615384615384616 0.0625
0 0.3762019230769231 0.3112980769230769 0.09615384615384616 0.07451923076923077
0 0.24639423076923078 0.5528846153846154 0.07932692307692307 0.07692307692307693
0 0.12379807692307693 0.7139423076923077 0.0673076923076923 0.055288461538461536
0 0.09254807692307693 0.7860576923076923 0.04807692307692308 0.07451923076923077
0 0.08774038461538461 0.7007211538461539 0.038461538461538464 0.08173076923076923
0 0.09735576923076923 0.4723557692307692 0.057692307692307696 0.06009615384615385
0 0.12379807692307693 0.3389423076923077 0.10096153846153846 0.1971153846153846
0 0.09254807692307693 0.3894230769230769 0.038461538461538464 0.09134615384615384
0 0.17427884615384615 0.4639423076923077 0.11538461538461539 0.09134615384615384
0 0.25961538461538464 0.5408653846153846 0.10576923076923077 0.10096153846153846
0 0.2644230769230769 0.5973557692307693 0.10576923076923077 0.057692307692307696
0 0.3016826923076923 0.5973557692307693 0.12740384615384615 0.09375
0 0.3173076923076923 0.6466346153846154 0.052884615384615384 0.11538461538461539
0 0.31009615384615385 0.47596153846153844 0.10096153846153846 0.04326923076923077
0 0.30649038461538464 0.4326923076923077 0.11538461538461539 0.040865384615384616
0 0.31971153846153844 0.3954326923076923 0.10096153846153846 0.04807692307692308
0 0.23317307692307693 0.40625 0.08413461538461539 0.08653846153846154
0 0.171875 0.35216346153846156 0.057692307692307696 0.11057692307692307
0 0.21153846153846154 0.3125 0.07451923076923077 0.07211538461538461
0 0.23798076923076922 0.3557692307692308 0.07451923076923077 0.0673076923076923
0 0.25721153846153844 0.17548076923076922 0.026442307692307692 0.06009615384615385
0 0.24639423076923078 0.2247596153846154 0.057692307692307696 0.07451923076923077
0 0.2091346153846154 0.25841346153846156 0.0673076923076923 0.07451923076923077
0 0.17427884615384615 0.20072115384615385 0.10576923076923077 0.09375
0 0.11057692307692307 0.2439903846153846 0.09615384615384616 0.17307692307692307
0 0.08173076923076923 0.13822115384615385 0.038461538461538464 0.19471153846153846
0 0.12620192307692307 0.05889423076923077 0.10817307692307693 0.11778846153846154
0 0.16947115384615385 0.0829326923076923 0.0625 0.09615384615384616
0 0.20072115384615385 0.1466346153846154 0.11538461538461539 0.09134615384615384
0 0.8858173076923077 0.46875 0.22596153846153846 0.9375