0 0.6262019230769231 0.3293269230769231 0.24519230769230768 0.33653846153846156
0 0.38822115384615385 0.3557692307692308 0.3173076923076923 0.6177884615384616
0 0.5817307692307693 0.6021634615384616 0.20192307692307693 0.11298076923076923
0 0.5540865384615384 0.6742788461538461 0.18028846153846154 0.10576923076923077
0 0.28725961538461536 0.6622596153846154 0.21153846153846154 0.11778846153846154
0 0.26802884615384615 0.5853365384615384 0.1201923076923077 0.04326923076923077
0 0.41225961538461536 0.6814903846153846 0.08173076923076923 0.07692307692307693
0 0.28966346153846156 0.765625 0.1971153846153846 0.1346153846153846
0 0.28966346153846156 0.7848557692307693 0.2403846153846154 0.13942307692307693
0 0.4807692307692308 0.84375 0.41586538461538464 0.2692307692307692
0 0.6995192307692307 0.53125 0.40384615384615385 0.31971153846153844