0 0.030048076923076924 0.8329326923076923 0.055288461538461536 0.12980769230769232
0 0.04807692307692308 0.9086538461538461 0.04326923076923077 0.0889423076923077
0 0.0889423076923077 0.9014423076923077 0.038461538461538464 0.0889423076923077
0 0.09615384615384616 0.8161057692307693 0.06971153846153846 0.1346153846153846
0 0.06009615384615385 0.7548076923076923 0.05048076923076923 0.11057692307692307
0 0.019230769230769232 0.7043269230769231 0.03365384615384615 0.12980769230769232
0 0.055288461538461536 0.6694711538461539 0.06009615384615385 0.10096153846153846
0 0.019230769230769232 0.5612980769230769 0.03365384615384615 0.14182692307692307
0 0.046875 0.5949519230769231 0.04807692307692308 0.0889423076923077
0 0.09615384615384616 0.5745192307692307 0.06490384615384616 0.12980769230769232
0 0.0625 0.5 0.04326923076923077 0.12980769230769232
0 0.11057692307692307 0.6935096153846154 0.052884615384615384 0.11057692307692307
0 0.16466346153846154 0.890625 0.026442307692307692 0.0673076923076923
0 0.15745192307692307 0.921875 0.02403846153846154 0.03365384615384615
0 0.1346153846153846 0.9495192307692307 0.02403846153846154 0.07451923076923077
0 0.15985576923076922 0.9699519230769231 0.028846153846153848 0.04807692307692308
0 0.15504807692307693 0.8329326923076923 0.028846153846153848 0.0625
0 0.15985576923076922 0.765625 0.019230769230769232 0.0625
0 0.1875 0.7379807692307693 0.03365384615384615 0.0625
0 0.17668269230769232 0.7716346153846154 0.019230769230769232 0.03365384615384615
0 0.18509615384615385 0.7992788461538461 0.03365384615384615 0.0625
0 0.19591346153846154 0.8473557692307693 0.040865384615384616 0.07451923076923077
0 0.19230769230769232 0.9086538461538461 0.019230769230769232 0.0625
0 0.18269230769230768 0.9555288461538461 0.026442307692307692 0.0625
0 0.1875 0.9795673076923077 0.026442307692307692 0.028846153846153848
0 0.22596153846153846 0.7283653846153846 0.038461538461538464 0.040865384615384616
0 0.24519230769230768 0.7860576923076923 0.02403846153846154 0.10096153846153846
0 0.2247596153846154 0.8064903846153846 0.040865384615384616 0.0889423076923077
0 0.2668269230769231 0.7451923076923077 0.03365384615384615 0.0889423076923077
0 0.2848557692307692 0.8064903846153846 0.04326923076923077 0.04807692307692308
0 0.25600961538461536 0.8701923076923077 0.02403846153846154 0.08173076923076923
0 0.23798076923076922 0.8737980769230769 0.03365384615384615 0.07451923076923077
0 0.2824519230769231 0.8942307692307693 0.02403846153846154 0.0625
0 0.2920673076923077 0.8473557692307693 0.019230769230769232 0.03365384615384615
0 0.30288461538461536 0.8701923076923077 0.02403846153846154 0.0673076923076923
0 0.3088942307692308 0.9290865384615384 0.019230769230769232 0.0625
0 0.28725961538461536 0.9591346153846154 0.026442307692307692 0.0673076923076923
0 0.25600961538461536 0.9699519230769231 0.028846153846153848 0.04807692307692308
0 0.22596153846153846 0.9459134615384616 0.038461538461538464 0.09615384615384616
0 0.30408653846153844 0.9795673076923077 0.019230769230769232 0.028846153846153848
0 0.3786057692307692 0.9350961538461539 0.052884615384615384 0.0889423076923077
0 0.36778846153846156 0.8197115384615384 0.040865384615384616 0.11538461538461539
0 0.35336538461538464 0.8569711538461539 0.03365384615384615 0.09615384615384616
0 0.33533653846153844 0.7620192307692307 0.028846153846153848 0.09615384615384616
0 0.3233173076923077 0.6670673076923077 0.02403846153846154 0.09615384615384616
0 0.3557692307692308 0.6875 0.04807692307692308 0.08173076923076923
0 0.36538461538461536 0.7512019230769231 0.038461538461538464 0.0889423076923077
0 0.39903846153846156 0.7620192307692307 0.040865384615384616 0.11057692307692307
0 0.39903846153846156 0.8497596153846154 0.028846153846153848 0.08173076923076923
0 0.4182692307692308 0.9254807692307693 0.03365384615384615 0.0673076923076923
0 0.44591346153846156 0.9459134615384616 0.04807692307692308 0.09615384615384616
0 0.4050480769230769 0.9699519230769231 0.028846153846153848 0.019230769230769232
0 0.4567307692307692 0.43509615384615385 0.038461538461538464 0.09615384615384616
0 0.4951923076923077 0.48677884615384615 0.028846153846153848 0.0889423076923077
0 0.4579326923076923 0.49278846153846156 0.03365384615384615 0.0625
0 0.4795673076923077 0.5336538461538461 0.038461538461538464 0.07451923076923077
0 0.43028846153846156 0.4519230769230769 0.026442307692307692 0.07451923076923077
0 0.40625 0.45913461538461536 0.026442307692307692 0.07451923076923077
0 0.3786057692307692 0.4963942307692308 0.028846153846153848 0.0673076923076923
0 0.3581730769230769 0.5240384615384616 0.028846153846153848 0.052884615384615384
0 0.3485576923076923 0.5709134615384616 0.04807692307692308 0.08173076923076923
0 0.33052884615384615 0.6057692307692307 0.03365384615384615 0.0673076923076923
0 0.3713942307692308 0.6298076923076923 0.03365384615384615 0.0625
0 0.375 0.5685096153846154 0.026442307692307692 0.0625
0 0.39903846153846156 0.5276442307692307 0.040865384615384616 0.10096153846153846
0 0.4050480769230769 0.6057692307692307 0.03365384615384615 0.08173076923076923
0 0.4098557692307692 0.6670673076923077 0.03365384615384615 0.08173076923076923
0 0.4375 0.7211538461538461 0.03365384615384615 0.0673076923076923
0 0.453125 0.7992788461538461 0.038461538461538464 0.0889423076923077
0 0.42908653846153844 0.8533653846153846 0.028846153846153848 0.0625
0 0.4543269230769231 0.8810096153846154 0.040865384615384616 0.0889423076923077
0 0.4807692307692308 0.8846153846153846 0.02403846153846154 0.08173076923076923
0 0.484375 0.7956730769230769 0.02403846153846154 0.08173076923076923
0 0.4879807692307692 0.7103365384615384 0.026442307692307692 0.07451923076923077
0 0.4639423076923077 0.7211538461538461 0.02403846153846154 0.08173076923076923
0 0.44350961538461536 0.65625 0.03365384615384615 0.07451923076923077
0 0.4362980769230769 0.5709134615384616 0.04326923076923077 0.1346153846153846
0 0.47115384615384615 0.6153846153846154 0.03365384615384615 0.12980769230769232
0 0.5060096153846154 0.6262019230769231 0.03365384615384615 0.09615384615384616
0 0.4951923076923077 0.5745192307692307 0.02403846153846154 0.04807692307692308
0 0.5180288461538461 0.9459134615384616 0.0625 0.09615384615384616
0 0.3004807692307692 0.3401442307692308 0.052884615384615384 0.1346153846153846
0 0.3473557692307692 0.3942307692307692 0.052884615384615384 0.12259615384615384
0 0.35096153846153844 0.2920673076923077 0.038461538461538464 0.09615384615384616
0 0.3245192307692308 0.13581730769230768 0.055288461538461536 0.12259615384615384
0 0.3581730769230769 0.20793269230769232 0.040865384615384616 0.0889423076923077
0 0.3954326923076923 0.2620192307692308 0.05048076923076923 0.12980769230769232
0 0.3858173076923077 0.3605769230769231 0.04326923076923077 0.052884615384615384
0 0.18389423076923078 0.5036057692307693 0.09375 0.16346153846153846
0 0.16947115384615385 0.6057692307692307 0.06971153846153846 0.16346153846153846
0 0.24879807692307693 0.609375 0.10817307692307693 0.12980769230769232
0 0.27163461538461536 0.49038461538461536 0.08653846153846154 0.14903846153846154
0 0.2127403846153846 0.390625 0.052884615384615384 0.11538461538461539
0 0.25240384615384615 0.3737980769230769 0.038461538461538464 0.14903846153846154
0 0.14543269230769232 0.23076923076923078 0.028846153846153848 0.09615384615384616
0 0.18990384615384615 0.21754807692307693 0.0625 0.09615384615384616
0 0.20793269230769232 0.2860576923076923 0.08413461538461539 0.09615384615384616
0 0.17067307692307693 0.11177884615384616 0.03365384615384615 0.12980769230769232
0 0.19230769230769232 0.15264423076923078 0.03365384615384615 0.0889423076923077
0 0.14182692307692307 0.0985576923076923 0.026442307692307692 0.04807692307692308
0 0.1466346153846154 0.1466346153846154 0.014423076923076924 0.0625
0 0.125 0.18028846153846154 0.036057692307692304 0.07451923076923077
0 0.23076923076923078 0.18389423076923078 0.04807692307692308 0.09615384615384616
0 0.22716346153846154 0.11658653846153846 0.08413461538461539 0.2283653846153846
0 0.21995192307692307 0.1201923076923077 0.12259615384615384 0.23557692307692307
0 0.16466346153846154 0.038461538461538464 0.040865384615384616 0.07211538461538461
0 0.125 0.038461538461538464 0.04807692307692308 0.07211538461538461
0 0.24759615384615385 0.06490384615384616 0.06490384615384616 0.11538461538461539
0 0.2536057692307692 0.09134615384615384 0.036057692307692304 0.07451923076923077
0 0.2920673076923077 0.03245192307692308 0.03125 0.06009615384615385
0 0.31850961538461536 0.036057692307692304 0.10817307692307693 0.0673076923076923
0 0.35096153846153844 0.08533653846153846 0.038461538461538464 0.0889423076923077
0 0.3786057692307692 0.11538461538461539 0.052884615384615384 0.12259615384615384
0 0.4266826923076923 0.1466346153846154 0.04807692307692308 0.11538461538461539
0 0.4519230769230769 0.2247596153846154 0.052884615384615384 0.11057692307692307
0 0.4170673076923077 0.21394230769230768 0.02403846153846154 0.04807692307692308
0 0.4411057692307692 0.33052884615384615 0.055288461538461536 0.11538461538461539
0 0.4735576923076923 0.23798076923076922 0.026442307692307692 0.09615384615384616
0 0.4675480769230769 0.0889423076923077 0.0625 0.12259615384615384
0 0.421875 0.04567307692307692 0.05048076923076923 0.08653846153846154
0 0.4651442307692308 0.018028846153846152 0.040865384615384616 0.03125
0 0.7043269230769231 0.9314903846153846 0.125 0.12259615384615384
0 0.7728365384615384 0.9699519230769231 0.03365384615384615 0.04807692307692308
0 0.7211538461538461 0.5336538461538461 0.04326923076923077 0.4831730769230769
0 0.6778846153846154 0.5709134615384616 0.055288461538461536 0.3269230769230769
0 0.6826923076923077 0.5709134615384616 0.03365384615384615 0.35336538461538464
0 0.7596153846153846 0.6225961538461539 0.04807692307692308 0.43028846153846156
0 0.7487980769230769 0.49278846153846156 0.019230769230769232 0.15625
0 0.7920673076923077 0.7824519230769231 0.04326923076923077 0.35336538461538464
0 0.8137019230769231 0.6394230769230769 0.0625 0.3942307692307692
0 0.8161057692307693 0.6598557692307693 0.03365384615384615 0.4639423076923077
0 0.8221153846153846 0.9699519230769231 0.057692307692307696 0.04807692307692308
0 0.8617788461538461 0.9555288461538461 0.038461538461538464 0.07451923076923077
0 0.8978365384615384 0.9459134615384616 0.04807692307692308 0.09615384615384616
0 0.5733173076923077 0.890625 0.03365384615384615 0.08173076923076923
0 0.578125 0.8064903846153846 0.03365384615384615 0.07451923076923077
0 0.5492788461538461 0.7896634615384616 0.038461538461538464 0.09615384615384616
0 0.6117788461538461 0.8497596153846154 0.040865384615384616 0.0673076923076923
0 0.6117788461538461 0.9182692307692307 0.040865384615384616 0.08173076923076923
0 0.6526442307692307 0.8473557692307693 0.03365384615384615 0.0889423076923077
0 0.6322115384615384 0.8233173076923077 0.028846153846153848 0.0673076923076923
0 0.6526442307692307 0.7788461538461539 0.04807692307692308 0.04807692307692308
0 0.6165865384615384 0.7283653846153846 0.038461538461538464 0.0673076923076923
0 0.6045673076923077 0.7860576923076923 0.03365384615384615 0.0625
0 0.5757211538461539 0.7175480769230769 0.04807692307692308 0.10096153846153846
0 0.5420673076923077 0.6730769230769231 0.02403846153846154 0.12259615384615384
0 0.5841346153846154 0.6262019230769231 0.038461538461538464 0.0673076923076923
0 0.6117788461538461 0.65625 0.03365384615384615 0.0889423076923077
0 0.6370192307692307 0.6189903846153846 0.019230769230769232 0.08173076923076923
0 0.6117788461538461 0.5853365384615384 0.03365384615384615 0.08173076923076923
0 0.5540865384615384 0.578125 0.040865384615384616 0.09615384615384616
0 0.5264423076923077 0.6057692307692307 0.014423076923076924 0.09615384615384616
0 0.5396634615384616 0.5096153846153846 0.040865384615384616 0.0673076923076923
0 0.5384615384615384 0.44591346153846156 0.04326923076923077 0.07451923076923077
0 0.5697115384615384 0.4723557692307692 0.026442307692307692 0.07451923076923077
0 0.5889423076923077 0.5132211538461539 0.03365384615384615 0.10096153846153846
0 0.6213942307692307 0.5096153846153846 0.028846153846153848 0.0673076923076923
0 0.9134615384615384 0.1466346153846154 0.10817307692307693 0.2932692307692308
0 0.9663461538461539 0.20673076923076922 0.0625 0.40865384615384615
0 0.828125 0.3269230769230769 0.06971153846153846 0.1346153846153846
0 0.84375 0.16706730769230768 0.055288461538461536 0.22596153846153846
0 0.8413461538461539 0.11538461538461539 0.038461538461538464 0.18990384615384615
0 0.7608173076923077 0.23076923076923078 0.06971153846153846 0.11057692307692307
0 0.7247596153846154 0.23798076923076922 0.07211538461538461 0.14903846153846154
0 0.7151442307692307 0.15625 0.04326923076923077 0.11057692307692307
0 0.7451923076923077 0.08173076923076923 0.03365384615384615 0.1346153846153846
0 0.7139423076923077 0.06129807692307692 0.028846153846153848 0.08173076923076923
0 0.6899038461538461 0.027644230769230768 0.04807692307692308 0.052884615384615384
0 0.7740384615384616 0.06850961538461539 0.026442307692307692 0.13701923076923078
0 0.8245192307692307 0.036057692307692304 0.07211538461538461 0.0673076923076923
0 0.6117788461538461 0.31009615384615385 0.06009615384615385 0.23798076923076922
0 0.5805288461538461 0.23076923076923078 0.028846153846153848 0.1778846153846154
0 0.5540865384615384 0.3329326923076923 0.02403846153846154 0.11057692307692307
0 0.5504807692307693 0.20072115384615385 0.02403846153846154 0.1971153846153846
0 0.5300480769230769 0.2283653846153846 0.040865384615384616 0.22596153846153846
0 0.4987980769230769 0.1875 0.04807692307692308 0.14423076923076922
0 0.6502403846153846 0.234375 0.0889423076923077 0.11538461538461539
0 0.6550480769230769 0.29927884615384615 0.0673076923076923 0.14903846153846154
0 0.6778846153846154 0.12980769230769232 0.055288461538461536 0.23076923076923078
0 0.5853365384615384 0.025240384615384616 0.14182692307692307 0.04567307692307692
0 0.6322115384615384 0.109375 0.040865384615384616 0.1346153846153846
0 0.6105769230769231 0.11177884615384616 0.03365384615384615 0.14423076923076922
0 0.5685096153846154 0.08173076923076923 0.04807692307692308 0.1346153846153846
0 0.8894230769230769 0.4795673076923077 0.040865384615384616 0.18269230769230768
0 0.8774038461538461 0.4254807692307692 0.019230769230769232 0.14423076923076922
0 0.8617788461538461 0.35336538461538464 0.019230769230769232 0.0673076923076923
0 0.8413461538461539 0.41466346153846156 0.0625 0.040865384615384616
0 0.9375 0.5709134615384616 0.08413461538461539 0.16346153846153846
0 0.9399038461538461 0.6057692307692307 0.019230769230769232 0.11057692307692307
0 0.9182692307692307 0.6730769230769231 0.03365384615384615 0.20432692307692307
0 0.8725961538461539 0.8473557692307693 0.07692307692307693 0.10096153846153846
0 0.8978365384615384 0.9314903846153846 0.028846153846153848 0.12259615384615384
0 0.9375 0.8882211538461539 0.038461538461538464 0.21153846153846154
0 0.9723557692307693 0.8401442307692307 0.05048076923076923 0.10336538461538461
0 0.9735576923076923 0.9387019230769231 0.04807692307692308 0.11057692307692307
0 0.9771634615384616 0.7391826923076923 0.040865384615384616 0.19951923076923078
0 0.9110576923076923 0.7043269230769231 0.10817307692307693 0.15625
0 0.875 0.5504807692307693 0.057692307692307696 0.2860576923076923
0 0.9038461538461539 0.421875 0.0985576923076923 0.23076923076923078
0 0.9543269230769231 0.5384615384615384 0.08653846153846154 0.2644230769230769