0 0.9182692307692307 0.5973557692307693 0.11538461538461539 0.1778846153846154
0 0.9855769230769231 0.6033653846153846 0.019230769230769232 0.052884615384615384
0 0.9615384615384616 0.7259615384615384 0.06971153846153846 0.15865384615384615
0 0.9326923076923077 0.8834134615384616 0.1201923076923077 0.19951923076923078
0 0.875 0.7283653846153846 0.10576923076923077 0.1658653846153846
0 0.8137019230769231 0.8942307692307693 0.10817307692307693 0.19951923076923078
0 0.7512019230769231 0.7223557692307693 0.1201923076923077 0.1875
0 0.7920673076923077 0.6394230769230769 0.09134615384615384 0.11538461538461539
0 0.8233173076923077 0.5805288461538461 0.09615384615384616 0.15384615384615385
0 0.7019230769230769 0.9110576923076923 0.11057692307692307 0.1658653846153846
0 0.7223557692307693 0.8341346153846154 0.09134615384615384 0.057692307692307696
0 0.6875 0.5829326923076923 0.11057692307692307 0.14903846153846154
0 0.7692307692307693 0.5288461538461539 0.10096153846153846 0.14423076923076922
0 0.640625 0.6862980769230769 0.10817307692307693 0.18269230769230768
0 0.5637019230769231 0.7487980769230769 0.11538461538461539 0.17307692307692307
0 0.5036057692307693 0.6165865384615384 0.11057692307692307 0.17307692307692307
0 0.5733173076923077 0.5456730769230769 0.11057692307692307 0.1778846153846154
0 0.4567307692307692 0.7776442307692307 0.10817307692307693 0.17307692307692307
0 0.5084134615384616 0.8545673076923077 0.08653846153846154 0.0625
0 0.6262019230769231 0.8605769230769231 0.07211538461538461 0.08653846153846154
0 0.5949519230769231 0.9194711538461539 0.09375 0.14903846153846154
0 0.5348557692307693 0.9375 0.11057692307692307 0.11538461538461539
0 0.4567307692307692 0.8942307692307693 0.08653846153846154 0.07451923076923077
0 0.43028846153846156 0.9459134615384616 0.10576923076923077 0.09615384615384616
0 0.3954326923076923 0.8737980769230769 0.07692307692307693 0.10336538461538461
0 0.3269230769230769 0.7680288461538461 0.11057692307692307 0.1778846153846154
0 0.3088942307692308 0.703125 0.09615384615384616 0.125
0 0.41466346153846156 0.6766826923076923 0.07211538461538461 0.08653846153846154
0 0.38341346153846156 0.7451923076923077 0.04567307692307692 0.15384615384615385
0 0.2980769230769231 0.8737980769230769 0.11778846153846154 0.125
0 0.3269230769230769 0.9459134615384616 0.0985576923076923 0.09615384615384616
0 0.21153846153846154 0.9423076923076923 0.13221153846153846 0.10336538461538461
0 0.16826923076923078 0.8918269230769231 0.14182692307692307 0.18269230769230768
0 0.22956730769230768 0.8401442307692307 0.0625 0.10336538461538461
0 0.24158653846153846 0.7776442307692307 0.057692307692307696 0.0673076923076923
0 0.16466346153846154 0.7908653846153846 0.07932692307692307 0.038461538461538464
0 0.09735576923076923 0.8629807692307693 0.04807692307692308 0.10336538461538461
0 0.055288461538461536 0.9423076923076923 0.10576923076923077 0.10576923076923077
0 0.22235576923076922 0.703125 0.10576923076923077 0.15865384615384615
0 0.13942307692307693 0.7512019230769231 0.10576923076923077 0.14423076923076922
0 0.04807692307692308 0.8185096153846154 0.09134615384615384 0.15625
0 0.030048076923076924 0.7175480769230769 0.06009615384615385 0.1658653846153846
0 0.11658653846153846 0.6346153846153846 0.11538461538461539 0.18269230769230768
0 0.4110576923076923 0.6081730769230769 0.07211538461538461 0.09615384615384616
0 0.30408653846153844 0.5805288461538461 0.1201923076923077 0.1658653846153846
0 0.31971153846153844 0.46274038461538464 0.09134615384615384 0.11538461538461539
0 0.4026442307692308 0.47475961538461536 0.07692307692307693 0.17307692307692307
0 0.203125 0.49158653846153844 0.12259615384615384 0.16105769230769232
0 0.21875 0.5769230769230769 0.08173076923076923 0.10336538461538461
0 0.038461538461538464 0.5985576923076923 0.07211538461538461 0.0625
0 0.08173076923076923 0.5228365384615384 0.10096153846153846 0.09615384615384616
0 0.02283653846153846 0.5048076923076923 0.040865384615384616 0.10096153846153846
0 0.027644230769230768 0.5348557692307693 0.028846153846153848 0.09615384615384616
0 0.11658653846153846 0.4855769230769231 0.057692307692307696 0.08173076923076923
0 0.13581730769230768 0.37740384615384615 0.07692307692307693 0.125
0 0.038461538461538464 0.3954326923076923 0.07211538461538461 0.11298076923076923
0 0.057692307692307696 0.4375 0.07451923076923077 0.07451923076923077
0 0.1141826923076923 0.4795673076923077 0.0625 0.08173076923076923
0 0.20673076923076922 0.3605769230769231 0.07451923076923077 0.11538461538461539
0 0.2668269230769231 0.38822115384615385 0.0625 0.08173076923076923
0 0.31971153846153844 0.4543269230769231 0.09134615384615384 0.10817307692307693
0 0.2800480769230769 0.3233173076923077 0.0673076923076923 0.07451923076923077
0 0.34375 0.3629807692307692 0.07692307692307693 0.08653846153846154
0 0.4110576923076923 0.3425480769230769 0.07211538461538461 0.11538461538461539
0 0.8016826923076923 0.3317307692307692 0.07692307692307693 0.10336538461538461
0 0.7512019230769231 0.3713942307692308 0.057692307692307696 0.057692307692307696
0 0.6983173076923077 0.38341346153846156 0.04807692307692308 0.04567307692307692
0 0.6826923076923077 0.3605769230769231 0.0673076923076923 0.0673076923076923
0 0.7451923076923077 0.2824519230769231 0.07211538461538461 0.10817307692307693
0 0.6838942307692307 0.26802884615384615 0.0625 0.11538461538461539
0 0.625 0.28846153846153844 0.08173076923076923 0.09615384615384616
0 0.609375 0.21394230769230768 0.07451923076923077 0.08653846153846154
0 0.6201923076923077 0.3629807692307692 0.0673076923076923 0.052884615384615384
0 0.4963942307692308 0.31971153846153844 0.07692307692307693 0.08173076923076923
0 0.5540865384615384 0.3425480769230769 0.052884615384615384 0.057692307692307696
0 0.5120192307692307 0.25721153846153844 0.07932692307692307 0.11538461538461539
0 0.5697115384615384 0.2283653846153846 0.028846153846153848 0.057692307692307696
0 0.4579326923076923 0.18870192307692307 0.07692307692307693 0.09134615384615384
0 0.4483173076923077 0.27403846153846156 0.06971153846153846 0.08173076923076923
0 0.41346153846153844 0.22596153846153846 0.055288461538461536 0.08653846153846154
0 0.375 0.24879807692307693 0.07692307692307693 0.08653846153846154
0 0.30528846153846156 0.24519230769230768 0.06971153846153846 0.09134615384615384