0 0.2283653846153846 0.2283653846153846 0.1346153846153846 0.2091346153846154
0 0.10576923076923077 0.3786057692307692 0.20432692307692307 0.40625
0 0.12139423076923077 0.6550480769230769 0.13701923076923078 0.18028846153846154
0 0.10216346153846154 0.5288461538461539 0.10576923076923077 0.1971153846153846
0 0.3629807692307692 0.4495192307692308 0.34615384615384615 0.7067307692307693
0 0.2620192307692308 0.0985576923076923 0.04567307692307692 0.07211538461538461
0 0.45072115384615385 0.09615384615384616 0.125 0.1466346153846154
0 0.5372596153846154 0.0985576923076923 0.08653846153846154 0.09615384615384616
0 0.5997596153846154 0.171875 0.08173076923076923 0.12980769230769232
0 0.5877403846153846 0.3329326923076923 0.0625 0.11298076923076923
0 0.59375 0.32211538461538464 0.125 0.22596153846153846
0 0.49158653846153844 0.5733173076923077 0.1658653846153846 0.2980769230769231
0 0.21634615384615385 0.7824519230769231 0.07451923076923077 0.09615384615384616
0 0.44711538461538464 0.8221153846153846 0.14903846153846154 0.2644230769230769
0 0.44591346153846156 0.9651442307692307 0.11298076923076923 0.06490384615384616
0 0.5408653846153846 0.9146634615384616 0.08173076923076923 0.03365384615384615
0 0.5805288461538461 0.796875 0.13942307692307693 0.23557692307692307
0 0.6430288461538461 0.5564903846153846 0.17307692307692307 0.2644230769230769
0 0.7019230769230769 0.3870192307692308 0.09615384615384616 0.1201923076923077
0 0.7151442307692307 0.24519230769230768 0.13942307692307693 0.1875
0 0.8040865384615384 0.2403846153846154 0.038461538461538464 0.09615384615384616
0 0.7956730769230769 0.5817307692307693 0.20432692307692307 0.5649038461538461
0 0.6826923076923077 0.7740384615384616 0.07211538461538461 0.1466346153846154
0 0.9014423076923077 0.5420673076923077 0.07211538461538461 0.09134615384615384
0 0.9050480769230769 0.47716346153846156 0.03365384615384615 0.08653846153846154
0 0.8641826923076923 0.6983173076923077 0.10096153846153846 0.1875
0 0.8413461538461539 0.7716346153846154 0.10576923076923077 0.16346153846153846
0 0.8137019230769231 0.8221153846153846 0.10576923076923077 0.17548076923076922
0 0.7644230769230769 0.8533653846153846 0.07692307692307693 0.15865384615384615
0 0.7235576923076923 0.8725961538461539 0.052884615384615384 0.14182692307692307