0 0.9350961538461539 0.17307692307692307 0.12259615384615384 0.15625
0 0.9747596153846154 0.3112980769230769 0.04326923076923077 0.13221153846153846
0 0.9158653846153846 0.24879807692307693 0.06971153846153846 0.10096153846153846
0 0.9014423076923077 0.3269230769230769 0.0985576923076923 0.125
0 0.9591346153846154 0.4375 0.07692307692307693 0.13221153846153846
0 0.90625 0.5024038461538461 0.057692307692307696 0.1201923076923077
0 0.9014423076923077 0.421875 0.038461538461538464 0.052884615384615384
0 0.9158653846153846 0.6225961538461539 0.0889423076923077 0.18028846153846154
0 0.9675480769230769 0.5925480769230769 0.057692307692307696 0.13221153846153846
0 0.8894230769230769 0.7427884615384616 0.06971153846153846 0.19230769230769232
0 0.921875 0.7872596153846154 0.057692307692307696 0.17307692307692307
0 0.9771634615384616 0.7908653846153846 0.038461538461538464 0.28846153846153844
0 0.9435096153846154 0.8834134615384616 0.10576923076923077 0.2091346153846154
0 0.8569711538461539 0.8413461538461539 0.02403846153846154 0.125
0 0.8774038461538461 0.9230769230769231 0.0673076923076923 0.14903846153846154
0 0.9579326923076923 0.953125 0.08413461538461539 0.0889423076923077
0 0.7223557692307693 0.8269230769230769 0.09134615384615384 0.16826923076923078
0 0.8040865384615384 0.7668269230769231 0.10096153846153846 0.15625
0 0.8040865384615384 0.6382211538461539 0.11538461538461539 0.17307692307692307
0 0.6887019230769231 0.6826923076923077 0.12259615384615384 0.1778846153846154
0 0.6550480769230769 0.8088942307692307 0.0625 0.13221153846153846
0 0.7512019230769231 0.9387019230769231 0.08413461538461539 0.11778846153846154
0 0.7956730769230769 0.9711538461538461 0.0673076923076923 0.052884615384615384
0 0.6778846153846154 0.921875 0.06971153846153846 0.10817307692307693
0 0.6598557692307693 0.9807692307692307 0.06009615384615385 0.03365384615384615
0 0.7235576923076923 0.9831730769230769 0.0673076923076923 0.028846153846153848
0 0.8221153846153846 0.3329326923076923 0.0673076923076923 0.35336538461538464
0 0.7524038461538461 0.31490384615384615 0.08653846153846154 0.28125
0 0.7512019230769231 0.45552884615384615 0.09615384615384616 0.37259615384615385
0 0.7115384615384616 0.5540865384615384 0.17548076923076922 0.2692307692307692
0 0.6634615384615384 0.5120192307692307 0.08653846153846154 0.16346153846153846
0 0.6730769230769231 0.39783653846153844 0.10576923076923077 0.23317307692307693
0 0.6225961538461539 0.41346153846153844 0.09615384615384616 0.14423076923076922
0 0.6141826923076923 0.3737980769230769 0.16346153846153846 0.1971153846153846
0 0.671875 0.24278846153846154 0.14903846153846154 0.14903846153846154
0 0.6274038461538461 0.23918269230769232 0.08653846153846154 0.13221153846153846
0 0.04567307692307692 0.8894230769230769 0.08653846153846154 0.11538461538461539
0 0.02283653846153846 0.8257211538461539 0.040865384615384616 0.05048076923076923
0 0.05889423076923077 0.8233173076923077 0.03365384615384615 0.0673076923076923
0 0.09375 0.8293269230769231 0.03125 0.052884615384615384
0 0.10096153846153846 0.78125 0.04326923076923077 0.0673076923076923
0 0.06129807692307692 0.7367788461538461 0.06971153846153846 0.1201923076923077
0 0.10216346153846154 0.71875 0.03365384615384615 0.07211538461538461
0 0.08052884615384616 0.6646634615384616 0.04807692307692308 0.07211538461538461
0 0.030048076923076924 0.6622596153846154 0.06009615384615385 0.10096153846153846
0 0.014423076923076924 0.7355769230769231 0.02403846153846154 0.08653846153846154
0 0.021634615384615384 0.5600961538461539 0.038461538461538464 0.10096153846153846
0 0.05889423076923077 0.5180288461538461 0.06009615384615385 0.125
0 0.02283653846153846 0.4495192307692308 0.040865384615384616 0.1346153846153846
0 0.03245192307692308 0.3473557692307692 0.06009615384615385 0.12259615384615384
0 0.10336538461538461 0.27524038461538464 0.11538461538461539 0.1778846153846154
0 0.14302884615384615 0.14423076923076922 0.0889423076923077 0.1778846153846154
0 0.19471153846153846 0.34375 0.0673076923076923 0.15144230769230768
0 0.13221153846153846 0.3858173076923077 0.0673076923076923 0.0673076923076923
0 0.1778846153846154 0.2548076923076923 0.038461538461538464 0.052884615384615384
0 0.05889423076923077 0.1502403846153846 0.08653846153846154 0.15625
0 0.234375 0.16706730769230768 0.11298076923076923 0.21634615384615385
0 0.29086538461538464 0.10216346153846154 0.13221153846153846 0.19230769230769232
0 0.37259615384615385 0.2932692307692308 0.1201923076923077 0.2403846153846154
0 0.2860576923076923 0.35336538461538464 0.09615384615384616 0.20192307692307693
0 0.21995192307692307 0.4855769230769231 0.06971153846153846 0.09615384615384616
0 0.1502403846153846 0.49158653846153844 0.06971153846153846 0.1201923076923077
0 0.09735576923076923 0.4855769230769231 0.04326923076923077 0.08413461538461539
0 0.11899038461538461 0.578125 0.06009615384615385 0.0889423076923077
0 0.1935096153846154 0.5901442307692307 0.09615384615384616 0.13942307692307693
0 0.24759615384615385 0.6346153846153846 0.04567307692307692 0.10817307692307693
0 0.2512019230769231 0.5661057692307693 0.026442307692307692 0.052884615384615384
0 0.20793269230769232 0.6911057692307693 0.0673076923076923 0.09134615384615384
0 0.14543269230769232 0.6790865384615384 0.06009615384615385 0.09134615384615384
0 0.25721153846153844 0.7908653846153846 0.057692307692307696 0.10817307692307693
0 0.27283653846153844 0.9014423076923077 0.0625 0.125
0 0.2127403846153846 0.8954326923076923 0.06971153846153846 0.13942307692307693
0 0.20432692307692307 0.78125 0.052884615384615384 0.10096153846153846
0 0.15504807692307693 0.8209134615384616 0.07211538461538461 0.14423076923076922
0 0.25 0.9831730769230769 0.052884615384615384 0.028846153846153848
0 0.30649038461538464 0.9831730769230769 0.06009615384615385 0.028846153846153848
0 0.3557692307692308 0.9206730769230769 0.10576923076923077 0.15384615384615385
0 0.41586538461538464 0.8473557692307693 0.10576923076923077 0.1971153846153846
0 0.31850961538461536 0.8028846153846154 0.08413461538461539 0.1201923076923077
0 0.375 0.6790865384615384 0.11538461538461539 0.13942307692307693
0 0.3894230769230769 0.5841346153846154 0.0985576923076923 0.28125
0 0.3112980769230769 0.5300480769230769 0.07692307692307693 0.1971153846153846
0 0.30649038461538464 0.6502403846153846 0.07932692307692307 0.16346153846153846
0 0.5757211538461539 0.056490384615384616 0.028846153846153848 0.10096153846153846
0 0.5444711538461539 0.054086538461538464 0.026442307692307692 0.09615384615384616
0 0.5612980769230769 0.026442307692307692 0.019230769230769232 0.04326923076923077
0 0.5276442307692307 0.08052884615384616 0.038461538461538464 0.14903846153846154
0 0.5036057692307693 0.078125 0.02403846153846154 0.07211538461538461
0 0.4951923076923077 0.04447115384615385 0.038461538461538464 0.07692307692307693
0 0.4651442307692308 0.036057692307692304 0.026442307692307692 0.036057692307692304
0 0.4423076923076923 0.078125 0.04567307692307692 0.10817307692307693
0 0.41947115384615385 0.1502403846153846 0.026442307692307692 0.14423076923076922
0 0.46875 0.13822115384615385 0.08653846153846154 0.06009615384615385
0 0.4567307692307692 0.09615384615384616 0.028846153846153848 0.04807692307692308
0 0.46875 0.140625 0.08653846153846154 0.052884615384615384
0 0.4735576923076923 0.18269230769230768 0.0889423076923077 0.09134615384615384
0 0.5060096153846154 0.18269230769230768 0.0889423076923077 0.0673076923076923
0 0.5192307692307693 0.2091346153846154 0.0625 0.06009615384615385
0 0.41466346153846156 0.21514423076923078 0.09615384615384616 0.06009615384615385
0 0.49158653846153844 0.2692307692307692 0.07932692307692307 0.04807692307692308
0 0.5192307692307693 0.24879807692307693 0.057692307692307696 0.028846153846153848
0 0.5649038461538461 0.23918269230769232 0.026442307692307692 0.25
0 0.5913461538461539 0.18269230769230768 0.026442307692307692 0.3173076923076923
0 0.5084134615384616 0.34975961538461536 0.07211538461538461 0.125
0 0.4807692307692308 0.35336538461538464 0.0625 0.13221153846153846
0 0.4411057692307692 0.32091346153846156 0.04326923076923077 0.14903846153846154
0 0.44350961538461536 0.41947115384615385 0.028846153846153848 0.06009615384615385
0 0.45072115384615385 0.3737980769230769 0.0625 0.10096153846153846
0 0.46153846153846156 0.4639423076923077 0.07932692307692307 0.0673076923076923
0 0.4326923076923077 0.4699519230769231 0.09134615384615384 0.0673076923076923
0 0.4423076923076923 0.5120192307692307 0.1201923076923077 0.09134615384615384
0 0.5180288461538461 0.5 0.026442307692307692 0.17307692307692307
0 0.5048076923076923 0.5204326923076923 0.10576923076923077 0.04807692307692308
0 0.5829326923076923 0.5264423076923077 0.028846153846153848 0.1201923076923077
0 0.5661057692307693 0.5841346153846154 0.04807692307692308 0.04326923076923077
0 0.4723557692307692 0.6201923076923077 0.057692307692307696 0.13942307692307693
0 0.4423076923076923 0.6141826923076923 0.0673076923076923 0.11538461538461539
0 0.5048076923076923 0.6225961538461539 0.0673076923076923 0.14423076923076922
0 0.5144230769230769 0.6526442307692307 0.052884615384615384 0.07211538461538461
0 0.47475961538461536 0.6286057692307693 0.019230769230769232 0.14423076923076922
0 0.5721153846153846 0.65625 0.016826923076923076 0.10096153846153846
0 0.5588942307692307 0.6646634615384616 0.036057692307692304 0.08413461538461539
0 0.5805288461538461 0.7872596153846154 0.026442307692307692 0.16346153846153846
0 0.5564903846153846 0.7932692307692307 0.02403846153846154 0.18509615384615385
0 0.5264423076923077 0.7752403846153846 0.02403846153846154 0.125
0 0.5060096153846154 0.7728365384615384 0.02403846153846154 0.15625
0 0.47716346153846156 0.8233173076923077 0.03125 0.23317307692307693
0 0.48677884615384615 0.7992788461538461 0.09615384615384616 0.028846153846153848
0 0.5 0.9230769230769231 0.038461538461538464 0.14903846153846154
0 0.5036057692307693 0.9230769230769231 0.03125 0.14903846153846154
0 0.5360576923076923 0.9350961538461539 0.04326923076923077 0.125
0 0.5612980769230769 0.9639423076923077 0.03365384615384615 0.04807692307692308
0 0.5913461538461539 0.9435096153846154 0.026442307692307692 0.07692307692307693
0 0.5576923076923077 0.8954326923076923 0.026442307692307692 0.0673076923076923
0 0.5745192307692307 0.8978365384615384 0.03365384615384615 0.07211538461538461
0 0.5228365384615384 0.9074519230769231 0.036057692307692304 0.07692307692307693