0 0.09014423076923077 0.9086538461538461 0.17548076923076922 0.16826923076923078
0 0.038461538461538464 0.6850961538461539 0.07211538461538461 0.38221153846153844
0 0.054086538461538464 0.4182692307692308 0.10096153846153846 0.39663461538461536
0 0.125 0.7992788461538461 0.11778846153846154 0.3245192307692308
0 0.2848557692307692 0.7764423076923077 0.25240384615384615 0.4230769230769231
0 0.33774038461538464 0.9675480769230769 0.15625 0.052884615384615384
0 0.8798076923076923 0.8161057692307693 0.23557692307692307 0.3581730769230769
0 0.9495192307692307 0.28846153846153844 0.09615384615384616 0.5721153846153846
0 0.90625 0.3161057692307692 0.15865384615384615 0.6274038461538461
0 0.9555288461538461 0.6466346153846154 0.08413461538461539 0.13942307692307693
0 0.8713942307692307 0.5588942307692307 0.04807692307692308 0.16826923076923078
0 0.8040865384615384 0.578125 0.09134615384615384 0.27403846153846156
0 0.7151442307692307 0.8088942307692307 0.09615384615384616 0.30528846153846156
0 0.6646634615384616 0.9290865384615384 0.07692307692307693 0.12980769230769232
0 0.5973557692307693 0.9579326923076923 0.06971153846153846 0.07211538461538461
0 0.734375 0.9507211538461539 0.04807692307692308 0.08413461538461539
0 0.6081730769230769 0.8052884615384616 0.12259615384615384 0.18269230769230768
0 0.5841346153846154 0.8762019230769231 0.0625 0.07692307692307693
0 0.5120192307692307 0.9447115384615384 0.09615384615384616 0.09615384615384616
0 0.43990384615384615 0.9447115384615384 0.04807692307692308 0.09615384615384616
0 0.2247596153846154 0.35697115384615385 0.23557692307692307 0.5456730769230769
0 0.11778846153846154 0.15625 0.23076923076923078 0.3125
0 0.4951923076923077 0.7235576923076923 0.08653846153846154 0.2932692307692308
0 0.4495192307692308 0.7788461538461539 0.09134615384615384 0.27403846153846156
0 0.3713942307692308 0.6298076923076923 0.10096153846153846 0.19471153846153846
0 0.30408653846153844 0.5384615384615384 0.09615384615384616 0.19471153846153846
0 0.20793269230769232 0.5841346153846154 0.0673076923076923 0.11538461538461539
0 0.4206730769230769 0.4675480769230769 0.10096153846153846 0.20673076923076922
0 0.5132211538461539 0.3798076923076923 0.1346153846153846 0.16346153846153846
0 0.5492788461538461 0.4639423076923077 0.125 0.17548076923076922
0 0.5901442307692307 0.5817307692307693 0.11538461538461539 0.21394230769230768
0 0.5204326923076923 0.6334134615384616 0.07932692307692307 0.16346153846153846
0 0.44350961538461536 0.2403846153846154 0.10576923076923077 0.20673076923076922
0 0.4651442307692308 0.09375 0.09134615384615384 0.17548076923076922
0 0.3641826923076923 0.14903846153846154 0.038461538461538464 0.20673076923076922
0 0.32091346153846156 0.171875 0.07451923076923077 0.2548076923076923
0 0.26802884615384615 0.09134615384615384 0.09615384615384616 0.18269230769230768
0 0.33653846153846156 0.04326923076923077 0.21634615384615385 0.08173076923076923
0 0.6442307692307693 0.12139423076923077 0.25 0.23798076923076922
0 0.6213942307692307 0.3798076923076923 0.09615384615384616 0.27884615384615385
0 0.6838942307692307 0.47115384615384615 0.09615384615384616 0.14903846153846154
0 0.6442307692307693 0.6165865384615384 0.09615384615384616 0.22115384615384615
0 0.7319711538461539 0.6262019230769231 0.08173076923076923 0.14903846153846154
0 0.7824519230769231 0.39302884615384615 0.10576923076923077 0.17548076923076922
0 0.7403846153846154 0.49399038461538464 0.04807692307692308 0.11538461538461539
0 0.7692307692307693 0.171875 0.09615384615384616 0.2548076923076923
0 0.6754807692307693 0.23317307692307693 0.07211538461538461 0.14423076923076922
0 0.6875 0.34375 0.04326923076923077 0.07692307692307693
0 0.640625 0.17908653846153846 0.04567307692307692 0.08413461538461539
0 0.4987980769230769 0.5 0.9975961538461539 0.9951923076923077