0 0.2608173076923077 0.9098557692307693 0.10576923076923077 0.10817307692307693
0 0.203125 0.8942307692307693 0.057692307692307696 0.16105769230769232
0 0.18870192307692307 0.7319711538461539 0.0625 0.15625
0 0.23557692307692307 0.7836538461538461 0.08653846153846154 0.14423076923076922
0 0.25721153846153844 0.6370192307692307 0.0889423076923077 0.13942307692307693
0 0.2920673076923077 0.7391826923076923 0.0673076923076923 0.10817307692307693
0 0.33533653846153844 0.8197115384615384 0.125 0.1346153846153846
0 0.3317307692307692 0.9170673076923077 0.03125 0.08173076923076923
0 0.39783653846153844 0.9254807692307693 0.10096153846153846 0.13942307692307693
0 0.47716346153846156 0.9302884615384616 0.10576923076923077 0.10817307692307693
0 0.5372596153846154 0.9230769230769231 0.04807692307692308 0.0625
0 0.5252403846153846 0.8509615384615384 0.06971153846153846 0.08173076923076923
0 0.45552884615384615 0.8197115384615384 0.10817307692307693 0.11298076923076923
0 0.4362980769230769 0.7163461538461539 0.09134615384615384 0.11298076923076923
0 0.4735576923076923 0.6911057692307693 0.05048076923076923 0.125
0 0.33533653846153844 0.6105769230769231 0.06971153846153846 0.07692307692307693
0 0.35096153846153844 0.6959134615384616 0.0625 0.10336538461538461
0 0.3894230769230769 0.6598557692307693 0.10096153846153846 0.09134615384615384
0 0.4014423076923077 0.6213942307692307 0.06971153846153846 0.09615384615384616
0 0.44591346153846156 0.6129807692307693 0.05048076923076923 0.08173076923076923
0 0.515625 0.6237980769230769 0.08173076923076923 0.09134615384615384
0 0.5228365384615384 0.7271634615384616 0.07211538461538461 0.125
0 0.27163461538461536 0.48677884615384615 0.0889423076923077 0.0673076923076923
0 0.203125 0.4639423076923077 0.07211538461538461 0.10336538461538461
0 0.16466346153846154 0.4795673076923077 0.04326923076923077 0.08173076923076923
0 0.140625 0.4411057692307692 0.04326923076923077 0.08653846153846154
0 0.15264423076923078 0.3870192307692308 0.057692307692307696 0.10336538461538461
0 0.1310096153846154 0.3581730769230769 0.03125 0.0673076923076923
0 0.13341346153846154 0.2704326923076923 0.04326923076923077 0.08653846153846154
0 0.17908653846153846 0.3016826923076923 0.0673076923076923 0.07692307692307693
0 0.22956730769230768 0.39903846153846156 0.10576923076923077 0.09615384615384616
0 0.2860576923076923 0.41225961538461536 0.04807692307692308 0.07211538461538461
0 0.2956730769230769 0.3605769230769231 0.05048076923076923 0.17548076923076922
0 0.24519230769230768 0.3425480769230769 0.0673076923076923 0.07692307692307693
0 0.2512019230769231 0.29927884615384615 0.052884615384615384 0.07211538461538461
0 0.21634615384615385 0.2608173076923077 0.038461538461538464 0.04807692307692308
0 0.16826923076923078 0.21153846153846154 0.057692307692307696 0.09134615384615384
0 0.1201923076923077 0.19110576923076922 0.06971153846153846 0.09134615384615384
0 0.15264423076923078 0.13701923076923078 0.0673076923076923 0.07692307692307693
0 0.20432692307692307 0.15985576923076922 0.0625 0.1346153846153846
0 0.27163461538461536 0.14903846153846154 0.09615384615384616 0.11298076923076923
0 0.3125 0.23677884615384615 0.03125 0.11298076923076923
0 0.28725961538461536 0.0673076923076923 0.08173076923076923 0.125
0 0.21634615384615385 0.06490384615384616 0.10096153846153846 0.12980769230769232
0 0.14423076923076922 0.06971153846153846 0.05048076923076923 0.10817307692307693
0 0.37259615384615385 0.484375 0.057692307692307696 0.0625
0 0.37259615384615385 0.4074519230769231 0.0673076923076923 0.0625
0 0.43028846153846156 0.45072115384615385 0.057692307692307696 0.1201923076923077
0 0.3762019230769231 0.4567307692307692 0.057692307692307696 0.02403846153846154
0 0.3798076923076923 0.3713942307692308 0.05048076923076923 0.040865384615384616
0 0.3786057692307692 0.296875 0.09134615384615384 0.10817307692307693
0 0.41466346153846156 0.28846153846153844 0.04326923076923077 0.0625
0 0.42908653846153844 0.36899038461538464 0.0625 0.09615384615384616
0 0.46875 0.4098557692307692 0.04326923076923077 0.0673076923076923
0 0.4963942307692308 0.48677884615384615 0.09615384615384616 0.057692307692307696
0 0.5733173076923077 0.46153846153846156 0.0673076923076923 0.10817307692307693
0 0.515625 0.4254807692307692 0.09615384615384616 0.08653846153846154
0 0.5661057692307693 0.38100961538461536 0.08173076923076923 0.08173076923076923
0 0.5600961538461539 0.3329326923076923 0.0625 0.057692307692307696
0 0.5324519230769231 0.2860576923076923 0.06971153846153846 0.07692307692307693
0 0.49399038461538464 0.3173076923076923 0.0625 0.08653846153846154
0 0.4651442307692308 0.28846153846153844 0.08173076923076923 0.09134615384615384
0 0.4963942307692308 0.3581730769230769 0.0673076923076923 0.057692307692307696
0 0.3701923076923077 0.18870192307692307 0.07692307692307693 0.08653846153846154
0 0.4206730769230769 0.14423076923076922 0.08653846153846154 0.15384615384615385
0 0.4735576923076923 0.15264423076923078 0.08173076923076923 0.12980769230769232
0 0.5252403846153846 0.1622596153846154 0.0625 0.10817307692307693
0 0.5757211538461539 0.15745192307692307 0.0625 0.10817307692307693
0 0.5661057692307693 0.07211538461538461 0.08173076923076923 0.07211538461538461
0 0.5132211538461539 0.046875 0.06971153846153846 0.07211538461538461
0 0.5528846153846154 0.025240384615384616 0.09134615384615384 0.04567307692307692
0 0.4675480769230769 0.03125 0.038461538461538464 0.0625
0 0.41466346153846156 0.028846153846153848 0.05048076923076923 0.057692307692307696
0 0.43028846153846156 0.06129807692307692 0.057692307692307696 0.0625
0 0.3786057692307692 0.10096153846153846 0.06971153846153846 0.1201923076923077
0 0.35096153846153844 0.10817307692307693 0.02403846153846154 0.07211538461538461
0 0.36778846153846156 0.027644230769230768 0.052884615384615384 0.05048076923076923
0 0.9194711538461539 0.7608173076923077 0.03125 0.04807692307692308
0 0.8942307692307693 0.7704326923076923 0.026442307692307692 0.04807692307692308
0 0.8858173076923077 0.734375 0.019230769230769232 0.02403846153846154
0 0.859375 0.7391826923076923 0.019230769230769232 0.036057692307692304
0 0.8701923076923077 0.7680288461538461 0.019230769230769232 0.019230769230769232
0 0.8353365384615384 0.765625 0.019230769230769232 0.02403846153846154
0 0.8353365384615384 0.7319711538461539 0.019230769230769232 0.019230769230769232
0 0.8028846153846154 0.7608173076923077 0.02403846153846154 0.04807692307692308
0 0.7776442307692307 0.7548076923076923 0.019230769230769232 0.036057692307692304
0 0.7451923076923077 0.7524038461538461 0.038461538461538464 0.052884615384615384
0 0.7163461538461539 0.7427884615384616 0.026442307692307692 0.040865384615384616
0 0.6838942307692307 0.75 0.03125 0.036057692307692304
0 0.6622596153846154 0.7211538461538461 0.03365384615384615 0.040865384615384616
0 0.6538461538461539 0.6826923076923077 0.019230769230769232 0.036057692307692304
0 0.9242788461538461 0.6935096153846154 0.04326923076923077 0.055288461538461536
0 0.8978365384615384 0.7163461538461539 0.05048076923076923 0.06009615384615385
0 0.8473557692307693 0.6983173076923077 0.04326923076923077 0.055288461538461536
0 0.8112980769230769 0.7211538461538461 0.03125 0.052884615384615384
0 0.8088942307692307 0.6706730769230769 0.03365384615384615 0.040865384615384616
0 0.7764423076923077 0.7091346153846154 0.03125 0.07692307692307693
0 0.7415865384615384 0.6959134615384616 0.04807692307692308 0.052884615384615384
0 0.7067307692307693 0.6850961538461539 0.03125 0.040865384615384616
0 0.6971153846153846 0.7139423076923077 0.03365384615384615 0.036057692307692304
0 0.6754807692307693 0.6730769230769231 0.02403846153846154 0.04807692307692308
0 0.9290865384615384 0.6442307692307693 0.03365384615384615 0.040865384615384616
0 0.9362980769230769 0.6081730769230769 0.026442307692307692 0.03125
0 0.9338942307692307 0.5721153846153846 0.038461538461538464 0.03125
0 0.9435096153846154 0.5432692307692307 0.03365384615384615 0.04807692307692308
0 0.9326923076923077 0.5180288461538461 0.019230769230769232 0.036057692307692304
0 0.9387019230769231 0.484375 0.03125 0.052884615384615384
0 0.9399038461538461 0.43509615384615385 0.04326923076923077 0.04807692307692308
0 0.9266826923076923 0.3894230769230769 0.038461538461538464 0.04807692307692308
0 0.9399038461538461 0.3557692307692308 0.026442307692307692 0.040865384615384616
0 0.9387019230769231 0.3112980769230769 0.03125 0.036057692307692304
0 0.9266826923076923 0.27524038461538464 0.02403846153846154 0.02403846153846154
0 0.9362980769230769 0.24519230769230768 0.03365384615384615 0.036057692307692304
0 0.9074519230769231 0.30649038461538464 0.03125 0.036057692307692304
0 0.9146634615384616 0.3449519230769231 0.02403846153846154 0.040865384615384616
0 0.8954326923076923 0.36899038461538464 0.03125 0.036057692307692304
0 0.8822115384615384 0.4026442307692308 0.026442307692307692 0.03125
0 0.9050480769230769 0.4254807692307692 0.026442307692307692 0.057692307692307696
0 0.9050480769230769 0.46875 0.026442307692307692 0.052884615384615384
0 0.8954326923076923 0.5 0.038461538461538464 0.052884615384615384
0 0.9050480769230769 0.5492788461538461 0.026442307692307692 0.057692307692307696
0 0.9014423076923077 0.21394230769230768 0.05048076923076923 0.04807692307692308
0 0.8798076923076923 0.25240384615384615 0.038461538461538464 0.040865384615384616
0 0.9038461538461539 0.2608173076923077 0.02403846153846154 0.04807692307692308
0 0.8701923076923077 0.28846153846153844 0.03365384615384615 0.040865384615384616
0 0.8822115384615384 0.3245192307692308 0.026442307692307692 0.040865384615384616
0 0.8509615384615384 0.3425480769230769 0.03365384615384615 0.036057692307692304
0 0.8557692307692307 0.3786057692307692 0.03365384615384615 0.04807692307692308
0 0.8725961538461539 0.4326923076923077 0.038461538461538464 0.040865384615384616
0 0.8725961538461539 0.47475961538461536 0.03125 0.03125
0 0.8533653846153846 0.5 0.03125 0.03125
0 0.8557692307692307 0.53125 0.03365384615384615 0.03125
0 0.8858173076923077 0.5492788461538461 0.05048076923076923 0.057692307692307696
0 0.8822115384615384 0.6189903846153846 0.04326923076923077 0.052884615384615384
0 0.8894230769230769 0.6526442307692307 0.026442307692307692 0.036057692307692304
0 0.84375 0.6442307692307693 0.03365384615384615 0.040865384615384616
0 0.8461538461538461 0.6129807692307693 0.03125 0.03125
0 0.8557692307692307 0.5769230769230769 0.026442307692307692 0.03125
0 0.8413461538461539 0.5540865384615384 0.038461538461538464 0.04807692307692308
0 0.8185096153846154 0.5901442307692307 0.038461538461538464 0.04807692307692308
0 0.8125 0.6346153846153846 0.03365384615384615 0.040865384615384616
0 0.7824519230769231 0.6237980769230769 0.03365384615384615 0.040865384615384616
0 0.7668269230769231 0.6550480769230769 0.03365384615384615 0.03125
0 0.7487980769230769 0.6346153846153846 0.03125 0.052884615384615384
0 0.8557692307692307 0.21634615384615385 0.03365384615384615 0.052884615384615384
0 0.84375 0.26322115384615385 0.019230769230769232 0.040865384615384616
0 0.8305288461538461 0.28365384615384615 0.02403846153846154 0.052884615384615384
0 0.8185096153846154 0.33533653846153844 0.03125 0.052884615384615384
0 0.8305288461538461 0.3737980769230769 0.03125 0.04807692307692308
0 0.8317307692307693 0.4254807692307692 0.026442307692307692 0.04807692307692308
0 0.8401442307692307 0.46875 0.019230769230769232 0.03125
0 0.8149038461538461 0.4795673076923077 0.014423076923076924 0.03125
0 0.8209134615384616 0.5228365384615384 0.026442307692307692 0.04807692307692308
0 0.7932692307692307 0.5492788461538461 0.04326923076923077 0.036057692307692304
0 0.7776442307692307 0.5853365384615384 0.04326923076923077 0.036057692307692304
0 0.7415865384615384 0.5745192307692307 0.038461538461538464 0.057692307692307696
0 0.7175480769230769 0.5973557692307693 0.03125 0.03125
0 0.7199519230769231 0.6346153846153846 0.019230769230769232 0.052884615384615384
0 0.6935096153846154 0.6262019230769231 0.03365384615384615 0.04807692307692308
0 0.6598557692307693 0.6394230769230769 0.02403846153846154 0.052884615384615384
0 0.8245192307692307 0.23197115384615385 0.026442307692307692 0.052884615384615384
0 0.7932692307692307 0.22956730769230768 0.026442307692307692 0.057692307692307696
0 0.8064903846153846 0.265625 0.014423076923076924 0.036057692307692304
0 0.7992788461538461 0.29927884615384615 0.03125 0.052884615384615384
0 0.7824519230769231 0.3425480769230769 0.03365384615384615 0.04807692307692308
0 0.7740384615384616 0.3870192307692308 0.026442307692307692 0.03125
0 0.8016826923076923 0.3737980769230769 0.026442307692307692 0.036057692307692304
0 0.8052884615384616 0.4074519230769231 0.026442307692307692 0.040865384615384616
0 0.8016826923076923 0.44591346153846156 0.04326923076923077 0.036057692307692304
0 0.7704326923076923 0.41466346153846156 0.03365384615384615 0.04807692307692308
0 0.7872596153846154 0.48197115384615385 0.038461538461538464 0.0673076923076923
0 0.7391826923076923 0.5204326923076923 0.03365384615384615 0.03125
0 0.7512019230769231 0.4795673076923077 0.03365384615384615 0.03125
0 0.7548076923076923 0.44591346153846156 0.04326923076923077 0.04807692307692308
0 0.7199519230769231 0.4411057692307692 0.026442307692307692 0.057692307692307696
0 0.7451923076923077 0.4050480769230769 0.03125 0.057692307692307696
0 0.7415865384615384 0.35336538461538464 0.03125 0.02403846153846154
0 0.7391826923076923 0.31971153846153844 0.026442307692307692 0.052884615384615384
0 0.7716346153846154 0.296875 0.02403846153846154 0.036057692307692304
0 0.7572115384615384 0.25 0.03125 0.036057692307692304
0 0.7427884615384616 0.28365384615384615 0.03365384615384615 0.040865384615384616
0 0.7644230769230769 0.21394230769230768 0.02403846153846154 0.036057692307692304
0 0.7355769230769231 0.22956730769230768 0.026442307692307692 0.04807692307692308
0 0.7175480769230769 0.25721153846153844 0.02403846153846154 0.040865384615384616
0 0.7139423076923077 0.28846153846153844 0.02403846153846154 0.040865384615384616
0 0.7103365384615384 0.31971153846153844 0.014423076923076924 0.040865384615384616
0 0.7007211538461539 0.3557692307692308 0.03365384615384615 0.052884615384615384
0 0.7163461538461539 0.3894230769230769 0.019230769230769232 0.036057692307692304
0 0.6838942307692307 0.39903846153846156 0.03125 0.04807692307692308
0 0.6887019230769231 0.4387019230769231 0.026442307692307692 0.019230769230769232
0 0.6838942307692307 0.47475961538461536 0.03125 0.040865384615384616
0 0.7127403846153846 0.484375 0.026442307692307692 0.03125
0 0.7067307692307693 0.5360576923076923 0.02403846153846154 0.052884615384615384
0 0.6778846153846154 0.5288461538461539 0.026442307692307692 0.057692307692307696
0 0.7043269230769231 0.5793269230769231 0.026442307692307692 0.04807692307692308
0 0.671875 0.5901442307692307 0.02403846153846154 0.036057692307692304
0 0.6538461538461539 0.5877403846153846 0.01201923076923077 0.03125
0 0.6586538461538461 0.5432692307692307 0.026442307692307692 0.057692307692307696
0 0.65625 0.5 0.02403846153846154 0.03125
0 0.6538461538461539 0.46634615384615385 0.019230769230769232 0.036057692307692304
0 0.6586538461538461 0.42788461538461536 0.026442307692307692 0.040865384615384616
0 0.65625 0.39663461538461536 0.014423076923076924 0.03125
0 0.6754807692307693 0.36899038461538464 0.038461538461538464 0.036057692307692304
0 0.6622596153846154 0.35096153846153844 0.026442307692307692 0.040865384615384616
0 0.65625 0.3088942307692308 0.02403846153846154 0.03125
0 0.6887019230769231 0.3016826923076923 0.03365384615384615 0.057692307692307696
0 0.6646634615384616 0.28125 0.014423076923076924 0.02403846153846154
0 0.6850961538461539 0.26322115384615385 0.026442307692307692 0.03125
0 0.6646634615384616 0.24278846153846154 0.03125 0.052884615384615384
0 0.7007211538461539 0.234375 0.026442307692307692 0.04807692307692308
5 0.33413461538461536 0.7680288461538461 0.49759615384615385 0.4519230769230769
5 0.8064903846153846 0.49278846153846156 0.3701923076923077 0.6850961538461539
5 0.3605769230769231 0.27163461538461536 0.5865384615384616 0.5384615384615384