0 0.5901442307692307 0.38822115384615385 0.8149038461538461 0.7668269230769231
0 0.15144230769230768 0.18870192307692307 0.1346153846153846 0.13942307692307693
0 0.04447115384615385 0.15504807692307693 0.08173076923076923 0.09615384615384616
0 0.052884615384615384 0.2403846153846154 0.09615384615384616 0.11538461538461539
0 0.06850961538461539 0.421875 0.12980769230769232 0.1875
0 0.08052884615384616 0.3449519230769231 0.0889423076923077 0.10096153846153846
0 0.13822115384615385 0.2800480769230769 0.08173076923076923 0.07211538461538461
0 0.23798076923076922 0.25961538461538464 0.09375 0.10096153846153846
0 0.16466346153846154 0.3245192307692308 0.08173076923076923 0.0889423076923077
0 0.18269230769230768 0.3870192307692308 0.0889423076923077 0.07211538461538461
0 0.25961538461538464 0.39302884615384615 0.08413461538461539 0.0673076923076923
0 0.25721153846153844 0.3401442307692308 0.08173076923076923 0.07692307692307693
0 0.33052884615384615 0.3137019230769231 0.0673076923076923 0.0673076923076923
0 0.3557692307692308 0.6706730769230769 0.3557692307692308 0.15865384615384615
0 0.2403846153846154 0.4951923076923077 0.15865384615384615 0.15384615384615385
0 0.08413461538461539 0.5552884615384616 0.15865384615384615 0.1875