0 0.9362980769230769 0.1466346153846154 0.11538461538461539 0.28365384615384615
0 0.8221153846153846 0.1310096153846154 0.30288461538461536 0.2548076923076923
0 0.6526442307692307 0.14302884615384615 0.1875 0.27884615384615385
0 0.4795673076923077 0.16826923076923078 0.19951923076923078 0.3269230769230769
0 0.2920673076923077 0.2091346153846154 0.23798076923076922 0.4110576923076923
0 0.17548076923076922 0.3088942307692308 0.31009615384615385 0.4230769230769231
0 0.5552884615384616 0.40865384615384615 0.47115384615384615 0.3245192307692308
0 0.5588942307692307 0.5288461538461539 0.5192307692307693 0.2620192307692308
0 0.8810096153846154 0.5216346153846154 0.2283653846153846 0.4567307692307692
0 0.8197115384615384 0.3942307692307692 0.1875 0.3605769230769231
0 0.9362980769230769 0.6189903846153846 0.11538461538461539 0.2692307692307692
0 0.7740384615384616 0.8004807692307693 0.4423076923076923 0.19471153846153846
0 0.7487980769230769 0.9266826923076923 0.37259615384615385 0.14182692307692307
0 0.4675480769230769 0.8197115384615384 0.21394230769230768 0.24278846153846154
0 0.6069711538461539 0.6658653846153846 0.3605769230769231 0.23798076923076922
0 0.2692307692307692 0.828125 0.19230769230769232 0.3389423076923077
0 0.1466346153846154 0.4951923076923077 0.28846153846153844 0.46634615384615385
0 0.08774038461538461 0.1346153846153846 0.17067307692307693 0.2644230769230769
0 0.08413461538461539 0.7596153846153846 0.16826923076923078 0.37740384615384615
0 0.09735576923076923 0.8894230769230769 0.18990384615384615 0.21634615384615385
0 0.5709134615384616 0.96875 0.4206730769230769 0.057692307692307696