0 0.7091346153846154 0.4182692307692308 0.3629807692307692 0.33413461538461536
0 0.4951923076923077 0.24519230769230768 0.3942307692307692 0.32211538461538464
0 0.3004807692307692 0.09615384615384616 0.3942307692307692 0.18269230769230768
0 0.21634615384615385 0.3173076923076923 0.35336538461538464 0.28365384615384615
0 0.453125 0.5336538461538461 0.36778846153846156 0.27884615384615385
0 0.6646634615384616 0.7331730769230769 0.4423076923076923 0.33413461538461536
0 0.46274038461538464 0.8725961538461539 0.36778846153846156 0.25
0 0.25841346153846156 0.7055288461538461 0.3485576923076923 0.27163461538461536
0 0.13221153846153846 0.515625 0.2644230769230769 0.2668269230769231
0 0.07211538461538461 0.24158653846153846 0.14423076923076922 0.25
0 0.09975961538461539 0.7668269230769231 0.19951923076923078 0.25240384615384615