0 0.8605769230769231 0.953125 0.12740384615384615 0.08173076923076923
0 0.7908653846153846 0.890625 0.0985576923076923 0.14182692307692307
0 0.8257211538461539 0.765625 0.125 0.15384615384615385
0 0.8617788461538461 0.6370192307692307 0.125 0.18028846153846154
0 0.953125 0.5132211538461539 0.08653846153846154 0.17307692307692307
0 0.9290865384615384 0.4098557692307692 0.07692307692307693 0.12980769230769232
0 0.8617788461538461 0.5060096153846154 0.09615384615384616 0.09134615384615384
0 0.8509615384615384 0.39663461538461536 0.08653846153846154 0.11538461538461539
0 0.8473557692307693 0.28966346153846156 0.09615384615384616 0.0985576923076923
0 0.8762019230769231 0.19951923076923078 0.10096153846153846 0.10336538461538461
0 0.7836538461538461 0.4639423076923077 0.08413461538461539 0.13221153846153846
0 0.7800480769230769 0.5769230769230769 0.0673076923076923 0.08173076923076923
0 0.7487980769230769 0.7427884615384616 0.08173076923076923 0.12980769230769232
0 0.6983173076923077 0.84375 0.11538461538461539 0.14903846153846154
0 0.7223557692307693 0.9567307692307693 0.07692307692307693 0.07692307692307693
0 0.6165865384615384 0.9182692307692307 0.1346153846153846 0.15384615384615385
0 0.5913461538461539 0.8329326923076923 0.0985576923076923 0.11538461538461539
0 0.6358173076923077 0.6742788461538461 0.15384615384615385 0.23557692307692307
0 0.7055288461538461 0.47836538461538464 0.10096153846153846 0.18028846153846154
0 0.7223557692307693 0.5901442307692307 0.052884615384615384 0.0673076923076923
0 0.6177884615384616 0.5132211538461539 0.09615384615384616 0.11057692307692307
0 0.6394230769230769 0.42908653846153844 0.05048076923076923 0.07211538461538461
0 0.6778846153846154 0.32211538461538464 0.0985576923076923 0.15384615384615385
0 0.7403846153846154 0.36658653846153844 0.02403846153846154 0.0673076923076923
0 0.7776442307692307 0.3581730769230769 0.06490384615384616 0.09375
0 0.7896634615384616 0.265625 0.028846153846153848 0.08173076923076923
0 0.7223557692307693 0.24879807692307693 0.11298076923076923 0.15865384615384615
0 0.7512019230769231 0.1778846153846154 0.08413461538461539 0.10336538461538461
0 0.7764423076923077 0.13942307692307693 0.0673076923076923 0.09375
0 0.48677884615384615 0.9014423076923077 0.11538461538461539 0.1875
0 0.5168269230769231 0.7596153846153846 0.11778846153846154 0.17307692307692307
0 0.5492788461538461 0.5733173076923077 0.08173076923076923 0.1201923076923077
0 0.5168269230769231 0.46153846153846156 0.125 0.16826923076923078
0 0.5913461538461539 0.3581730769230769 0.10576923076923077 0.18028846153846154
0 0.5108173076923077 0.2980769230769231 0.0985576923076923 0.13701923076923078
0 0.5913461538461539 0.16706730769230768 0.1201923076923077 0.18028846153846154
0 0.6766826923076923 0.10697115384615384 0.08653846153846154 0.11538461538461539
0 0.578125 0.057692307692307696 0.08173076923076923 0.07211538461538461
0 0.5024038461538461 0.10336538461538461 0.09615384615384616 0.12980769230769232
0 0.47475961538461536 0.234375 0.11298076923076923 0.15384615384615385
0 0.4182692307692308 0.09014423076923077 0.08173076923076923 0.10336538461538461
0 0.41947115384615385 0.17427884615384615 0.07692307692307693 0.12980769230769232
0 0.3870192307692308 0.265625 0.07692307692307693 0.06009615384615385
0 0.4074519230769231 0.34975961538461536 0.08653846153846154 0.12980769230769232
0 0.3161057692307692 0.3737980769230769 0.11057692307692307 0.16826923076923078
0 0.296875 0.5324519230769231 0.1201923076923077 0.16826923076923078
0 0.3581730769230769 0.6141826923076923 0.08413461538461539 0.11538461538461539
0 0.46875 0.6201923076923077 0.11538461538461539 0.13701923076923078
0 0.39783653846153844 0.5024038461538461 0.1201923076923077 0.16346153846153846
0 0.296875 0.23798076923076922 0.09134615384615384 0.11538461538461539
0 0.33052884615384615 0.13701923076923078 0.08653846153846154 0.1201923076923077
0 0.22716346153846154 0.13942307692307693 0.11298076923076923 0.14903846153846154
0 0.13822115384615385 0.21634615384615385 0.11778846153846154 0.13701923076923078
0 0.15504807692307693 0.28725961538461536 0.08413461538461539 0.125
0 0.23076923076923078 0.328125 0.09134615384615384 0.13221153846153846
0 0.15144230769230768 0.36899038461538464 0.08413461538461539 0.11538461538461539
0 0.054086538461538464 0.3581730769230769 0.10336538461538461 0.14903846153846154
0 0.11057692307692307 0.4807692307692308 0.11298076923076923 0.16346153846153846
0 0.22355769230769232 0.4723557692307692 0.10576923076923077 0.14903846153846154
0 0.22956730769230768 0.6502403846153846 0.11778846153846154 0.15384615384615385
0 0.12860576923076922 0.6262019230769231 0.09134615384615384 0.11298076923076923
0 0.1346153846153846 0.7680288461538461 0.11057692307692307 0.18028846153846154
0 0.23317307692307693 0.828125 0.125 0.20192307692307693
0 0.16346153846153846 0.9158653846153846 0.10336538461538461 0.13701923076923078
0 0.23076923076923078 0.9615384615384616 0.12740384615384615 0.0673076923076923
0 0.3581730769230769 0.9290865384615384 0.1346153846153846 0.12980769230769232
0 0.35096153846153844 0.7764423076923077 0.1201923076923077 0.1875
0 0.4254807692307692 0.7319711538461539 0.0889423076923077 0.17307692307692307