0 0.038461538461538464 0.09975961538461539 0.0673076923076923 0.11298076923076923
0 0.25961538461538464 0.22235576923076922 0.21153846153846154 0.12980769230769232
0 0.45072115384615385 0.2620192307692308 0.21153846153846154 0.12980769230769232
0 0.6141826923076923 0.32572115384615385 0.06009615384615385 0.04807692307692308
0 0.7163461538461539 0.28725961538461536 0.17307692307692307 0.11538461538461539
0 0.5709134615384616 0.06850961538461539 0.15865384615384615 0.10096153846153846
0 0.2764423076923077 0.02403846153846154 0.15865384615384615 0.04807692307692308
0 0.37740384615384615 0.5420673076923077 0.20673076923076922 0.12980769230769232
0 0.2764423076923077 0.6550480769230769 0.08173076923076923 0.11057692307692307
0 0.32572115384615385 0.765625 0.18028846153846154 0.14182692307692307
0 0.31971153846153844 0.8834134615384616 0.11538461538461539 0.11538461538461539
0 0.4723557692307692 0.9603365384615384 0.23557692307692307 0.07451923076923077
0 0.4807692307692308 0.8521634615384616 0.28365384615384615 0.17067307692307693
0 0.6334134615384616 0.9038461538461539 0.15384615384615385 0.10576923076923077
0 0.7920673076923077 0.8473557692307693 0.12980769230769232 0.10336538461538461
0 0.671875 0.8076923076923077 0.1875 0.13942307692307693
0 0.6310096153846154 0.6875 0.18028846153846154 0.15865384615384615
0 0.4375 0.6742788461538461 0.23076923076923078 0.17067307692307693
0 0.5600961538461539 0.5504807692307693 0.19230769230769232 0.14182692307692307
0 0.47836538461538464 0.4543269230769231 0.21153846153846154 0.16826923076923078
0 0.6141826923076923 0.4423076923076923 0.08173076923076923 0.12740384615384615
0 0.6911057692307693 0.5132211538461539 0.11538461538461539 0.10096153846153846
0 0.734375 0.625 0.19230769230769232 0.125
0 0.8389423076923077 0.6947115384615384 0.18028846153846154 0.13942307692307693
0 0.7536057692307693 0.7560096153846154 0.08653846153846154 0.0889423076923077
0 0.8365384615384616 0.5685096153846154 0.16346153846153846 0.11298076923076923