0 0.078125 0.9435096153846154 0.14423076923076922 0.10817307692307693
0 0.09735576923076923 0.8425480769230769 0.16826923076923078 0.14423076923076922
0 0.042067307692307696 0.6887019230769231 0.07211538461538461 0.07211538461538461
0 0.078125 0.6298076923076923 0.14423076923076922 0.09615384615384616
0 0.09735576923076923 0.5408653846153846 0.18269230769230768 0.09615384615384616
0 0.2920673076923077 0.5865384615384616 0.2860576923076923 0.15384615384615385
0 0.7668269230769231 0.6033653846153846 0.22115384615384615 0.15384615384615385
0 0.59375 0.6658653846153846 0.2548076923076923 0.13701923076923078
0 0.43509615384615385 0.7379807692307693 0.3245192307692308 0.07932692307692307
0 0.9338942307692307 0.6766826923076923 0.12740384615384615 0.13221153846153846
0 0.7872596153846154 0.8064903846153846 0.4206730769230769 0.24278846153846154
0 0.5096153846153846 0.8305288461538461 0.21394230769230768 0.13701923076923078
0 0.3858173076923077 0.8389423076923077 0.16346153846153846 0.09615384615384616
0 0.4483173076923077 0.9278846153846154 0.5576923076923077 0.13221153846153846
0 0.4387019230769231 0.6574519230769231 0.5384615384615384 0.2548076923076923
0 0.171875 0.7692307692307693 0.2932692307692308 0.17307692307692307
0 0.2439903846153846 0.3317307692307692 0.30528846153846156 0.1466346153846154
0 0.5288461538461539 0.4831730769230769 0.2403846153846154 0.11298076923076923
0 0.26322115384615385 0.484375 0.3317307692307692 0.1466346153846154
0 0.09735576923076923 0.6129807692307693 0.18269230769230768 0.3173076923076923
0 0.6814903846153846 0.4050480769230769 0.6346153846153846 0.24519230769230768
0 0.6490384615384616 0.2439903846153846 0.5721153846153846 0.27884615384615385
0 0.9362980769230769 0.27283653846153844 0.12259615384615384 0.11298076923076923
0 0.9411057692307693 0.10817307692307693 0.11538461538461539 0.21634615384615385
0 0.7956730769230769 0.028846153846153848 0.14903846153846154 0.057692307692307696
0 0.6850961538461539 0.07572115384615384 0.1346153846153846 0.10336538461538461
0 0.5036057692307693 0.109375 0.2548076923076923 0.12980769230769232
0 0.5060096153846154 0.1971153846153846 0.16826923076923078 0.057692307692307696
0 0.47115384615384615 0.23918269230769232 0.27884615384615385 0.1201923076923077
0 0.34134615384615385 0.21394230769230768 0.1875 0.10336538461538461
0 0.35336538461538464 0.03245192307692308 0.2403846153846154 0.0625
0 0.21754807692307693 0.014423076923076924 0.12740384615384615 0.028846153846153848
0 0.08774038461538461 0.026442307692307692 0.16346153846153846 0.052884615384615384
0 0.21153846153846154 0.11177884615384616 0.34375 0.14423076923076922
0 0.07451923076923077 0.22115384615384615 0.1346153846153846 0.0889423076923077
0 0.171875 0.23076923076923078 0.14903846153846154 0.0889423076923077
0 0.11658653846153846 0.33653846153846156 0.22115384615384615 0.14903846153846154
0 0.5516826923076923 0.026442307692307692 0.16826923076923078 0.052884615384615384