0 0.11177884615384616 0.5769230769230769 0.19951923076923078 0.19230769230769232
0 0.07211538461538461 0.390625 0.13701923076923078 0.1971153846153846
0 0.09615384615384616 0.25 0.038461538461538464 0.07451923076923077
0 0.042067307692307696 0.25961538461538464 0.07692307692307693 0.08413461538461539
0 0.08774038461538461 0.12860576923076922 0.1201923076923077 0.1778846153846154
0 0.2704326923076923 0.23076923076923078 0.3317307692307692 0.37259615384615385
0 0.17668269230769232 0.05889423076923077 0.12740384615384615 0.11298076923076923
0 0.24158653846153846 0.025240384615384616 0.1875 0.05048076923076923
0 0.3076923076923077 0.03245192307692308 0.057692307692307696 0.052884615384615384
0 0.48197115384615385 0.1201923076923077 0.31009615384615385 0.23557692307692307
0 0.8269230769230769 0.46274038461538464 0.34134615384615385 0.6802884615384616
0 0.6923076923076923 0.7872596153846154 0.44711538461538464 0.24759615384615385
0 0.4579326923076923 0.84375 0.036057692307692304 0.052884615384615384
0 0.4495192307692308 0.7451923076923077 0.04326923076923077 0.04326923076923077
0 0.4483173076923077 0.9014423076923077 0.02403846153846154 0.038461538461538464
0 0.37259615384615385 0.9110576923076923 0.038461538461538464 0.019230769230769232
0 0.36658653846153844 0.8834134615384616 0.036057692307692304 0.04326923076923077
0 0.31850961538461536 0.890625 0.036057692307692304 0.04807692307692308
0 0.2920673076923077 0.8786057692307693 0.03365384615384615 0.052884615384615384
0 0.19591346153846154 0.8617788461538461 0.03365384615384615 0.038461538461538464
0 0.17548076923076922 0.7331730769230769 0.03365384615384615 0.028846153846153848
0 0.06850961538461539 0.6778846153846154 0.038461538461538464 0.028846153846153848
0 0.21394230769230768 0.7151442307692307 0.028846153846153848 0.04326923076923077
0 0.32211538461538464 0.6983173076923077 0.019230769230769232 0.019230769230769232
0 0.30408653846153844 0.7079326923076923 0.03125 0.019230769230769232
0 0.3317307692307692 0.7548076923076923 0.038461538461538464 0.03365384615384615
0 0.26802884615384615 0.5721153846153846 0.10576923076923077 0.14423076923076922
0 0.2764423076923077 0.4723557692307692 0.11057692307692307 0.08413461538461539
0 0.21153846153846154 0.43509615384615385 0.15865384615384615 0.1201923076923077
0 0.44591346153846156 0.5348557692307693 0.3076923076923077 0.36538461538461536
0 0.6262019230769231 0.4807692307692308 0.125 0.1875
0 0.6358173076923077 0.27524038461538464 0.37740384615384615 0.4014423076923077
0 0.7752403846153846 0.140625 0.31009615384615385 0.2764423076923077