0 0.3125 0.7752403846153846 0.6153846153846154 0.11057692307692307
0 0.28966346153846156 0.7067307692307693 0.5480769230769231 0.1201923076923077
0 0.13341346153846154 0.8990384615384616 0.25961538461538464 0.18990384615384615
0 0.36658653846153844 0.9122596153846154 0.24519230769230768 0.16346153846153846
0 0.5192307692307693 0.9122596153846154 0.3004807692307692 0.16346153846153846
0 0.6875 0.8197115384615384 0.20192307692307693 0.24278846153846154
0 0.8161057692307693 0.9302884615384616 0.3629807692307692 0.1346153846153846
0 0.8786057692307693 0.8149038461538461 0.23798076923076922 0.19230769230769232
0 0.8401442307692307 0.7115384615384616 0.019230769230769232 0.026442307692307692
0 0.9110576923076923 0.6850961538461539 0.11538461538461539 0.11057692307692307
0 0.8197115384615384 0.6298076923076923 0.1201923076923077 0.14903846153846154
0 0.7524038461538461 0.6634615384615384 0.14903846153846154 0.14423076923076922
0 0.6237980769230769 0.6694711538461539 0.22596153846153846 0.10096153846153846
0 0.6370192307692307 0.5925480769230769 0.08653846153846154 0.09615384615384616
0 0.5132211538461539 0.6009615384615384 0.1778846153846154 0.13221153846153846
0 0.3858173076923077 0.6189903846153846 0.07932692307692307 0.0625
0 0.27403846153846156 0.6370192307692307 0.12740384615384615 0.0673076923076923
0 0.12620192307692307 0.6610576923076923 0.24519230769230768 0.13701923076923078
0 0.03365384615384615 0.5612980769230769 0.06009615384615385 0.12740384615384615
0 0.17908653846153846 0.5612980769230769 0.22115384615384615 0.12740384615384615
0 0.359375 0.5420673076923077 0.1466346153846154 0.16346153846153846
0 0.4699519230769231 0.4387019230769231 0.14903846153846154 0.20192307692307693
0 0.4074519230769231 0.45552884615384615 0.057692307692307696 0.0625
0 0.34375 0.39903846153846156 0.10096153846153846 0.14423076923076922
0 0.9855769230769231 0.6875 0.02403846153846154 0.07692307692307693
0 0.9435096153846154 0.6045673076923077 0.10817307692307693 0.14182692307692307
0 0.7932692307692307 0.48677884615384615 0.1875 0.24278846153846154
0 0.8894230769230769 0.5216346153846154 0.12980769230769232 0.25
0 0.7295673076923077 0.5240384615384616 0.1875 0.23317307692307693
0 0.5865384615384616 0.3125 0.2403846153846154 0.3798076923076923
0 0.2439903846153846 0.3389423076923077 0.10576923076923077 0.2548076923076923
0 0.11057692307692307 0.41225961538461536 0.21394230769230768 0.18028846153846154
0 0.039663461538461536 0.30649038461538464 0.07211538461538461 0.18990384615384615
0 0.40024038461538464 0.28846153846153844 0.19951923076923078 0.14423076923076922
0 0.984375 0.53125 0.028846153846153848 0.07932692307692307
0 0.9591346153846154 0.453125 0.07692307692307693 0.15625
0 0.9026442307692307 0.32572115384615385 0.14423076923076922 0.21634615384615385
0 0.9783653846153846 0.3329326923076923 0.038461538461538464 0.10817307692307693
0 0.7932692307692307 0.3173076923076923 0.11298076923076923 0.16826923076923078
0 0.7896634615384616 0.20673076923076922 0.11298076923076923 0.10576923076923077
0 0.6923076923076923 0.2776442307692308 0.12740384615384615 0.17307692307692307
0 0.7271634615384616 0.12379807692307693 0.19230769230769232 0.13221153846153846
0 0.5 0.17668269230769232 0.24759615384615385 0.13221153846153846
0 0.23317307692307693 0.1875 0.3389423076923077 0.29086538461538464