0 0.4651442307692308 0.5300480769230769 0.15865384615384615 0.1201923076923077
0 0.18389423076923078 0.5084134615384616 0.09134615384615384 0.2091346153846154
0 0.5913461538461539 0.1141826923076923 0.1778846153846154 0.21875
0 0.43990384615384615 0.08413461538461539 0.15865384615384615 0.15865384615384615
0 0.7632211538461539 0.3088942307692308 0.18269230769230768 0.33413461538461536
0 0.6983173076923077 0.1141826923076923 0.07211538461538461 0.0985576923076923
0 0.5673076923076923 0.34134615384615385 0.14423076923076922 0.14903846153846154
0 0.43509615384615385 0.3088942307692308 0.14903846153846154 0.11538461538461539
0 0.39783653846153844 0.23798076923076922 0.10576923076923077 0.11538461538461539
0 0.31850961538461536 0.28966346153846156 0.1778846153846154 0.16346153846153846
0 0.2848557692307692 0.18269230769230768 0.19951923076923078 0.19230769230769232
0 0.19591346153846154 0.3605769230769231 0.11778846153846154 0.2956730769230769
0 0.21875 0.6887019230769231 0.18990384615384615 0.2620192307692308
0 0.3161057692307692 0.7872596153846154 0.057692307692307696 0.07692307692307693
0 0.3858173076923077 0.8028846153846154 0.1971153846153846 0.1201923076923077
0 0.49038461538461536 0.8689903846153846 0.11057692307692307 0.1971153846153846
0 0.5997596153846154 0.8497596153846154 0.18269230769230768 0.25721153846153844
0 0.7331730769230769 0.8413461538461539 0.11298076923076923 0.20673076923076922
0 0.7271634615384616 0.6418269230769231 0.18269230769230768 0.2692307692307692
0 0.6742788461538461 0.7103365384615384 0.09134615384615384 0.07692307692307693
0 0.7908653846153846 0.5793269230769231 0.19951923076923078 0.2620192307692308
0 0.8677884615384616 0.48677884615384615 0.11298076923076923 0.15384615384615385
0 0.5348557692307693 0.5012019230769231 0.7956730769230769 0.9927884615384616
3 0.2403846153846154 0.7536057692307693 0.4735576923076923 0.49038461538461536