0 0.42788461538461536 0.5096153846153846 0.18509615384615385 0.13942307692307693
0 0.6057692307692307 0.42908653846153844 0.19230769230769232 0.12980769230769232
0 0.5336538461538461 0.31490384615384615 0.18028846153846154 0.1346153846153846
0 0.5925480769230769 0.19110576923076922 0.1971153846153846 0.14903846153846154
0 0.7608173076923077 0.24759615384615385 0.17067307692307693 0.12980769230769232
0 0.6526442307692307 0.32091346153846156 0.12980769230769232 0.11538461538461539
0 0.78125 0.3629807692307692 0.14903846153846154 0.10817307692307693
0 0.8269230769230769 0.453125 0.15865384615384615 0.10576923076923077
0 0.7247596153846154 0.4483173076923077 0.0673076923076923 0.04807692307692308
0 0.7247596153846154 0.5348557692307693 0.20192307692307693 0.14423076923076922
0 0.9146634615384616 0.5408653846153846 0.14903846153846154 0.13942307692307693
0 0.8112980769230769 0.5769230769230769 0.09615384615384616 0.0889423076923077
0 0.703125 0.6141826923076923 0.08653846153846154 0.0625
0 0.5769230769230769 0.6105769230769231 0.17548076923076922 0.12980769230769232
0 0.765625 0.6887019230769231 0.18028846153846154 0.15865384615384615
0 0.5949519230769231 0.703125 0.15865384615384615 0.07692307692307693
0 0.484375 0.7451923076923077 0.09134615384615384 0.07692307692307693
0 0.4098557692307692 0.6682692307692307 0.19230769230769232 0.15384615384615385
0 0.5973557692307693 0.8112980769230769 0.16346153846153846 0.1466346153846154
0 0.5204326923076923 0.9110576923076923 0.14423076923076922 0.10817307692307693
0 0.453125 0.8353365384615384 0.11298076923076923 0.09615384615384616
0 0.3737980769230769 0.7860576923076923 0.14903846153846154 0.1201923076923077
0 0.3173076923076923 0.7043269230769231 0.08653846153846154 0.08173076923076923
0 0.21875 0.6622596153846154 0.14903846153846154 0.12740384615384615
0 0.24519230769230768 0.7824519230769231 0.13942307692307693 0.1201923076923077
0 0.3269230769230769 0.875 0.15865384615384615 0.11298076923076923
0 0.15504807692307693 0.48677884615384615 0.15384615384615385 0.10817307692307693
0 0.22115384615384615 0.40384615384615385 0.09134615384615384 0.0889423076923077
0 0.3329326923076923 0.34975961538461536 0.15865384615384615 0.1201923076923077
0 0.453125 0.2824519230769231 0.125 0.11538461538461539
0 0.3918269230769231 0.21033653846153846 0.14423076923076922 0.10576923076923077
0 0.25 0.171875 0.13942307692307693 0.12740384615384615
0 0.3449519230769231 0.2668269230769231 0.07211538461538461 0.052884615384615384
0 0.22716346153846154 0.2824519230769231 0.15384615384615385 0.125
0 0.15264423076923078 0.23197115384615385 0.10817307692307693 0.11538461538461539
0 0.04927884615384615 0.2644230769230769 0.09615384615384616 0.09615384615384616
0 0.12860576923076922 0.36899038461538464 0.17548076923076922 0.1201923076923077
0 0.020432692307692308 0.35697115384615385 0.040865384615384616 0.10576923076923077
0 0.051682692307692304 0.4387019230769231 0.07211538461538461 0.0673076923076923
0 0.028846153846153848 0.5 0.057692307692307696 0.10576923076923077
0 0.10336538461538461 0.5576923076923077 0.14423076923076922 0.0889423076923077
0 0.03365384615384615 0.6201923076923077 0.0673076923076923 0.1201923076923077
0 0.07451923076923077 0.6971153846153846 0.14903846153846154 0.1201923076923077