0 0.27163461538461536 0.1141826923076923 0.33653846153846156 0.22115384615384615
0 0.4254807692307692 0.10336538461538461 0.08173076923076923 0.0673076923076923
0 0.4675480769230769 0.17908653846153846 0.16346153846153846 0.09134615384615384
0 0.6069711538461539 0.09014423076923077 0.19230769230769232 0.10817307692307693
0 0.7223557692307693 0.125 0.17067307692307693 0.11057692307692307
0 0.7692307692307693 0.22596153846153846 0.17548076923076922 0.12740384615384615
0 0.6262019230769231 0.18269230769230768 0.17548076923076922 0.1201923076923077
0 0.5877403846153846 0.28966346153846156 0.1875 0.10817307692307693
0 0.4831730769230769 0.2848557692307692 0.14423076923076922 0.1346153846153846
0 0.59375 0.38221153846153844 0.14423076923076922 0.07692307692307693
0 0.7560096153846154 0.36177884615384615 0.22596153846153846 0.15865384615384615
0 0.6598557692307693 0.453125 0.22115384615384615 0.11538461538461539
0 0.2247596153846154 0.328125 0.3942307692307692 0.34375
0 0.1045673076923077 0.3918269230769231 0.2091346153846154 0.2403846153846154
0 0.12860576923076922 0.7247596153846154 0.13701923076923078 0.1466346153846154
0 0.14783653846153846 0.5829326923076923 0.16346153846153846 0.14423076923076922
0 0.055288461538461536 0.6310096153846154 0.055288461538461536 0.12259615384615384
0 0.08533653846153846 0.7596153846153846 0.10576923076923077 0.11057692307692307
0 0.21394230769230768 0.8353365384615384 0.11057692307692307 0.10576923076923077
0 0.23918269230769232 0.7355769230769231 0.07211538461538461 0.12259615384615384
0 0.33774038461538464 0.8629807692307693 0.16105769230769232 0.2692307692307692
0 0.3016826923076923 0.78125 0.35096153846153844 0.3942307692307692
0 0.3629807692307692 0.7752403846153846 0.3942307692307692 0.37740384615384615
0 0.3545673076923077 0.703125 0.5552884615384616 0.38461538461538464
0 0.29447115384615385 0.5829326923076923 0.125 0.11538461538461539
0 0.2860576923076923 0.5144230769230769 0.14423076923076922 0.10817307692307693
0 0.453125 0.5721153846153846 0.20192307692307693 0.25961538461538464
0 0.453125 0.5060096153846154 0.10576923076923077 0.2644230769230769
0 0.5709134615384616 0.7475961538461539 0.15384615384615385 0.09134615384615384
0 0.640625 0.7992788461538461 0.10576923076923077 0.07692307692307693
0 0.7115384615384616 0.7295673076923077 0.13701923076923078 0.06971153846153846
0 0.7007211538461539 0.6634615384615384 0.11538461538461539 0.07211538461538461
0 0.7884615384615384 0.6418269230769231 0.11538461538461539 0.10096153846153846
0 0.6730769230769231 0.59375 0.33653846153846156 0.14423076923076922
0 0.6538461538461539 0.5024038461538461 0.40625 0.15625
0 0.7668269230769231 0.5036057692307693 0.08173076923076923 0.07211538461538461
0 0.8245192307692307 0.49399038461538464 0.07692307692307693 0.09615384615384616
0 0.49158653846153844 0.4098557692307692 0.06009615384615385 0.04326923076923077