0 0.5841346153846154 0.5204326923076923 0.24519230769230768 0.16826923076923078
0 0.6225961538461539 0.6862980769230769 0.15865384615384615 0.21634615384615385
0 0.6935096153846154 0.7872596153846154 0.10576923076923077 0.14182692307692307
0 0.7956730769230769 0.8617788461538461 0.1346153846153846 0.20432692307692307
0 0.9086538461538461 0.8846153846153846 0.11057692307692307 0.21153846153846154
0 0.7980769230769231 0.7127403846153846 0.2091346153846154 0.15625
0 0.9338942307692307 0.7043269230769231 0.10576923076923077 0.13942307692307693
0 0.9651442307692307 0.8269230769230769 0.06490384615384616 0.14423076923076922
0 0.9675480769230769 0.9555288461538461 0.06009615384615385 0.08413461538461539
0 0.7776442307692307 0.6105769230769231 0.1971153846153846 0.21875
0 0.8401442307692307 0.2848557692307692 0.31490384615384615 0.5697115384615384
0 0.7728365384615384 0.21634615384615385 0.37740384615384615 0.4326923076923077
0 0.28725961538461536 0.8509615384615384 0.1201923076923077 0.09375
0 0.18629807692307693 0.9242788461538461 0.125 0.10576923076923077
0 0.1622596153846154 0.8269230769230769 0.10096153846153846 0.0889423076923077
0 0.057692307692307696 0.8401442307692307 0.10576923076923077 0.0889423076923077
0 0.055288461538461536 0.7403846153846154 0.10096153846153846 0.11057692307692307
0 0.08413461538461539 0.6310096153846154 0.14182692307692307 0.125
0 0.15745192307692307 0.5372596153846154 0.11057692307692307 0.09615384615384616
0 0.46634615384615385 0.49278846153846156 0.2932692307692308 0.30288461538461536
0 0.46875 0.32211538461538464 0.3076923076923077 0.12980769230769232
0 0.4735576923076923 0.2692307692307692 0.34134615384615385 0.09375
0 0.41346153846153844 0.46033653846153844 0.2403846153846154 0.19230769230769232
0 0.43990384615384615 0.5817307692307693 0.125 0.1346153846153846
0 0.578125 0.11778846153846154 0.30288461538461536 0.23557692307692307
0 0.24278846153846154 0.3401442307692308 0.47596153846153844 0.5096153846153846
0 0.21514423076923078 0.421875 0.1201923076923077 0.1346153846153846
0 0.24639423076923078 0.5180288461538461 0.10096153846153846 0.11057692307692307
0 0.21995192307692307 0.6466346153846154 0.13942307692307693 0.12980769230769232
0 0.27163461538461536 0.7620192307692307 0.0889423076923077 0.11057692307692307
0 0.18870192307692307 0.7536057692307693 0.08413461538461539 0.12980769230769232
0 0.5913461538461539 0.8173076923076923 0.47115384615384615 0.3557692307692308
0 0.5492788461538461 0.8245192307692307 0.4326923076923077 0.34134615384615385
0 0.47596153846153844 0.921875 0.09615384615384616 0.09375
0 0.49759615384615385 0.9795673076923077 0.10576923076923077 0.03125
0 0.5709134615384616 0.9603365384615384 0.10096153846153846 0.07211538461538461
0 0.40024038461538464 0.9735576923076923 0.0889423076923077 0.04567307692307692
0 0.3605769230769231 0.9158653846153846 0.09615384615384616 0.11538461538461539
0 0.2956730769230769 0.9783653846153846 0.09375 0.036057692307692304