0 0.38221153846153844 0.7091346153846154 0.4375 0.5673076923076923
0 0.5925480769230769 0.9278846153846154 0.0625 0.12980769230769232
0 0.6201923076923077 0.9663461538461539 0.08413461538461539 0.055288461538461536
0 0.671875 0.9110576923076923 0.08653846153846154 0.11057692307692307
0 0.7295673076923077 0.9423076923076923 0.1346153846153846 0.10096153846153846
0 0.1814903846153846 0.78125 0.19471153846153846 0.4230769230769231
0 0.04927884615384615 0.9278846153846154 0.0985576923076923 0.12980769230769232
0 0.7932692307692307 0.6298076923076923 0.40865384615384615 0.6009615384615384
0 0.7271634615384616 0.4074519230769231 0.46634615384615385 0.6634615384615384
0 0.578125 0.0889423076923077 0.4014423076923077 0.1778846153846154
0 0.1310096153846154 0.3629807692307692 0.2620192307692308 0.3701923076923077
0 0.28365384615384615 0.45913461538461536 0.14423076923076922 0.24519230769230768
3 0.4254807692307692 0.2608173076923077 0.35096153846153844 0.46634615384615385