0 0.6947115384615384 0.3629807692307692 0.20192307692307693 0.25
0 0.7944711538461539 0.4567307692307692 0.07451923076923077 0.1201923076923077
0 0.8497596153846154 0.4951923076923077 0.0673076923076923 0.0673076923076923
0 0.8822115384615384 0.42908653846153844 0.09375 0.2283653846153846
0 0.8629807692307693 0.3629807692307692 0.11057692307692307 0.23798076923076922
0 0.7836538461538461 0.5456730769230769 0.09134615384615384 0.0673076923076923
0 0.6634615384615384 0.5733173076923077 0.16346153846153846 0.22355769230769232
0 0.5240384615384616 0.6117788461538461 0.17307692307692307 0.21875
0 0.5192307692307693 0.4543269230769231 0.125 0.12740384615384615
0 0.5745192307692307 0.31009615384615385 0.19471153846153846 0.22355769230769232
0 0.39663461538461536 0.28725961538461536 0.16826923076923078 0.21875
0 0.3629807692307692 0.5096153846153846 0.19471153846153846 0.23798076923076922
0 0.45072115384615385 0.7103365384615384 0.14423076923076922 0.19230769230769232
0 0.5961538461538461 0.7620192307692307 0.18269230769230768 0.18269230769230768
0 0.7379807692307693 0.71875 0.15625 0.16826923076923078
0 0.6586538461538461 0.8653846153846154 0.1201923076923077 0.12740384615384615
0 0.5661057692307693 0.9182692307692307 0.09375 0.1201923076923077
0 0.4651442307692308 0.8954326923076923 0.17307692307692307 0.1778846153846154
0 0.33653846153846156 0.8786057692307693 0.09375 0.10096153846153846
0 0.37259615384615385 0.8125 0.07451923076923077 0.0625
0 0.2692307692307692 0.7103365384615384 0.23557692307692307 0.2932692307692308
0 0.23677884615384615 0.5024038461538461 0.0673076923076923 0.13221153846153846
0 0.1466346153846154 0.5889423076923077 0.09615384615384616 0.10096153846153846
0 0.14903846153846154 0.4639423076923077 0.15625 0.16826923076923078
0 0.2247596153846154 0.3173076923076923 0.16826923076923078 0.2283653846153846