0 0.8798076923076923 0.9423076923076923 0.11057692307692307 0.10336538461538461
0 0.9651442307692307 0.9723557692307693 0.052884615384615384 0.04326923076923077
0 0.9891826923076923 0.9639423076923077 0.014423076923076924 0.06009615384615385
0 0.9507211538461539 0.9158653846153846 0.07692307692307693 0.08173076923076923
0 0.9507211538461539 0.7836538461538461 0.09134615384615384 0.16826923076923078
0 0.9675480769230769 0.8858173076923077 0.057692307692307696 0.052884615384615384
0 0.8197115384615384 0.8137019230769231 0.10576923076923077 0.1201923076923077
0 0.8521634615384616 0.9038461538461539 0.09134615384615384 0.10336538461538461
0 0.8834134615384616 0.8064903846153846 0.057692307692307696 0.11538461538461539
0 0.7872596153846154 0.9290865384615384 0.0673076923076923 0.08653846153846154
0 0.8040865384615384 0.9759615384615384 0.07211538461538461 0.038461538461538464
0 0.7307692307692307 0.8713942307692307 0.06490384615384616 0.10336538461538461
0 0.7439903846153846 0.7896634615384616 0.038461538461538464 0.09134615384615384
0 0.7668269230769231 0.7235576923076923 0.08173076923076923 0.13701923076923078
0 0.84375 0.6778846153846154 0.08173076923076923 0.12980769230769232
0 0.8930288461538461 0.6935096153846154 0.052884615384615384 0.11057692307692307
0 0.9567307692307693 0.6478365384615384 0.057692307692307696 0.09134615384615384
0 0.9867788461538461 0.6742788461538461 0.019230769230769232 0.04807692307692308
0 0.9266826923076923 0.7163461538461539 0.057692307692307696 0.0673076923076923
0 0.9110576923076923 0.6009615384615384 0.04807692307692308 0.08653846153846154
0 0.9819711538461539 0.5793269230769231 0.028846153846153848 0.08653846153846154
0 0.9759615384615384 0.47596153846153844 0.038461538461538464 0.1201923076923077
0 0.9435096153846154 0.5324519230769231 0.09134615384615384 0.13701923076923078
0 0.9002403846153846 0.5733173076923077 0.08413461538461539 0.08653846153846154
0 0.8689903846153846 0.5961538461538461 0.057692307692307696 0.07692307692307693
0 0.7980769230769231 0.5600961538461539 0.09134615384615384 0.125
0 0.8653846153846154 0.4639423076923077 0.10096153846153846 0.16346153846153846
0 0.9387019230769231 0.41225961538461536 0.07211538461538461 0.11538461538461539
0 0.8161057692307693 0.3798076923076923 0.10576923076923077 0.11538461538461539
0 0.8822115384615384 0.26802884615384615 0.10576923076923077 0.12980769230769232
0 0.9314903846153846 0.30649038461538464 0.05048076923076923 0.07692307692307693
0 0.8930288461538461 0.36658653846153844 0.052884615384615384 0.04326923076923077
0 0.7908653846153846 0.2536057692307692 0.11298076923076923 0.125
0 0.8473557692307693 0.18870192307692307 0.05048076923076923 0.06009615384615385
0 0.8617788461538461 0.12860576923076922 0.036057692307692304 0.07211538461538461
0 0.8112980769230769 0.13942307692307693 0.06490384615384616 0.10336538461538461
0 0.8329326923076923 0.051682692307692304 0.06490384615384616 0.07211538461538461
0 0.7980769230769231 0.019230769230769232 0.0673076923076923 0.038461538461538464
0 0.7800480769230769 0.11778846153846154 0.0625 0.10336538461538461
0 0.8858173076923077 0.18870192307692307 0.038461538461538464 0.038461538461538464
0 0.9014423076923077 0.15264423076923078 0.04326923076923077 0.04326923076923077
0 0.9290865384615384 0.1971153846153846 0.052884615384615384 0.0673076923076923
0 0.9831730769230769 0.23197115384615385 0.02403846153846154 0.08173076923076923
0 0.9759615384615384 0.16947115384615385 0.038461538461538464 0.08653846153846154
0 0.9795673076923077 0.3112980769230769 0.03365384615384615 0.0673076923076923
0 0.9567307692307693 0.109375 0.057692307692307696 0.0673076923076923
0 0.9867788461538461 0.0985576923076923 0.019230769230769232 0.052884615384615384
0 0.9675480769230769 0.04326923076923077 0.057692307692307696 0.0673076923076923
0 0.9579326923076923 0.021634615384615384 0.07692307692307693 0.04326923076923077
0 0.9074519230769231 0.046875 0.052884615384615384 0.04807692307692308
0 0.8966346153846154 0.09254807692307693 0.0673076923076923 0.07692307692307693
0 0.8942307692307693 0.027644230769230768 0.06490384615384616 0.052884615384615384
0 0.8581730769230769 0.016826923076923076 0.04326923076923077 0.03365384615384615
0 0.7127403846153846 0.9639423076923077 0.057692307692307696 0.06009615384615385
0 0.625 0.9567307692307693 0.10096153846153846 0.07692307692307693
0 0.4831730769230769 0.9783653846153846 0.036057692307692304 0.03365384615384615
0 0.5132211538461539 0.9074519230769231 0.10096153846153846 0.17307692307692307
0 0.6057692307692307 0.9122596153846154 0.09134615384615384 0.16346153846153846
0 0.41225961538461536 0.9567307692307693 0.10576923076923077 0.07692307692307693
0 0.33052884615384615 0.9423076923076923 0.08173076923076923 0.10336538461538461
0 0.3786057692307692 0.9038461538461539 0.06490384615384616 0.09134615384615384
0 0.44350961538461536 0.8858173076923077 0.06490384615384616 0.1201923076923077
0 0.31490384615384615 0.8882211538461539 0.052884615384615384 0.06009615384615385
0 0.27283653846153844 0.9507211538461539 0.04326923076923077 0.07692307692307693
0 0.25841346153846156 0.9314903846153846 0.057692307692307696 0.125
0 0.28125 0.8389423076923077 0.0673076923076923 0.10336538461538461
0 0.3449519230769231 0.7896634615384616 0.08173076923076923 0.14903846153846154
0 0.41466346153846156 0.8004807692307693 0.09615384615384616 0.13701923076923078
0 0.19110576923076922 0.9567307692307693 0.07692307692307693 0.07692307692307693
0 0.1310096153846154 0.9723557692307693 0.07211538461538461 0.04326923076923077
0 0.07692307692307693 0.9338942307692307 0.09615384615384616 0.1201923076923077
0 0.13822115384615385 0.9338942307692307 0.04326923076923077 0.052884615384615384
0 0.028846153846153848 0.9567307692307693 0.057692307692307696 0.07692307692307693
0 0.014423076923076924 0.9122596153846154 0.028846153846153848 0.04326923076923077
0 0.056490384615384616 0.8305288461538461 0.09134615384615384 0.1201923076923077
0 0.09975961538461539 0.7620192307692307 0.11298076923076923 0.14903846153846154
0 0.17307692307692307 0.8521634615384616 0.10576923076923077 0.16346153846153846
0 0.22716346153846154 0.734375 0.11298076923076923 0.18028846153846154
0 0.32211538461538464 0.7319711538461539 0.0673076923076923 0.12980769230769232
0 0.3858173076923077 0.6694711538461539 0.07211538461538461 0.13701923076923078
0 0.4639423076923077 0.6802884615384616 0.08413461538461539 0.14903846153846154
0 0.49759615384615385 0.7980769230769231 0.06490384615384616 0.11057692307692307
0 0.5504807692307693 0.7271634615384616 0.08413461538461539 0.12980769230769232
0 0.6394230769230769 0.7463942307692307 0.09615384615384616 0.125
0 0.7151442307692307 0.7872596153846154 0.09134615384615384 0.08653846153846154
0 0.6670673076923077 0.8557692307692307 0.10576923076923077 0.13701923076923078
0 0.734375 0.8713942307692307 0.08173076923076923 0.10336538461538461
0 0.6911057692307693 0.6502403846153846 0.07211538461538461 0.12980769230769232
0 0.7295673076923077 0.6069711538461539 0.0673076923076923 0.11057692307692307
0 0.6141826923076923 0.6177884615384616 0.08653846153846154 0.12980769230769232
0 0.6622596153846154 0.5576923076923077 0.07211538461538461 0.0985576923076923
0 0.7103365384615384 0.5060096153846154 0.0673076923076923 0.11538461538461539
0 0.765625 0.45913461538461536 0.0625 0.07692307692307693
0 0.6478365384615384 0.4266826923076923 0.07211538461538461 0.11057692307692307
0 0.609375 0.5108173076923077 0.08413461538461539 0.10336538461538461
0 0.5649038461538461 0.43149038461538464 0.07692307692307693 0.1201923076923077
0 0.5492788461538461 0.5084134615384616 0.036057692307692304 0.0673076923076923
0 0.5348557692307693 0.34975961538461536 0.057692307692307696 0.08653846153846154
0 0.5985576923076923 0.36899038461538464 0.0673076923076923 0.09134615384615384
0 0.6442307692307693 0.33653846153846156 0.04326923076923077 0.10336538461538461
0 0.703125 0.31971153846153844 0.08413461538461539 0.16826923076923078
0 0.6694711538461539 0.23197115384615385 0.08653846153846154 0.11538461538461539
0 0.5961538461538461 0.2956730769230769 0.07211538461538461 0.08653846153846154
0 0.5685096153846154 0.25961538461538464 0.052884615384615384 0.07211538461538461
0 0.5925480769230769 0.18028846153846154 0.06490384615384616 0.0985576923076923
0 0.6454326923076923 0.14423076923076922 0.052884615384615384 0.08173076923076923
0 0.7271634615384616 0.15625 0.07211538461538461 0.11538461538461539
0 0.6995192307692307 0.0985576923076923 0.04807692307692308 0.052884615384615384
0 0.7223557692307693 0.06009615384615385 0.052884615384615384 0.0673076923076923
0 0.71875 0.025240384615384616 0.07211538461538461 0.05048076923076923
0 0.35096153846153844 0.6201923076923077 0.052884615384615384 0.08173076923076923
0 0.40024038461538464 0.5324519230769231 0.08173076923076923 0.125
0 0.44711538461538464 0.5925480769230769 0.04326923076923077 0.08173076923076923
0 0.5060096153846154 0.5733173076923077 0.07211538461538461 0.1201923076923077
0 0.5456730769230769 0.5901442307692307 0.028846153846153848 0.07692307692307693
0 0.5 0.4675480769230769 0.0673076923076923 0.10336538461538461
0 0.43990384615384615 0.49158653846153844 0.07211538461538461 0.1201923076923077
0 0.3713942307692308 0.43149038461538464 0.06490384615384616 0.08653846153846154
0 0.41225961538461536 0.4206730769230769 0.02403846153846154 0.04326923076923077
0 0.42908653846153844 0.3737980769230769 0.057692307692307696 0.08173076923076923
0 0.46033653846153844 0.40384615384615385 0.052884615384615384 0.07692307692307693
0 0.47596153846153844 0.3798076923076923 0.021634615384615384 0.038461538461538464
0 0.4567307692307692 0.2956730769230769 0.0625 0.0985576923076923
0 0.4651442307692308 0.23798076923076922 0.036057692307692304 0.06009615384615385
0 0.5024038461538461 0.21634615384615385 0.04326923076923077 0.06009615384615385
0 0.5432692307692307 0.18028846153846154 0.038461538461538464 0.08653846153846154
0 0.5 0.15264423076923078 0.04807692307692308 0.0673076923076923
0 0.5384615384615384 0.08413461538461539 0.05048076923076923 0.09134615384615384
0 0.5841346153846154 0.07932692307692307 0.04807692307692308 0.08173076923076923
0 0.6165865384615384 0.109375 0.04807692307692308 0.04326923076923077
0 0.6478365384615384 0.04447115384615385 0.0889423076923077 0.0889423076923077
0 0.5769230769230769 0.021634615384615384 0.07692307692307693 0.04326923076923077
0 0.5108173076923077 0.021634615384615384 0.052884615384615384 0.04326923076923077
0 0.4831730769230769 0.08413461538461539 0.057692307692307696 0.08173076923076923
0 0.44591346153846156 0.038461538461538464 0.07692307692307693 0.07692307692307693
0 0.41947115384615385 0.26802884615384615 0.04807692307692308 0.08653846153846154
0 0.38221153846153844 0.24639423076923078 0.057692307692307696 0.0985576923076923
0 0.4326923076923077 0.171875 0.06490384615384616 0.10336538461538461
0 0.39302884615384615 0.1310096153846154 0.057692307692307696 0.0985576923076923
0 0.4182692307692308 0.07692307692307693 0.06490384615384616 0.0985576923076923
0 0.3870192307692308 0.021634615384615384 0.052884615384615384 0.04326923076923077
0 0.3485576923076923 0.010817307692307692 0.04326923076923077 0.021634615384615384
0 0.35096153846153844 0.30288461538461536 0.052884615384615384 0.07211538461538461
0 0.3605769230769231 0.3629807692307692 0.06490384615384616 0.08173076923076923
0 0.3088942307692308 0.4182692307692308 0.057692307692307696 0.08173076923076923
0 0.30528846153846156 0.45913461538461536 0.05048076923076923 0.0673076923076923
0 0.3269230769230769 0.5168269230769231 0.06490384615384616 0.11538461538461539
0 0.28966346153846156 0.5432692307692307 0.0625 0.11538461538461539
0 0.2980769230769231 0.609375 0.057692307692307696 0.10336538461538461
0 0.22716346153846154 0.5360576923076923 0.09134615384615384 0.14182692307692307
0 0.16346153846153846 0.6478365384615384 0.10096153846153846 0.16826923076923078
0 0.06370192307692307 0.6286057692307693 0.0985576923076923 0.16346153846153846
0 0.02403846153846154 0.6935096153846154 0.04807692307692308 0.15384615384615385
0 0.003605769230769231 0.7980769230769231 0.007211538461538462 0.052884615384615384
0 0.016826923076923076 0.051682692307692304 0.03365384615384615 0.10336538461538461
0 0.052884615384615384 0.07692307692307693 0.0673076923076923 0.08653846153846154
0 0.09254807692307693 0.1201923076923077 0.0985576923076923 0.1201923076923077
0 0.03245192307692308 0.1935096153846154 0.06490384615384616 0.13701923076923078
0 0.10336538461538461 0.21875 0.0985576923076923 0.0985576923076923
0 0.09254807692307693 0.30288461538461536 0.09134615384615384 0.10336538461538461
0 0.13942307692307693 0.36899038461538464 0.1201923076923077 0.15865384615384615
0 0.22235576923076922 0.32572115384615385 0.09615384615384616 0.14903846153846154
0 0.1658653846153846 0.2620192307692308 0.04807692307692308 0.0673076923076923
0 0.021634615384615384 0.2956730769230769 0.04326923076923077 0.08653846153846154
0 0.038461538461538464 0.38221153846153844 0.07692307692307693 0.12980769230769232
0 0.08413461538461539 0.48677884615384615 0.10096153846153846 0.12980769230769232
0 0.1875 0.4483173076923077 0.09134615384615384 0.11057692307692307
0 0.014423076923076924 0.5024038461538461 0.028846153846153848 0.12980769230769232
0 0.265625 0.3798076923076923 0.057692307692307696 0.09134615384615384
0 0.3004807692307692 0.25961538461538464 0.052884615384615384 0.11538461538461539
0 0.32572115384615385 0.21033653846153846 0.07692307692307693 0.10336538461538461
0 0.34134615384615385 0.14423076923076922 0.04326923076923077 0.06009615384615385
0 0.26322115384615385 0.22956730769230768 0.052884615384615384 0.08653846153846154
0 0.2127403846153846 0.23798076923076922 0.052884615384615384 0.04807692307692308
0 0.22235576923076922 0.1778846153846154 0.07211538461538461 0.08173076923076923
0 0.2620192307692308 0.11778846153846154 0.05048076923076923 0.07211538461538461
0 0.2932692307692308 0.051682692307692304 0.0625 0.08173076923076923
0 0.3112980769230769 0.109375 0.04807692307692308 0.07692307692307693
0 0.27283653846153844 0.021634615384615384 0.06490384615384616 0.04326923076923077
0 0.17427884615384615 0.06610576923076923 0.06490384615384616 0.08653846153846154
0 0.16346153846153846 0.13942307692307693 0.057692307692307696 0.07211538461538461
0 0.22716346153846154 0.06610576923076923 0.03365384615384615 0.052884615384615384
0 0.22716346153846154 0.016826923076923076 0.03365384615384615 0.03365384615384615
0 0.15865384615384615 0.019230769230769232 0.0985576923076923 0.038461538461538464
0 0.08413461538461539 0.021634615384615384 0.057692307692307696 0.04326923076923077
0 0.4987980769230769 0.49759615384615385 0.9975961538461539 0.9951923076923077