0 0.7860576923076923 0.4567307692307692 0.34375 0.23317307692307693
0 0.31850961538461536 0.8197115384615384 0.20432692307692307 0.20673076923076922
0 0.44350961538461536 0.6310096153846154 0.10817307692307693 0.12980769230769232
0 0.40384615384615385 0.7139423076923077 0.1346153846153846 0.09615384615384616
0 0.3016826923076923 0.6887019230769231 0.10817307692307693 0.09615384615384616
0 0.35697115384615385 0.6622596153846154 0.05048076923076923 0.04807692307692308
0 0.24519230769230768 0.6646634615384616 0.09615384615384616 0.125
0 0.24759615384615385 0.4795673076923077 0.12980769230769232 0.11298076923076923
0 0.32091346153846156 0.4326923076923077 0.07692307692307693 0.08173076923076923
0 0.2704326923076923 0.3269230769230769 0.06971153846153846 0.1201923076923077
0 0.35336538461538464 0.47475961538461536 0.11057692307692307 0.11298076923076923
0 0.23918269230769232 0.5673076923076923 0.10096153846153846 0.07211538461538461
0 0.3233173076923077 0.9603365384615384 0.07451923076923077 0.07451923076923077
0 0.4831730769230769 0.5108173076923077 0.6778846153846154 0.9278846153846154
0 0.8894230769230769 0.6286057692307693 0.0889423076923077 0.18509615384615385