0 0.5901442307692307 0.6213942307692307 0.22596153846153846 0.32211538461538464
0 0.4807692307692308 0.6899038461538461 0.10576923076923077 0.14423076923076922
0 0.6670673076923077 0.4362980769230769 0.040865384615384616 0.07932692307692307
0 0.5036057692307693 0.5769230769230769 0.23317307692307693 0.3389423076923077
0 0.6370192307692307 0.42908653846153844 0.0625 0.11538461538461539
0 0.5637019230769231 0.33653846153846156 0.11298076923076923 0.17307692307692307
0 0.4963942307692308 0.41586538461538464 0.1346153846153846 0.18509615384615385
0 0.36658653846153844 0.6033653846153846 0.19951923076923078 0.2860576923076923
0 0.3858173076923077 0.7644230769230769 0.08653846153846154 0.16346153846153846
0 0.3641826923076923 0.4651442307692308 0.18028846153846154 0.3389423076923077
0 0.27403846153846156 0.6478365384615384 0.03125 0.0673076923076923
0 0.4699519230769231 0.3629807692307692 0.07692307692307693 0.15384615384615385
5 0.49038461538461536 0.5024038461538461 0.5240384615384616 0.6875