2 0.5168269230769231 0.5913461538461539 0.1875 0.5673076923076923
0 0.8497596153846154 0.5913461538461539 0.21153846153846154 0.4495192307692308
0 0.7980769230769231 0.6213942307692307 0.21153846153846154 0.44471153846153844
0 0.6310096153846154 0.6346153846153846 0.0625 0.37259615384615385
0 0.8725961538461539 0.6814903846153846 0.12980769230769232 0.4110576923076923
0 0.7439903846153846 0.6947115384615384 0.07692307692307693 0.3076923076923077
0 0.7956730769230769 0.7139423076923077 0.0625 0.4879807692307692
0 0.6983173076923077 0.7427884615384616 0.11778846153846154 0.45913461538461536
0 0.5408653846153846 0.15264423076923078 0.27403846153846156 0.3004807692307692
0 0.15384615384615385 0.26802884615384615 0.24278846153846154 0.42788461538461536
2 0.36538461538461536 0.34615384615384615 0.15865384615384615 0.5408653846153846
0 0.6658653846153846 0.3485576923076923 0.21394230769230768 0.3173076923076923
0 0.43990384615384615 0.046875 0.5192307692307693 0.0889423076923077