0 0.6201923076923077 0.7487980769230769 0.5240384615384616 0.08413461538461539
0 0.78125 0.6995192307692307 0.30288461538461536 0.34375
0 0.7896634615384616 0.7127403846153846 0.38221153846153844 0.2403846153846154
0 0.6634615384615384 0.6706730769230769 0.5625 0.27884615384615385
0 0.796875 0.5540865384615384 0.23557692307692307 0.052884615384615384
0 0.9663461538461539 0.48197115384615385 0.055288461538461536 0.34134615384615385
0 0.7992788461538461 0.3137019230769231 0.2548076923076923 0.15865384615384615
0 0.765625 0.47716346153846156 0.17307692307692307 0.13221153846153846
0 0.7620192307692307 0.11899038461538461 0.2283653846153846 0.16105769230769232
0 0.4879807692307692 0.4567307692307692 0.0985576923076923 0.07692307692307693
0 0.6418269230769231 0.46274038461538464 0.0985576923076923 0.04326923076923077
0 0.3581730769230769 0.5661057692307693 0.21153846153846154 0.16105769230769232
0 0.18870192307692307 0.1466346153846154 0.2548076923076923 0.1971153846153846
0 0.6262019230769231 0.10336538461538461 0.0673076923076923 0.09134615384615384
0 0.5 0.2956730769230769 0.08653846153846154 0.09615384615384616
0 0.2283653846153846 0.43509615384615385 0.125 0.08173076923076923
0 0.3918269230769231 0.3713942307692308 0.0673076923076923 0.07451923076923077
0 0.1045673076923077 0.32211538461538464 0.0625 0.07211538461538461
0 0.33052884615384615 0.6658653846153846 0.16826923076923078 0.07211538461538461
0 0.203125 0.5661057692307693 0.21153846153846154 0.10336538461538461
0 0.4987980769230769 0.43990384615384615 0.9975961538461539 0.875