0 0.6069711538461539 0.5372596153846154 0.19230769230769232 0.1346153846153846
0 0.39783653846153844 0.6983173076923077 0.10096153846153846 0.14182692307692307
0 0.3449519230769231 0.8040865384615384 0.10096153846153846 0.11538461538461539
0 0.33774038461538464 0.7067307692307693 0.08173076923076923 0.0625
0 0.23317307692307693 0.8016826923076923 0.0673076923076923 0.04807692307692308
0 0.1778846153846154 0.8894230769230769 0.07211538461538461 0.07211538461538461
0 0.5084134615384616 0.8485576923076923 0.08413461538461539 0.0625
0 0.2848557692307692 0.5685096153846154 0.052884615384615384 0.04326923076923077
0 0.3894230769230769 0.5973557692307693 0.10096153846153846 0.0673076923076923
0 0.125 0.6105769230769231 0.23076923076923078 0.08413461538461539
0 0.24879807692307693 0.44471153846153844 0.07211538461538461 0.0625
0 0.03365384615384615 0.6862980769230769 0.057692307692307696 0.1201923076923077
0 0.09134615384615384 0.5108173076923077 0.08413461538461539 0.125
0 0.06850961538461539 0.4266826923076923 0.12980769230769232 0.07211538461538461
0 0.051682692307692304 0.2247596153846154 0.09375 0.1201923076923077
0 0.3173076923076923 0.3161057692307692 0.11057692307692307 0.0889423076923077
0 0.3269230769230769 0.23317307692307693 0.1201923076923077 0.1201923076923077
0 0.3737980769230769 0.19831730769230768 0.0625 0.07692307692307693
0 0.6694711538461539 0.2848557692307692 0.17307692307692307 0.10576923076923077
0 0.5528846153846154 0.22235576923076922 0.09375 0.04326923076923077
0 0.6418269230769231 0.125 0.12980769230769232 0.0625
0 0.6826923076923077 0.15144230769230768 0.07692307692307693 0.07211538461538461
0 0.8197115384615384 0.3137019230769231 0.0673076923076923 0.07692307692307693
0 0.7572115384615384 0.2980769230769231 0.0673076923076923 0.0889423076923077
0 0.6935096153846154 0.46274038461538464 0.21153846153846154 0.08173076923076923
0 0.5973557692307693 0.3449519230769231 0.16346153846153846 0.08413461538461539
0 0.41586538461538464 0.08173076923076923 0.1466346153846154 0.0673076923076923
0 0.7403846153846154 0.5889423076923077 0.07692307692307693 0.057692307692307696
0 0.49158653846153844 0.5048076923076923 0.9735576923076923 0.9110576923076923