0 0.22956730769230768 0.0985576923076923 0.07211538461538461 0.08173076923076923
0 0.30649038461538464 0.09615384615384616 0.07932692307692307 0.0985576923076923
0 0.4254807692307692 0.0985576923076923 0.08413461538461539 0.08173076923076923
0 0.4963942307692308 0.14543269230769232 0.10096153846153846 0.09375
0 0.4110576923076923 0.21394230769230768 0.0673076923076923 0.07211538461538461
0 0.3473557692307692 0.26322115384615385 0.06490384615384616 0.0673076923076923
0 0.29447115384615385 0.20552884615384615 0.07932692307692307 0.07692307692307693
0 0.23557692307692307 0.2920673076923077 0.0673076923076923 0.08173076923076923
0 0.18990384615384615 0.24759615384615385 0.08413461538461539 0.0985576923076923
0 0.14423076923076922 0.19230769230769232 0.09134615384615384 0.07211538461538461
0 0.1310096153846154 0.27884615384615385 0.07932692307692307 0.0889423076923077
0 0.0985576923076923 0.35697115384615385 0.07692307692307693 0.07692307692307693
0 0.19230769230769232 0.3641826923076923 0.07932692307692307 0.0625
0 0.17067307692307693 0.39903846153846156 0.0673076923076923 0.04807692307692308
0 0.09134615384615384 0.42427884615384615 0.07692307692307693 0.0673076923076923
0 0.1346153846153846 0.47716346153846156 0.09615384615384616 0.0673076923076923
0 0.18028846153846154 0.4483173076923077 0.07932692307692307 0.052884615384615384
0 0.2704326923076923 0.4266826923076923 0.09134615384615384 0.0625
0 0.3173076923076923 0.390625 0.07932692307692307 0.0625
0 0.28725961538461536 0.34375 0.07211538461538461 0.0625
0 0.38822115384615385 0.34615384615384615 0.08413461538461539 0.0673076923076923
0 0.4206730769230769 0.2860576923076923 0.07932692307692307 0.0625
0 0.4891826923076923 0.24759615384615385 0.09615384615384616 0.0673076923076923
0 0.46634615384615385 0.34375 0.09615384615384616 0.0625
0 0.44711538461538464 0.39903846153846156 0.07211538461538461 0.057692307692307696
0 0.3798076923076923 0.39302884615384615 0.0673076923076923 0.057692307692307696
0 0.34375 0.453125 0.057692307692307696 0.052884615384615384
0 0.2980769230769231 0.48677884615384615 0.057692307692307696 0.057692307692307696
0 0.24759615384615385 0.47115384615384615 0.04567307692307692 0.026442307692307692
0 0.25721153846153844 0.5288461538461539 0.04326923076923077 0.036057692307692304
0 0.21514423076923078 0.5108173076923077 0.04807692307692308 0.052884615384615384
0 0.18629807692307693 0.5384615384615384 0.052884615384615384 0.04807692307692308
0 0.14302884615384615 0.5625 0.057692307692307696 0.04326923076923077
0 0.12379807692307693 0.5180288461538461 0.06490384615384616 0.04807692307692308
0 0.09735576923076923 0.5865384615384616 0.07211538461538461 0.057692307692307696
0 0.03365384615384615 0.5985576923076923 0.052884615384615384 0.052884615384615384
0 0.025240384615384616 0.5516826923076923 0.04326923076923077 0.07211538461538461
0 0.07091346153846154 0.6298076923076923 0.057692307692307696 0.04326923076923077
0 0.41466346153846156 0.46153846153846156 0.0625 0.057692307692307696
0 0.48677884615384615 0.4375 0.07692307692307693 0.0625
0 0.47475961538461536 0.4951923076923077 0.0673076923076923 0.052884615384615384
0 0.34975961538461536 0.5336538461538461 0.08413461538461539 0.057692307692307696
0 0.3112980769230769 0.5829326923076923 0.0673076923076923 0.08173076923076923
0 0.2548076923076923 0.5600961538461539 0.0625 0.057692307692307696
0 0.23197115384615385 0.6117788461538461 0.0673076923076923 0.0673076923076923
0 0.18990384615384615 0.6430288461538461 0.052884615384615384 0.04807692307692308
0 0.17067307692307693 0.6177884615384616 0.04567307692307692 0.057692307692307696
0 0.15384615384615385 0.6610576923076923 0.057692307692307696 0.052884615384615384
0 0.1201923076923077 0.6298076923076923 0.04807692307692308 0.04326923076923077
0 0.0889423076923077 0.7055288461538461 0.06490384615384616 0.057692307692307696
0 0.038461538461538464 0.7211538461538461 0.0625 0.057692307692307696
0 0.37259615384615385 0.5985576923076923 0.052884615384615384 0.052884615384615384
0 0.41586538461538464 0.625 0.057692307692307696 0.0625
0 0.38221153846153844 0.671875 0.057692307692307696 0.052884615384615384
0 0.33413461538461536 0.6610576923076923 0.038461538461538464 0.052884615384615384
0 0.28846153846153844 0.6959134615384616 0.052884615384615384 0.04807692307692308
0 0.24759615384615385 0.6586538461538461 0.052884615384615384 0.04807692307692308
0 0.203125 0.6875 0.04807692307692308 0.04326923076923077
0 0.203125 0.7367788461538461 0.07211538461538461 0.057692307692307696
0 0.14302884615384615 0.7295673076923077 0.04326923076923077 0.052884615384615384
0 0.09495192307692307 0.7524038461538461 0.052884615384615384 0.036057692307692304
0 0.04326923076923077 0.7608173076923077 0.04807692307692308 0.04326923076923077
0 0.10096153846153846 0.7860576923076923 0.03365384615384615 0.04326923076923077
0 0.06490384615384616 0.796875 0.038461538461538464 0.03125
0 0.025240384615384616 0.8125 0.04326923076923077 0.0625
0 0.06610576923076923 0.8233173076923077 0.04807692307692308 0.03125
0 0.04807692307692308 0.8641826923076923 0.057692307692307696 0.04326923076923077
0 0.0625 0.90625 0.06490384615384616 0.052884615384615384
0 0.15264423076923078 0.7920673076923077 0.0625 0.0625
0 0.20673076923076922 0.7788461538461539 0.057692307692307696 0.026442307692307692
0 0.18990384615384615 0.8076923076923077 0.028846153846153848 0.04326923076923077
0 0.19230769230769232 0.8365384615384616 0.03365384615384615 0.026442307692307692
0 0.17067307692307693 0.8677884615384616 0.04567307692307692 0.057692307692307696
0 0.14302884615384615 0.8461538461538461 0.04807692307692308 0.04807692307692308
0 0.11778846153846154 0.8858173076923077 0.0625 0.04326923076923077
0 0.16105769230769232 0.9170673076923077 0.06490384615384616 0.04326923076923077
0 0.17908653846153846 0.9399038461538461 0.0625 0.036057692307692304
0 0.03245192307692308 0.9807692307692307 0.036057692307692304 0.03365384615384615
0 0.22115384615384615 0.9747596153846154 0.04807692307692308 0.04567307692307692
0 0.22596153846153846 0.8930288461538461 0.03365384615384615 0.04807692307692308
0 0.25721153846153844 0.9038461538461539 0.06490384615384616 0.0673076923076923
0 0.33413461538461536 0.9110576923076923 0.0673076923076923 0.04326923076923077
0 0.3557692307692308 0.9326923076923077 0.057692307692307696 0.04326923076923077
0 0.3629807692307692 0.9639423076923077 0.057692307692307696 0.052884615384615384
0 0.4050480769230769 0.9447115384615384 0.04807692307692308 0.04807692307692308
0 0.46875 0.9903846153846154 0.057692307692307696 0.014423076923076924
0 0.47115384615384615 0.9711538461538461 0.052884615384615384 0.026442307692307692
0 0.4675480769230769 0.953125 0.052884615384615384 0.04326923076923077
0 0.36177884615384615 0.7764423076923077 0.052884615384615384 0.04326923076923077
0 0.35216346153846156 0.7319711538461539 0.06490384615384616 0.0673076923076923
0 0.30408653846153844 0.7475961538461539 0.038461538461538464 0.0673076923076923
0 0.2620192307692308 0.71875 0.04567307692307692 0.0625
0 0.25721153846153844 0.7680288461538461 0.04807692307692308 0.057692307692307696
0 0.24519230769230768 0.7992788461538461 0.04326923076923077 0.036057692307692304
0 0.2704326923076923 0.828125 0.0625 0.04326923076923077
0 0.23197115384615385 0.8461538461538461 0.052884615384615384 0.04807692307692308
0 0.2932692307692308 0.875 0.052884615384615384 0.04326923076923077
0 0.33413461538461536 0.8545673076923077 0.052884615384615384 0.0625
0 0.34615384615384615 0.8257211538461539 0.0673076923076923 0.026442307692307692
0 0.41466346153846156 0.8641826923076923 0.0673076923076923 0.07211538461538461
0 0.375 0.90625 0.07211538461538461 0.04326923076923077
0 0.44350961538461536 0.9266826923076923 0.07211538461538461 0.04326923076923077
0 0.484375 0.9038461538461539 0.07211538461538461 0.026442307692307692
0 0.49759615384615385 0.859375 0.07692307692307693 0.052884615384615384
0 0.49278846153846156 0.8149038461538461 0.06490384615384616 0.057692307692307696
0 0.4206730769230769 0.796875 0.07211538461538461 0.04326923076923077
0 0.46033653846153844 0.7475961538461539 0.0673076923076923 0.057692307692307696
0 0.4375 0.7704326923076923 0.04567307692307692 0.04326923076923077
0 0.3918269230769231 0.7163461538461539 0.0673076923076923 0.04807692307692308
0 0.43149038461538464 0.6923076923076923 0.08653846153846154 0.052884615384615384
0 0.4519230769230769 0.6538461538461539 0.08413461538461539 0.04807692307692308
0 0.46153846153846156 0.6009615384615384 0.057692307692307696 0.057692307692307696
0 0.5396634615384616 0.5697115384615384 0.07692307692307693 0.0673076923076923
0 0.5168269230769231 0.6141826923076923 0.0625 0.0625
0 0.5252403846153846 0.6694711538461539 0.052884615384615384 0.04807692307692308
0 0.515625 0.7211538461538461 0.06490384615384616 0.04807692307692308
0 0.5204326923076923 0.7524038461538461 0.0673076923076923 0.04807692307692308
0 0.5396634615384616 0.7836538461538461 0.0673076923076923 0.036057692307692304
0 0.5516826923076923 0.8125 0.0625 0.04326923076923077
0 0.5625 0.8485576923076923 0.052884615384615384 0.04326923076923077
0 0.5564903846153846 0.8858173076923077 0.057692307692307696 0.052884615384615384
0 0.6081730769230769 0.8882211538461539 0.052884615384615384 0.057692307692307696
0 0.5721153846153846 0.2548076923076923 0.07932692307692307 0.07211538461538461
0 0.5552884615384616 0.3173076923076923 0.08413461538461539 0.0625
0 0.5757211538461539 0.4014423076923077 0.06490384615384616 0.07211538461538461
0 0.5757211538461539 0.47716346153846156 0.06490384615384616 0.0673076923076923
0 0.5913461538461539 0.5384615384615384 0.07932692307692307 0.04807692307692308
0 0.6141826923076923 0.578125 0.06490384615384616 0.052884615384615384
0 0.578125 0.6382211538461539 0.0673076923076923 0.0673076923076923
0 0.6935096153846154 0.19471153846153846 0.07932692307692307 0.0889423076923077
0 0.640625 0.23677884615384615 0.07932692307692307 0.07692307692307693
0 0.7199519230769231 0.26322115384615385 0.07932692307692307 0.0889423076923077
0 0.6430288461538461 0.3016826923076923 0.09134615384615384 0.08173076923076923
0 0.7115384615384616 0.33653846153846156 0.0673076923076923 0.07692307692307693
0 0.6502403846153846 0.3701923076923077 0.07692307692307693 0.052884615384615384
0 0.734375 0.3858173076923077 0.09134615384615384 0.08173076923076923
0 0.6598557692307693 0.4266826923076923 0.08653846153846154 0.08173076923076923
0 0.7223557692307693 0.4639423076923077 0.09134615384615384 0.07211538461538461
0 0.6466346153846154 0.5024038461538461 0.07692307692307693 0.0673076923076923
0 0.6983173076923077 0.5288461538461539 0.09615384615384616 0.0985576923076923
0 0.8137019230769231 0.27403846153846156 0.08413461538461539 0.0889423076923077
0 0.7752403846153846 0.22596153846153846 0.07692307692307693 0.0673076923076923
0 0.8665865384615384 0.26322115384615385 0.0625 0.0889423076923077
0 0.9182692307692307 0.29447115384615385 0.07932692307692307 0.07692307692307693
0 0.8894230769230769 0.35697115384615385 0.08413461538461539 0.0889423076923077
0 0.8064903846153846 0.36778846153846156 0.08413461538461539 0.0673076923076923
0 0.8233173076923077 0.43028846153846156 0.06490384615384616 0.057692307692307696
0 0.9014423076923077 0.43028846153846156 0.07692307692307693 0.0673076923076923
0 0.9603365384615384 0.4362980769230769 0.07451923076923077 0.07932692307692307
0 0.9603365384615384 0.49278846153846156 0.057692307692307696 0.0673076923076923
0 0.9819711538461539 0.515625 0.03125 0.08413461538461539
0 0.9387019230769231 0.5444711538461539 0.09134615384615384 0.0889423076923077
0 0.8653846153846154 0.5132211538461539 0.06490384615384616 0.057692307692307696
0 0.8365384615384616 0.4795673076923077 0.07692307692307693 0.052884615384615384
0 0.9891826923076923 0.5961538461538461 0.016826923076923076 0.08173076923076923
0 0.9471153846153846 0.6009615384615384 0.0673076923076923 0.057692307692307696
0 0.8701923076923077 0.5985576923076923 0.07692307692307693 0.04326923076923077
0 0.8425480769230769 0.5576923076923077 0.07932692307692307 0.0625
0 0.7752403846153846 0.5072115384615384 0.0625 0.057692307692307696
0 0.7608173076923077 0.5673076923076923 0.0673076923076923 0.052884615384615384
0 0.7584134615384616 0.6225961538461539 0.06490384615384616 0.04807692307692308
0 0.6790865384615384 0.5985576923076923 0.07932692307692307 0.0625
0 0.8209134615384616 0.6069711538461539 0.0625 0.04807692307692308
0 0.8918269230769231 0.640625 0.06490384615384616 0.052884615384615384
0 0.84375 0.6514423076923077 0.0673076923076923 0.08173076923076923
0 0.8161057692307693 0.6923076923076923 0.06490384615384616 0.0625
0 0.7608173076923077 0.671875 0.0625 0.052884615384615384
0 0.71875 0.6899038461538461 0.07692307692307693 0.07692307692307693
0 0.6706730769230769 0.6634615384615384 0.06490384615384616 0.0673076923076923
0 0.6298076923076923 0.6358173076923077 0.057692307692307696 0.04326923076923077
0 0.5949519230769231 0.6899038461538461 0.06490384615384616 0.04807692307692308
0 0.5757211538461539 0.7139423076923077 0.04807692307692308 0.052884615384615384
0 0.6237980769230769 0.7475961538461539 0.052884615384615384 0.04807692307692308
0 0.6694711538461539 0.765625 0.052884615384615384 0.04326923076923077
0 0.9158653846153846 0.7055288461538461 0.07692307692307693 0.0673076923076923
0 0.8521634615384616 0.7295673076923077 0.0625 0.04326923076923077
0 0.7848557692307693 0.7427884615384616 0.04807692307692308 0.04807692307692308
0 0.7451923076923077 0.7524038461538461 0.028846153846153848 0.036057692307692304
0 0.9314903846153846 0.7680288461538461 0.052884615384615384 0.057692307692307696
0 0.8701923076923077 0.7608173076923077 0.0673076923076923 0.04326923076923077
0 0.84375 0.7920673076923077 0.07692307692307693 0.04326923076923077
0 0.7944711538461539 0.8052884615384616 0.04567307692307692 0.057692307692307696
0 0.7487980769230769 0.7860576923076923 0.052884615384615384 0.052884615384615384
0 0.7295673076923077 0.8100961538461539 0.0673076923076923 0.0673076923076923
0 0.6862980769230769 0.828125 0.057692307692307696 0.052884615384615384
0 0.7740384615384616 0.859375 0.057692307692307696 0.04326923076923077
0 0.7163461538461539 0.8677884615384616 0.04326923076923077 0.057692307692307696
0 0.7019230769230769 0.890625 0.026442307692307692 0.052884615384615384
0 0.7836538461538461 0.9038461538461539 0.052884615384615384 0.0673076923076923
0 0.7415865384615384 0.9194711538461539 0.04567307692307692 0.0673076923076923
0 0.6502403846153846 0.8822115384615384 0.04567307692307692 0.04807692307692308
0 0.6370192307692307 0.9711538461538461 0.06490384615384616 0.04807692307692308
0 0.6370192307692307 0.9447115384615384 0.06490384615384616 0.036057692307692304
0 0.6862980769230769 0.9807692307692307 0.05048076923076923 0.03365384615384615
0 0.6213942307692307 0.9927884615384616 0.026442307692307692 0.009615384615384616
0 0.6045673076923077 0.9891826923076923 0.04567307692307692 0.019230769230769232