4 0.734375 0.3076923076923077 0.1971153846153846 0.29086538461538464
4 0.8834134615384616 0.24158653846153846 0.14903846153846154 0.47115384615384615
4 0.9783653846153846 0.23197115384615385 0.038461538461538464 0.4519230769230769
4 0.8100961538461539 0.5288461538461539 0.0985576923076923 0.2091346153846154
4 0.9266826923076923 0.6021634615384616 0.13942307692307693 0.2620192307692308
4 0.9314903846153846 0.8641826923076923 0.13701923076923078 0.2668269230769231
4 0.8209134615384616 0.9170673076923077 0.13221153846153846 0.16105769230769232
4 0.7716346153846154 0.7872596153846154 0.11057692307692307 0.19230769230769232
4 0.6430288461538461 0.14543269230769232 0.24278846153846154 0.27884615384615385
4 0.5396634615384616 0.9230769230769231 0.18028846153846154 0.14903846153846154
4 0.6706730769230769 0.7872596153846154 0.07692307692307693 0.4230769230769231
4 0.6670673076923077 0.7872596153846154 0.03125 0.4230769230769231
4 0.4362980769230769 0.08173076923076923 0.0625 0.15144230769230768
4 0.33413461538461536 0.11658653846153846 0.0889423076923077 0.22115384615384615
4 0.23677884615384615 0.35216346153846156 0.1346153846153846 0.5985576923076923
4 0.13701923076923078 0.27283653846153844 0.25961538461538464 0.4543269230769231
4 0.11658653846153846 0.08173076923076923 0.19230769230769232 0.15144230769230768
4 0.04447115384615385 0.22956730769230768 0.08413461538461539 0.21394230769230768
4 0.010817307692307692 0.4387019230769231 0.021634615384615384 0.15865384615384615
4 0.06971153846153846 0.6069711538461539 0.1346153846153846 0.19471153846153846
4 0.25240384615384615 0.7415865384615384 0.25961538461538464 0.22596153846153846
4 0.2620192307692308 0.9026442307692307 0.14903846153846154 0.18990384615384615
4 0.1141826923076923 0.8449519230769231 0.21394230769230768 0.30528846153846156
4 0.040865384615384616 0.9387019230769231 0.07692307692307693 0.11778846153846154