0 0.1778846153846154 0.6766826923076923 0.10336538461538461 0.14423076923076922
0 0.29447115384615385 0.5697115384615384 0.12980769230769232 0.19230769230769232
0 0.28846153846153844 0.703125 0.17307692307692307 0.16826923076923078
0 0.22355769230769232 0.8822115384615384 0.2403846153846154 0.22355769230769232
0 0.4230769230769231 0.390625 0.11538461538461539 0.10576923076923077
0 0.3894230769230769 0.46634615384615385 0.04567307692307692 0.07692307692307693
0 0.34375 0.43509615384615385 0.04567307692307692 0.04807692307692308
0 0.3269230769230769 0.4795673076923077 0.04807692307692308 0.07211538461538461
0 0.2860576923076923 0.5024038461538461 0.038461538461538464 0.07692307692307693
0 0.26322115384615385 0.5204326923076923 0.028846153846153848 0.08173076923076923
0 0.2956730769230769 0.5733173076923077 0.125 0.1778846153846154
0 0.3641826923076923 0.8076923076923077 0.1346153846153846 0.1778846153846154
0 0.3629807692307692 0.9134615384615384 0.028846153846153848 0.04807692307692308
0 0.3701923076923077 0.96875 0.04567307692307692 0.052884615384615384
0 0.41225961538461536 0.9447115384615384 0.07692307692307693 0.0985576923076923
0 0.4411057692307692 0.8569711538461539 0.08653846153846154 0.1201923076923077
0 0.4807692307692308 0.7391826923076923 0.10096153846153846 0.09375
0 0.45072115384615385 0.7451923076923077 0.0625 0.0625
0 0.4675480769230769 0.7788461538461539 0.07211538461538461 0.0673076923076923
0 0.4639423076923077 0.875 0.07211538461538461 0.1778846153846154
0 0.515625 0.7944711538461539 0.038461538461538464 0.13942307692307693
0 0.6045673076923077 0.78125 0.125 0.11538461538461539
0 0.5576923076923077 0.7680288461538461 0.038461538461538464 0.0673076923076923
0 0.5649038461538461 0.8569711538461539 0.10096153846153846 0.13942307692307693
0 0.5264423076923077 0.8617788461538461 0.04567307692307692 0.0673076923076923
0 0.515625 0.9423076923076923 0.0673076923076923 0.0625
0 0.515625 0.9711538461538461 0.12980769230769232 0.04807692307692308
0 0.65625 0.9038461538461539 0.16826923076923078 0.0673076923076923
0 0.6971153846153846 0.8822115384615384 0.125 0.11057692307692307
0 0.6370192307692307 0.859375 0.04567307692307692 0.03125
0 0.7307692307692307 0.84375 0.10336538461538461 0.07211538461538461
0 0.6923076923076923 0.8173076923076923 0.13942307692307693 0.052884615384615384
0 0.7235576923076923 0.7884615384615384 0.21634615384615385 0.07692307692307693
0 0.734375 0.7319711538461539 0.08653846153846154 0.057692307692307696
0 0.7728365384615384 0.8882211538461539 0.06490384615384616 0.11057692307692307
0 0.7800480769230769 0.8365384615384616 0.08173076923076923 0.057692307692307696
0 0.7247596153846154 0.8461538461538461 0.09134615384615384 0.04807692307692308
0 0.6646634615384616 0.9615384615384616 0.16826923076923078 0.0673076923076923
0 0.5060096153846154 0.9795673076923077 0.10336538461538461 0.03125
0 0.7788461538461539 0.9819711538461539 0.052884615384615384 0.026442307692307692
0 0.8221153846153846 0.9375 0.07211538461538461 0.10576923076923077
0 0.8509615384615384 0.9555288461538461 0.0625 0.07692307692307693
0 0.8473557692307693 0.8545673076923077 0.052884615384615384 0.0625
0 0.8569711538461539 0.8076923076923077 0.057692307692307696 0.0625
0 0.8028846153846154 0.7548076923076923 0.04807692307692308 0.0625
0 0.7956730769230769 0.6983173076923077 0.04807692307692308 0.052884615384615384
0 0.8341346153846154 0.6875 0.03365384615384615 0.04326923076923077
0 0.8353365384615384 0.7367788461538461 0.04567307692307692 0.057692307692307696
0 0.8762019230769231 0.7007211538461539 0.04807692307692308 0.04807692307692308
0 0.8834134615384616 0.7548076923076923 0.057692307692307696 0.08173076923076923
0 0.9122596153846154 0.8052884615384616 0.04567307692307692 0.057692307692307696
0 0.9002403846153846 0.859375 0.052884615384615384 0.08173076923076923
0 0.9471153846153846 0.7884615384615384 0.04567307692307692 0.0673076923076923
0 0.9483173076923077 0.734375 0.026442307692307692 0.019230769230769232
0 0.9182692307692307 0.7475961538461539 0.03365384615384615 0.057692307692307696
0 0.921875 0.6370192307692307 0.15144230769230768 0.20192307692307693
0 0.7427884615384616 0.36778846153846156 0.11057692307692307 0.12980769230769232
0 0.7752403846153846 0.26802884615384615 0.10096153846153846 0.057692307692307696
0 0.5348557692307693 0.23677884615384615 0.07692307692307693 0.0673076923076923
0 0.5288461538461539 0.296875 0.08653846153846154 0.11538461538461539
0 0.5168269230769231 0.328125 0.06490384615384616 0.08173076923076923
0 0.5120192307692307 0.4014423076923077 0.052884615384615384 0.04326923076923077
0 0.6262019230769231 0.28125 0.10576923076923077 0.04326923076923077
0 0.8629807692307693 0.33052884615384615 0.12980769230769232 0.2764423076923077
0 0.9483173076923077 0.35216346153846156 0.0985576923076923 0.08413461538461539
0 0.9579326923076923 0.53125 0.07932692307692307 0.1346153846153846
0 0.6887019230769231 0.7391826923076923 0.026442307692307692 0.04326923076923077
0 0.6682692307692307 0.7115384615384616 0.02403846153846154 0.036057692307692304
0 0.6430288461538461 0.7007211538461539 0.019230769230769232 0.026442307692307692
0 0.6237980769230769 0.7139423076923077 0.026442307692307692 0.03125
0 0.5901442307692307 0.7007211538461539 0.026442307692307692 0.026442307692307692
0 0.5685096153846154 0.6947115384615384 0.014423076923076924 0.026442307692307692
0 0.5552884615384616 0.7115384615384616 0.03365384615384615 0.026442307692307692
0 0.5444711538461539 0.6802884615384616 0.026442307692307692 0.036057692307692304
0 0.5228365384615384 0.6826923076923077 0.02403846153846154 0.019230769230769232
0 0.5072115384615384 0.6850961538461539 0.014423076923076924 0.014423076923076924
0 0.4807692307692308 0.6983173076923077 0.038461538461538464 0.03125
0 0.4543269230769231 0.7139423076923077 0.02403846153846154 0.03125
0 0.4375 0.6947115384615384 0.026442307692307692 0.036057692307692304
0 0.41466346153846156 0.7211538461538461 0.026442307692307692 0.036057692307692304
0 0.40024038461538464 0.6923076923076923 0.02403846153846154 0.03125
0 0.390625 0.7115384615384616 0.026442307692307692 0.036057692307692304
0 0.39903846153846156 0.6670673076923077 0.019230769230769232 0.03125
0 0.37740384615384615 0.6766826923076923 0.02403846153846154 0.03125
0 0.7151442307692307 0.7259615384615384 0.019230769230769232 0.036057692307692304
0 0.6923076923076923 0.7055288461538461 0.026442307692307692 0.026442307692307692
0 0.7379807692307693 0.71875 0.01201923076923077 0.03125
0 0.7247596153846154 0.7007211538461539 0.02403846153846154 0.036057692307692304
0 0.7055288461538461 0.6610576923076923 0.02403846153846154 0.03125
0 0.6826923076923077 0.6610576923076923 0.02403846153846154 0.03125
0 0.6646634615384616 0.6538461538461539 0.014423076923076924 0.026442307692307692
0 0.6394230769230769 0.6766826923076923 0.026442307692307692 0.04326923076923077
0 0.5721153846153846 0.6454326923076923 0.028846153846153848 0.04326923076923077
0 0.5492788461538461 0.5625 0.02403846153846154 0.03125
0 0.5456730769230769 0.5985576923076923 0.02403846153846154 0.03125
0 0.484375 0.5576923076923077 0.02403846153846154 0.03125
0 0.6358173076923077 0.5540865384615384 0.026442307692307692 0.036057692307692304
0 0.6754807692307693 0.5360576923076923 0.028846153846153848 0.04326923076923077
0 0.8870192307692307 0.5288461538461539 0.04326923076923077 0.036057692307692304
0 0.8545673076923077 0.546875 0.052884615384615384 0.0625
0 0.8353365384615384 0.5024038461538461 0.11538461538461539 0.07932692307692307
0 0.7199519230769231 0.46153846153846156 0.13942307692307693 0.0889423076923077
0 0.640625 0.43509615384615385 0.12259615384615384 0.0673076923076923
0 0.6141826923076923 0.4735576923076923 0.16826923076923078 0.07211538461538461
0 0.5384615384615384 0.5673076923076923 0.07692307692307693 0.25961538461538464
0 0.42908653846153844 0.6069711538461539 0.23317307692307693 0.19230769230769232
0 0.4639423076923077 0.484375 0.07211538461538461 0.052884615384615384
0 0.59375 0.5853365384615384 0.11778846153846154 0.23557692307692307
0 0.6971153846153846 0.5913461538461539 0.15625 0.21394230769230768
0 0.7367788461538461 0.59375 0.22115384615384615 0.1466346153846154