0 0.09014423076923077 0.23798076923076922 0.16826923076923078 0.14903846153846154
0 0.15865384615384615 0.16346153846153846 0.08653846153846154 0.04326923076923077
0 0.328125 0.11778846153846154 0.23076923076923078 0.0985576923076923
0 0.5300480769230769 0.07692307692307693 0.1971153846153846 0.11057692307692307
0 0.5685096153846154 0.18389423076923078 0.2620192307692308 0.1778846153846154
0 0.7295673076923077 0.15504807692307693 0.20192307692307693 0.17067307692307693
0 0.8197115384615384 0.23677884615384615 0.20673076923076922 0.14423076923076922
0 0.5817307692307693 0.28365384615384615 0.3004807692307692 0.08173076923076923
0 0.5408653846153846 0.3798076923076923 0.2956730769230769 0.19230769230769232
0 0.3112980769230769 0.23076923076923078 0.3076923076923077 0.20673076923076922
0 0.16346153846153846 0.375 0.16346153846153846 0.15384615384615385
0 0.30649038461538464 0.3786057692307692 0.20673076923076922 0.12980769230769232
0 0.0625 0.3894230769230769 0.11538461538461539 0.16826923076923078
0 0.09014423076923077 0.5108173076923077 0.16826923076923078 0.14903846153846154
0 0.24639423076923078 0.48197115384615385 0.17307692307692307 0.12740384615384615
0 0.39663461538461536 0.5432692307692307 0.18028846153846154 0.17067307692307693
0 0.4230769230769231 0.5096153846153846 0.22355769230769232 0.12980769230769232
0 0.6069711538461539 0.5180288461538461 0.1971153846153846 0.11298076923076923
0 0.7235576923076923 0.5216346153846154 0.125 0.1201923076923077
0 0.7403846153846154 0.390625 0.19230769230769232 0.1346153846153846
0 0.8028846153846154 0.36177884615384615 0.16346153846153846 0.11298076923076923
0 0.9206730769230769 0.32211538461538464 0.13701923076923078 0.09134615384615384
0 0.921875 0.44711538461538464 0.15144230769230768 0.17307692307692307
0 0.8521634615384616 0.5432692307692307 0.16346153846153846 0.11298076923076923
0 0.8064903846153846 0.47475961538461536 0.08173076923076923 0.04807692307692308
0 0.7403846153846154 0.6165865384615384 0.10336538461538461 0.07692307692307693
0 0.9050480769230769 0.6610576923076923 0.18509615384615385 0.11057692307692307
0 0.9002403846153846 0.6069711538461539 0.19471153846153846 0.0985576923076923
0 0.7980769230769231 0.7163461538461539 0.17307692307692307 0.12980769230769232
0 0.5709134615384616 0.6634615384615384 0.3557692307692308 0.21634615384615385
0 0.3173076923076923 0.7055288461538461 0.17307692307692307 0.15384615384615385
0 0.12860576923076922 0.6778846153846154 0.23557692307692307 0.19951923076923078
0 0.04326923076923077 0.5769230769230769 0.07692307692307693 0.15625
0 0.040865384615384616 0.7403846153846154 0.07211538461538461 0.14903846153846154
0 0.20192307692307693 0.7668269230769231 0.20673076923076922 0.11778846153846154
0 0.3389423076923077 0.8509615384615384 0.15384615384615385 0.09615384615384616
0 0.20432692307692307 0.8894230769230769 0.18028846153846154 0.1346153846153846
0 0.13942307692307693 0.8449519230769231 0.11538461538461539 0.09134615384615384
0 0.42908653846153844 0.7896634615384616 0.22355769230769232 0.1466346153846154
0 0.5961538461538461 0.796875 0.12980769230769232 0.08173076923076923
0 0.4891826923076923 0.9122596153846154 0.14903846153846154 0.125
0 0.3786057692307692 0.9387019230769231 0.23317307692307693 0.11778846153846154
0 0.7019230769230769 0.8894230769230769 0.25721153846153844 0.1778846153846154
0 0.8221153846153846 0.8365384615384616 0.16826923076923078 0.125
0 0.8882211538461539 0.7475961538461539 0.07211538461538461 0.0625
0 0.7079326923076923 0.7728365384615384 0.09134615384615384 0.0673076923076923