0 0.09134615384615384 0.21875 0.17548076923076922 0.21875
0 0.09014423076923077 0.39903846153846156 0.17307692307692307 0.2764423076923077
0 0.15264423076923078 0.6742788461538461 0.2980769230769231 0.3798076923076923
0 0.057692307692307696 0.8257211538461539 0.10817307692307693 0.3076923076923077
0 0.171875 0.8725961538461539 0.16826923076923078 0.20192307692307693
0 0.07091346153846154 0.9387019230769231 0.13701923076923078 0.11778846153846154
0 0.3449519230769231 0.8774038461538461 0.20192307692307693 0.22355769230769232
0 0.40865384615384615 0.6141826923076923 0.13701923076923078 0.30288461538461536
0 0.2980769230769231 0.5024038461538461 0.2764423076923077 0.3389423076923077
0 0.35697115384615385 0.24759615384615385 0.3076923076923077 0.2860576923076923
0 0.24639423076923078 0.17427884615384615 0.1658653846153846 0.14182692307692307
0 0.3401442307692308 0.234375 0.4423076923076923 0.2620192307692308
0 0.49278846153846156 0.2860576923076923 0.12980769230769232 0.1971153846153846
0 0.515625 0.515625 0.23076923076923078 0.5528846153846154
0 0.41466346153846156 0.6274038461538461 0.1658653846153846 0.3173076923076923
0 0.5456730769230769 0.8329326923076923 0.25240384615384615 0.3317307692307692
0 0.4026442307692308 0.9651442307692307 0.04567307692307692 0.06490384615384616
0 0.8882211538461539 0.49278846153846156 0.21875 0.35096153846153844
0 0.8377403846153846 0.23918269230769232 0.2548076923076923 0.27163461538461536
0 0.78125 0.24278846153846154 0.4326923076923077 0.28846153846153844
0 0.4735576923076923 0.4266826923076923 0.09134615384615384 0.07211538461538461
0 0.5420673076923077 0.15384615384615385 0.08413461538461539 0.1201923076923077
0 0.6983173076923077 0.421875 0.15384615384615385 0.21875
0 0.6814903846153846 0.5108173076923077 0.08173076923076923 0.1875
0 0.8173076923076923 0.6550480769230769 0.3605769230769231 0.25721153846153844
0 0.7007211538461539 0.8954326923076923 0.15625 0.20673076923076922
0 0.6394230769230769 0.8810096153846154 0.10576923076923077 0.23317307692307693
0 0.8112980769230769 0.7548076923076923 0.1875 0.10576923076923077
0 0.9242788461538461 0.7956730769230769 0.1466346153846154 0.15384615384615385
0 0.8353365384615384 0.8725961538461539 0.11538461538461539 0.13942307692307693
0 0.8413461538461539 0.9675480769230769 0.0673076923076923 0.06009615384615385
0 0.9338942307692307 0.9206730769230769 0.12740384615384615 0.15384615384615385