0 0.9194711538461539 0.7764423076923077 0.15384615384615385 0.15384615384615385
0 0.7740384615384616 0.7139423076923077 0.14903846153846154 0.10817307692307693
0 0.8966346153846154 0.6057692307692307 0.14423076923076922 0.10817307692307693
0 0.9795673076923077 0.6009615384615384 0.03365384615384615 0.11538461538461539
0 0.8774038461538461 0.5564903846153846 0.10576923076923077 0.12980769230769232
0 0.9519230769230769 0.5384615384615384 0.08653846153846154 0.08653846153846154
0 0.6983173076923077 0.5264423076923077 0.125 0.1466346153846154
0 0.5024038461538461 0.6826923076923077 0.17548076923076922 0.14182692307692307
0 0.07211538461538461 0.8882211538461539 0.14423076923076922 0.0889423076923077
0 0.20072115384615385 0.625 0.10576923076923077 0.07692307692307693
0 0.02283653846153846 0.5709134615384616 0.04567307692307692 0.08173076923076923
0 0.33653846153846156 0.36177884615384615 0.15625 0.09615384615384616
0 0.22115384615384615 0.2860576923076923 0.13942307692307693 0.11538461538461539
0 0.34975961538461536 0.23918269230769232 0.13942307692307693 0.10817307692307693
0 0.49278846153846156 0.26322115384615385 0.14903846153846154 0.09615384615384616
0 0.6358173076923077 0.171875 0.1201923076923077 0.08653846153846154
0 0.8545673076923077 0.2800480769230769 0.1346153846153846 0.10336538461538461
0 0.9747596153846154 0.3076923076923077 0.04326923076923077 0.11538461538461539
0 0.9603365384615384 0.21514423076923078 0.06971153846153846 0.08653846153846154
0 0.8774038461538461 0.171875 0.125 0.09615384615384616
0 0.6778846153846154 0.07572115384615384 0.15625 0.10817307692307693
0 0.5649038461538461 0.1141826923076923 0.11538461538461539 0.09134615384615384
0 0.4879807692307692 0.1658653846153846 0.12980769230769232 0.0985576923076923
0 0.4543269230769231 0.07091346153846154 0.1346153846153846 0.09134615384615384
0 0.5396634615384616 0.040865384615384616 0.1201923076923077 0.08173076923076923
0 0.6634615384615384 0.015625 0.07211538461538461 0.028846153846153848
0 0.8846153846153846 0.015625 0.10096153846153846 0.028846153846153848
0 0.8774038461538461 0.051682692307692304 0.125 0.052884615384615384
0 0.3870192307692308 0.16105769230769232 0.11057692307692307 0.06490384615384616
0 0.3389423076923077 0.0673076923076923 0.1346153846153846 0.08173076923076923
0 0.23918269230769232 0.14423076923076922 0.12980769230769232 0.0985576923076923
0 0.10336538461538461 0.15985576923076922 0.125 0.07692307692307693
0 0.1658653846153846 0.09254807692307693 0.10096153846153846 0.08173076923076923
0 0.21634615384615385 0.02403846153846154 0.13942307692307693 0.04807692307692308