0 0.7980769230769231 0.11177884615384616 0.2644230769230769 0.21394230769230768
0 0.9639423076923077 0.016826923076923076 0.06490384615384616 0.021634615384615384
0 0.9903846153846154 0.16947115384615385 0.009615384615384616 0.12980769230769232
0 0.8545673076923077 0.3473557692307692 0.28365384615384615 0.4110576923076923
0 0.9387019230769231 0.6742788461538461 0.11538461538461539 0.4326923076923077
0 0.7692307692307693 0.765625 0.21634615384615385 0.3173076923076923
0 0.6802884615384616 0.6225961538461539 0.24759615384615385 0.3293269230769231
0 0.5913461538461539 0.34134615384615385 0.25961538461538464 0.34375
0 0.546875 0.10096153846153846 0.25240384615384615 0.19230769230769232
0 0.421875 0.21875 0.21153846153846154 0.3173076923076923
0 0.30528846153846156 0.08173076923076923 0.23317307692307693 0.15384615384615385
0 0.203125 0.25961538461538464 0.28365384615384615 0.4326923076923077
0 0.1814903846153846 0.7487980769230769 0.18990384615384615 0.49038461538461536
0 0.4050480769230769 0.5661057692307693 0.30288461538461536 0.4423076923076923
0 0.4579326923076923 0.8305288461538461 0.29086538461538464 0.3076923076923077
0 0.057692307692307696 0.1310096153846154 0.11057692307692307 0.25240384615384615
0 0.04326923076923077 0.39302884615384615 0.08173076923076923 0.3629807692307692
0 0.056490384615384616 0.5997596153846154 0.10817307692307693 0.2668269230769231
0 0.06971153846153846 0.8581730769230769 0.1346153846153846 0.27884615384615385