0 0.3173076923076923 0.22115384615384615 0.19230769230769232 0.13942307692307693
0 0.45072115384615385 0.24519230769230768 0.14903846153846154 0.17307692307692307
0 0.3870192307692308 0.3088942307692308 0.1971153846153846 0.12259615384615384
0 0.5829326923076923 0.23076923076923078 0.18269230769230768 0.13701923076923078
0 0.6634615384615384 0.25 0.35336538461538464 0.25
0 0.8401442307692307 0.6310096153846154 0.14423076923076922 0.11057692307692307
0 0.78125 0.7211538461538461 0.19230769230769232 0.06971153846153846
0 0.5685096153846154 0.6274038461538461 0.2548076923076923 0.1971153846153846
0 0.45552884615384615 0.45552884615384615 0.25961538461538464 0.16826923076923078
0 0.5745192307692307 0.3629807692307692 0.1875 0.13701923076923078
0 0.2536057692307692 0.38822115384615385 0.2548076923076923 0.1875
0 0.1658653846153846 0.4879807692307692 0.21153846153846154 0.1778846153846154
0 0.24639423076923078 0.6262019230769231 0.2932692307692308 0.27403846153846156
0 0.32091346153846156 0.7620192307692307 0.1971153846153846 0.18028846153846154
0 0.3894230769230769 0.8040865384615384 0.17067307692307693 0.20673076923076922
0 0.49158653846153844 0.7872596153846154 0.0889423076923077 0.17307692307692307
0 0.48677884615384615 0.8701923076923077 0.10096153846153846 0.06490384615384616
0 0.4362980769230769 0.8942307692307693 0.0889423076923077 0.0673076923076923
0 0.6706730769230769 0.8197115384615384 0.30288461538461536 0.1875
0 0.5637019230769231 0.6237980769230769 0.24278846153846154 0.1971153846153846
0 0.46153846153846156 0.640625 0.12740384615384615 0.15865384615384615
0 0.3870192307692308 0.5685096153846154 0.0673076923076923 0.06490384615384616
0 0.5805288461538461 0.6334134615384616 0.1658653846153846 0.1875
0 0.71875 0.5048076923076923 0.3076923076923077 0.40625