0 0.15865384615384615 0.26322115384615385 0.2620192307692308 0.40384615384615385
0 0.09254807692307693 0.18028846153846154 0.1778846153846154 0.35096153846153844
0 0.08533653846153846 0.49759615384615385 0.16346153846153846 0.28365384615384615
0 0.09975961538461539 0.8125 0.19471153846153846 0.3701923076923077
0 0.025240384615384616 0.9783653846153846 0.04567307692307692 0.038461538461538464
0 0.21153846153846154 0.8882211538461539 0.2548076923076923 0.21875
0 0.24278846153846154 0.7572115384615384 0.06971153846153846 0.09134615384615384
0 0.23317307692307693 0.8557692307692307 0.09615384615384616 0.09134615384615384
0 0.2956730769230769 0.8221153846153846 0.07451923076923077 0.09615384615384616
0 0.30649038461538464 0.7367788461538461 0.07451923076923077 0.11298076923076923
0 0.35336538461538464 0.6646634615384616 0.09615384615384616 0.125
0 0.31850961538461536 0.6153846153846154 0.11057692307692307 0.13942307692307693
0 0.3762019230769231 0.49759615384615385 0.07211538461538461 0.13942307692307693
0 0.3954326923076923 0.5853365384615384 0.057692307692307696 0.07692307692307693
0 0.4230769230769231 0.6646634615384616 0.05048076923076923 0.07211538461538461
0 0.46274038461538464 0.71875 0.04807692307692308 0.04807692307692308
0 0.4206730769230769 0.7451923076923077 0.0625 0.07692307692307693
0 0.36538461538461536 0.7548076923076923 0.04326923076923077 0.04807692307692308
0 0.4338942307692308 0.8112980769230769 0.04326923076923077 0.0673076923076923
0 0.37259615384615385 0.8197115384615384 0.0889423076923077 0.18509615384615385
0 0.4423076923076923 0.9050480769230769 0.08173076923076923 0.1201923076923077
0 0.48677884615384615 0.9459134615384616 0.03125 0.057692307692307696
0 0.3641826923076923 0.9387019230769231 0.25240384615384615 0.11778846153846154
0 0.5733173076923077 0.7788461538461539 0.25 0.2980769230769231
0 0.5168269230769231 0.515625 0.2548076923076923 0.3798076923076923
0 0.3245192307692308 0.5673076923076923 0.4951923076923077 0.7307692307692307
0 0.33774038461538464 0.23197115384615385 0.0889423076923077 0.11298076923076923
0 0.3161057692307692 0.16706730769230768 0.08653846153846154 0.12980769230769232
0 0.28365384615384615 0.07692307692307693 0.21153846153846154 0.14423076923076922
0 0.7331730769230769 0.9338942307692307 0.2692307692307692 0.12740384615384615
0 0.6694711538461539 0.8641826923076923 0.1658653846153846 0.2668269230769231
0 0.6213942307692307 0.7764423076923077 0.18028846153846154 0.4423076923076923
0 0.6117788461538461 0.6706730769230769 0.25240384615384615 0.6538461538461539
0 0.6021634615384616 0.26802884615384615 0.2091346153846154 0.21634615384615385
0 0.5673076923076923 0.10817307692307693 0.06971153846153846 0.10336538461538461
0 0.5348557692307693 0.056490384615384616 0.04326923076923077 0.052884615384615384
0 0.5132211538461539 0.013221153846153846 0.02403846153846154 0.014423076923076924
0 0.49399038461538464 0.051682692307692304 0.038461538461538464 0.040865384615384616
0 0.47836538461538464 0.02283653846153846 0.038461538461538464 0.02403846153846154
0 0.4423076923076923 0.040865384615384616 0.057692307692307696 0.07211538461538461
0 0.3942307692307692 0.028846153846153848 0.052884615384615384 0.04807692307692308
0 0.4098557692307692 0.07451923076923077 0.038461538461538464 0.07692307692307693
0 0.3954326923076923 0.1310096153846154 0.04326923076923077 0.057692307692307696
0 0.38822115384615385 0.1935096153846154 0.04326923076923077 0.07692307692307693
0 0.3401442307692308 0.2247596153846154 0.08653846153846154 0.09615384615384616
0 0.4326923076923077 0.18028846153846154 0.0625 0.0625
0 0.4495192307692308 0.11899038461538461 0.057692307692307696 0.08173076923076923
0 0.47836538461538464 0.16466346153846154 0.0625 0.0625
0 0.5324519230769231 0.17548076923076922 0.04807692307692308 0.052884615384615384
0 0.5576923076923077 0.18509615384615385 0.026442307692307692 0.052884615384615384
0 0.6310096153846154 0.11298076923076923 0.05048076923076923 0.07211538461538461
0 0.6177884615384616 0.15504807692307693 0.03125 0.019230769230769232
0 0.6346153846153846 0.06490384615384616 0.04326923076923077 0.04807692307692308
0 0.6057692307692307 0.040865384615384616 0.04807692307692308 0.07211538461538461
0 0.5637019230769231 0.028846153846153848 0.052884615384615384 0.04807692307692308
0 0.6838942307692307 0.31971153846153844 0.04807692307692308 0.040865384615384616
0 0.7199519230769231 0.5132211538461539 0.1971153846153846 0.33653846153846156
0 0.5925480769230769 0.7788461538461539 0.30528846153846156 0.28846153846153844
0 0.8834134615384616 0.8161057692307693 0.21394230769230768 0.3629807692307692
0 0.6742788461538461 0.8737980769230769 0.057692307692307696 0.0673076923076923
0 0.9723557692307693 0.7247596153846154 0.05048076923076923 0.5456730769230769
0 0.8521634615384616 0.4387019230769231 0.29086538461538464 0.8677884615384616
0 0.8341346153846154 0.36538461538461536 0.08653846153846154 0.21634615384615385
0 0.7776442307692307 0.3425480769230769 0.026442307692307692 0.057692307692307696
0 0.7608173076923077 0.3112980769230769 0.04807692307692308 0.0673076923076923
0 0.7776442307692307 0.28365384615384615 0.07211538461538461 0.07211538461538461
0 0.7776442307692307 0.23677884615384615 0.05048076923076923 0.07211538461538461
0 0.8221153846153846 0.24759615384615385 0.04807692307692308 0.0625
0 0.8725961538461539 0.24519230769230768 0.03125 0.036057692307692304
0 0.8221153846153846 0.1778846153846154 0.04807692307692308 0.0673076923076923
0 0.7716346153846154 0.15745192307692307 0.052884615384615384 0.0985576923076923
0 0.8161057692307693 0.11057692307692307 0.057692307692307696 0.0673076923076923
0 0.8245192307692307 0.04326923076923077 0.057692307692307696 0.07692307692307693
0 0.7920673076923077 0.03125 0.038461538461538464 0.052884615384615384
0 0.7740384615384616 0.038461538461538464 0.03365384615384615 0.0673076923076923
0 0.8245192307692307 0.06129807692307692 0.12740384615384615 0.11298076923076923
0 0.8846153846153846 0.13942307692307693 0.09134615384615384 0.15384615384615385
0 0.5 0.5 0.9951923076923077 0.9951923076923077