0 0.27884615384615385 0.7403846153846154 0.3485576923076923 0.28365384615384615
0 0.5180288461538461 0.8401442307692307 0.15144230769230768 0.12259615384615384
0 0.5336538461538461 0.9230769230769231 0.0889423076923077 0.0625
0 0.47596153846153844 0.9350961538461539 0.07692307692307693 0.10096153846153846
0 0.6141826923076923 0.9375 0.10576923076923077 0.10336538461538461
0 0.6538461538461539 0.8798076923076923 0.13942307692307693 0.1346153846153846
0 0.5 0.7151442307692307 0.10576923076923077 0.125
0 0.515625 0.6201923076923077 0.15625 0.13942307692307693
0 0.7295673076923077 0.6875 0.1875 0.17548076923076922
0 0.7115384615384616 0.734375 0.20192307692307693 0.11057692307692307
0 0.7391826923076923 0.7824519230769231 0.09375 0.038461538461538464
0 0.8461538461538461 0.7235576923076923 0.15144230769230768 0.10336538461538461
0 0.8798076923076923 0.6598557692307693 0.10576923076923077 0.10817307692307693
0 0.7115384615384616 0.6201923076923077 0.18269230769230768 0.11778846153846154
0 0.625 0.6370192307692307 0.052884615384615384 0.10096153846153846
0 0.59375 0.6790865384615384 0.07211538461538461 0.10576923076923077
0 0.6201923076923077 0.7403846153846154 0.16826923076923078 0.09134615384615384
0 0.6141826923076923 0.7824519230769231 0.20673076923076922 0.07692307692307693
0 0.6454326923076923 0.5625 0.10576923076923077 0.09615384615384616
0 0.7115384615384616 0.5444711538461539 0.0673076923076923 0.07211538461538461
0 0.7860576923076923 0.5685096153846154 0.0625 0.07692307692307693
0 0.8329326923076923 0.5492788461538461 0.11538461538461539 0.10576923076923077
0 0.7860576923076923 0.44471153846153844 0.10576923076923077 0.11057692307692307
0 0.1045673076923077 0.9086538461538461 0.20432692307692307 0.1778846153846154
0 0.042067307692307696 0.8016826923076923 0.08173076923076923 0.04567307692307692
0 0.22956730769230768 0.22716346153846154 0.3557692307692308 0.2548076923076923
0 0.3786057692307692 0.06370192307692307 0.44471153846153844 0.12740384615384615
0 0.11298076923076923 0.07932692307692307 0.22115384615384615 0.15865384615384615
3 0.34134615384615385 0.43509615384615385 0.6298076923076923 0.38221153846153844