0 0.39663461538461536 0.3918269230769231 0.10336538461538461 0.1346153846153846
0 0.47115384615384615 0.38822115384615385 0.10817307692307693 0.10576923076923077
0 0.2091346153846154 0.3798076923076923 0.15865384615384615 0.1201923076923077
0 0.2548076923076923 0.28966346153846156 0.1201923076923077 0.08653846153846154
0 0.2860576923076923 0.21033653846153846 0.09615384615384616 0.08173076923076923
0 0.21394230769230768 0.2127403846153846 0.057692307692307696 0.0625
0 0.3425480769230769 0.27403846153846156 0.0673076923076923 0.09134615384615384
0 0.3918269230769231 0.20673076923076922 0.09134615384615384 0.07211538461538461
0 0.41466346153846156 0.2824519230769231 0.08653846153846154 0.09134615384615384
0 0.45913461538461536 0.21033653846153846 0.10336538461538461 0.07211538461538461
0 0.5072115384615384 0.28966346153846156 0.08653846153846154 0.07692307692307693
0 0.546875 0.203125 0.09134615384615384 0.0889423076923077
0 0.6598557692307693 0.21995192307692307 0.11298076923076923 0.06971153846153846
0 0.7752403846153846 0.24879807692307693 0.23076923076923078 0.17307692307692307
0 0.8197115384615384 0.3557692307692308 0.14423076923076922 0.08653846153846154
0 0.7007211538461539 0.36899038461538464 0.09134615384615384 0.0889423076923077
0 0.6911057692307693 0.44350961538461536 0.09134615384615384 0.08653846153846154
0 0.8088942307692307 0.4387019230769231 0.14423076923076922 0.09615384615384616
0 0.6237980769230769 0.4519230769230769 0.07211538461538461 0.34615384615384615
0 0.5793269230769231 0.34615384615384615 0.1201923076923077 0.17307692307692307
0 0.5432692307692307 0.546875 0.07692307692307693 0.2283653846153846
0 0.5132211538461539 0.6442307692307693 0.07692307692307693 0.13942307692307693
0 0.47716346153846156 0.5132211538461539 0.057692307692307696 0.125
0 0.4411057692307692 0.5961538461538461 0.10817307692307693 0.21153846153846154
0 0.3918269230769231 0.5540865384615384 0.0625 0.15865384615384615
0 0.2247596153846154 0.640625 0.004807692307692308 0
0 0.29927884615384615 0.5252403846153846 0.28846153846153844 0.18509615384615385
0 0.3112980769230769 0.7127403846153846 0.25240384615384615 0.18269230769230768
0 0.6237980769230769 0.6442307692307693 0.08173076923076923 0.052884615384615384
0 0.6754807692307693 0.5673076923076923 0.1346153846153846 0.10096153846153846
0 0.7908653846153846 0.5504807692307693 0.13942307692307693 0.08173076923076923
0 0.8112980769230769 0.6237980769230769 0.10817307692307693 0.0889423076923077
0 0.765625 0.6526442307692307 0.10817307692307693 0.07692307692307693
0 0.703125 0.6334134615384616 0.09615384615384616 0.0625
0 0.6213942307692307 0.7259615384615384 0.0673076923076923 0.038461538461538464
0 0.7067307692307693 0.7199519230769231 0.10336538461538461 0.05048076923076923
0 0.8173076923076923 0.7319711538461539 0.09615384615384616 0.0673076923076923
0 0.8221153846153846 0.6754807692307693 0.08653846153846154 0.0625
0 0.5072115384615384 0.8161057692307693 0.7572115384615384 0.07451923076923077
0 0.5853365384615384 0.7608173076923077 0.49038461538461536 0.055288461538461536
0 0.5721153846153846 0.7007211538461539 0.3293269230769231 0.08173076923076923
0 0.3269230769230769 0.6778846153846154 0.18028846153846154 0.10576923076923077
5 0.71875 0.6334134615384616 0.33653846153846156 0.2932692307692308
5 0.3786057692307692 0.24278846153846154 0.44711538461538464 0.16826923076923078