0 0.9002403846153846 0.2608173076923077 0.12259615384615384 0.17067307692307693
0 0.9074519230769231 0.36538461538461536 0.1778846153846154 0.20673076923076922
0 0.7728365384615384 0.29086538461538464 0.12980769230769232 0.19230769230769232
0 0.8581730769230769 0.484375 0.1466346153846154 0.1346153846153846
0 0.7920673076923077 0.42788461538461536 0.07692307692307693 0.09134615384615384
0 0.7211538461538461 0.44591346153846156 0.0889423076923077 0.14903846153846154
0 0.7271634615384616 0.5612980769230769 0.13942307692307693 0.14423076923076922
0 0.6057692307692307 0.5769230769230769 0.11057692307692307 0.10336538461538461
0 0.6310096153846154 0.6778846153846154 0.16826923076923078 0.18028846153846154
0 0.49399038461538464 0.5949519230769231 0.1201923076923077 0.17067307692307693
0 0.5384615384615384 0.47716346153846156 0.10096153846153846 0.17067307692307693
0 0.48677884615384615 0.6646634615384616 0.09615384615384616 0.0625
0 0.3786057692307692 0.6189903846153846 0.12740384615384615 0.15384615384615385
0 0.32091346153846156 0.6670673076923077 0.15865384615384615 0.20192307692307693
0 0.27163461538461536 0.5048076923076923 0.14182692307692307 0.15384615384615385
0 0.4014423076923077 0.4074519230769231 0.14182692307692307 0.17548076923076922
0 0.4230769230769231 0.4951923076923077 0.13942307692307693 0.125
0 0.36177884615384615 0.5072115384615384 0.0625 0.08653846153846154
0 0.4963942307692308 0.3557692307692308 0.13942307692307693 0.14423076923076922
0 0.640625 0.35096153846153844 0.1346153846153846 0.34134615384615385
0 0.5216346153846154 0.21153846153846154 0.17307692307692307 0.22596153846153846
0 0.36538461538461536 0.2247596153846154 0.1466346153846154 0.20192307692307693
0 0.3076923076923077 0.3449519230769231 0.11538461538461539 0.16346153846153846
0 0.18269230769230768 0.5 0.08173076923076923 0.11298076923076923
0 0.21153846153846154 0.41225961538461536 0.13942307692307693 0.14423076923076922
0 0.15384615384615385 0.3245192307692308 0.07692307692307693 0.11298076923076923
0 0.2247596153846154 0.24278846153846154 0.14182692307692307 0.20673076923076922
0 0.1310096153846154 0.1778846153846154 0.15384615384615385 0.20192307692307693
0 0.06370192307692307 0.265625 0.12740384615384615 0.25240384615384615
0 0.15384615384615385 0.3269230769230769 0.07692307692307693 0.10817307692307693
0 0.08413461538461539 0.4050480769230769 0.10817307692307693 0.08653846153846154
2 0.6382211538461539 0.3894230769230769 0.1466346153846154 0.5