0 0.5889423076923077 0.3798076923076923 0.15384615384615385 0.18269230769230768
0 0.7247596153846154 0.3329326923076923 0.1778846153846154 0.21153846153846154
0 0.6838942307692307 0.4639423076923077 0.10576923076923077 0.057692307692307696
0 0.7620192307692307 0.46875 0.07692307692307693 0.057692307692307696
0 0.8822115384615384 0.4266826923076923 0.2091346153846154 0.14182692307692307
0 0.8930288461538461 0.24879807692307693 0.20432692307692307 0.22115384615384615
0 0.6911057692307693 0.20432692307692307 0.19230769230769232 0.16826923076923078
0 0.7560096153846154 0.07211538461538461 0.11778846153846154 0.13942307692307693
0 0.8713942307692307 0.09735576923076923 0.1971153846153846 0.1778846153846154
0 0.6358173076923077 0.6394230769230769 0.2403846153846154 0.23076923076923078
0 0.8353365384615384 0.6935096153846154 0.23076923076923078 0.22115384615384615
0 0.1875 0.8245192307692307 0.375 0.34615384615384615
0 0.43990384615384615 0.9182692307692307 0.22115384615384615 0.15384615384615385
0 0.6538461538461539 0.8774038461538461 0.21153846153846154 0.2091346153846154
0 0.8329326923076923 0.9026442307692307 0.21634615384615385 0.1875
0 0.48197115384615385 0.7668269230769231 0.21634615384615385 0.22596153846153846
0 0.31971153846153844 0.6418269230769231 0.1778846153846154 0.19230769230769232
0 0.5 0.5516826923076923 0.23557692307692307 0.09615384615384616
0 0.1622596153846154 0.59375 0.19951923076923078 0.18269230769230768
0 0.2932692307692308 0.5288461538461539 0.15865384615384615 0.052884615384615384
0 0.051682692307692304 0.6225961538461539 0.10096153846153846 0.21394230769230768
0 0.2980769230769231 0.32211538461538464 0.04326923076923077 0.04807692307692308
0 0.3401442307692308 0.33533653846153844 0.038461538461538464 0.038461538461538464
0 0.3713942307692308 0.3485576923076923 0.03125 0.038461538461538464
0 0.2536057692307692 0.34615384615384615 0.04326923076923077 0.04326923076923077
0 0.21754807692307693 0.3425480769230769 0.036057692307692304 0.026442307692307692
0 0.16466346153846154 0.3485576923076923 0.052884615384615384 0.038461538461538464
0 0.11778846153846154 0.3605769230769231 0.038461538461538464 0.036057692307692304
0 0.109375 0.3161057692307692 0.038461538461538464 0.036057692307692304
0 0.06850961538461539 0.30649038461538464 0.038461538461538464 0.036057692307692304
0 0.15384615384615385 0.3161057692307692 0.03125 0.036057692307692304
0 0.19110576923076922 0.30649038461538464 0.04326923076923077 0.04326923076923077
0 0.23557692307692307 0.3016826923076923 0.04326923076923077 0.036057692307692304
0 0.042067307692307696 0.24278846153846154 0.04807692307692308 0.03125
0 0.078125 0.23076923076923078 0.04807692307692308 0.052884615384615384
0 0.12259615384615384 0.21514423076923078 0.04807692307692308 0.04807692307692308
0 0.17067307692307693 0.19831730769230768 0.04807692307692308 0.038461538461538464
0 0.2403846153846154 0.17548076923076922 0.04326923076923077 0.04807692307692308
0 0.2980769230769231 0.16947115384615385 0.04326923076923077 0.036057692307692304
0 0.2127403846153846 0.2536057692307692 0.04326923076923077 0.036057692307692304
0 0.2668269230769231 0.24278846153846154 0.04326923076923077 0.038461538461538464
0 0.2980769230769231 0.2403846153846154 0.04326923076923077 0.04326923076923077
0 0.33533653846153844 0.21754807692307693 0.038461538461538464 0.04326923076923077
0 0.3641826923076923 0.22716346153846154 0.052884615384615384 0.04326923076923077
0 0.3894230769230769 0.21153846153846154 0.057692307692307696 0.03125
0 0.42427884615384615 0.2283653846153846 0.057692307692307696 0.057692307692307696
0 0.46033653846153844 0.2283653846153846 0.03125 0.03125
0 0.19831730769230768 0.020432692307692308 0.04807692307692308 0.038461538461538464
0 0.2692307692307692 0.004807692307692308 0.038461538461538464 0.009615384615384616
0 0.30408653846153844 0.004807692307692308 0.03125 0.009615384615384616
0 0.34615384615384615 0.007211538461538462 0.036057692307692304 0.014423076923076924
0 0.015625 0.052884615384615384 0.021634615384615384 0.026442307692307692
0 0.8485576923076923 0.578125 0.2932692307692308 0.14182692307692307