0 0.7608173076923077 0.8822115384615384 0.40865384615384615 0.2283653846153846
0 0.9122596153846154 0.8317307692307693 0.16346153846153846 0.2668269230769231
0 0.4795673076923077 0.8473557692307693 0.2980769230769231 0.25
0 0.7163461538461539 0.6887019230769231 0.31971153846153844 0.20432692307692307
0 0.8425480769230769 0.5829326923076923 0.23076923076923078 0.20192307692307693
0 0.953125 0.5168269230769231 0.08173076923076923 0.1778846153846154
0 0.5901442307692307 0.5228365384615384 0.2644230769230769 0.1971153846153846
0 0.39903846153846156 0.6538461538461539 0.27403846153846156 0.20432692307692307
0 0.3942307692307692 0.47836538461538464 0.21153846153846154 0.16826923076923078
0 0.515625 0.34375 0.20673076923076922 0.16826923076923078
0 0.6646634615384616 0.33774038461538464 0.10336538461538461 0.10576923076923077
0 0.6911057692307693 0.4387019230769231 0.17548076923076922 0.10576923076923077
0 0.7908653846153846 0.3918269230769231 0.21153846153846154 0.15144230769230768
0 0.9350961538461539 0.4170673076923077 0.1201923076923077 0.16346153846153846
0 0.9122596153846154 0.3112980769230769 0.16346153846153846 0.12740384615384615
0 0.7367788461538461 0.26802884615384615 0.20673076923076922 0.1346153846153846
0 0.8557692307692307 0.24158653846153846 0.07211538461538461 0.07211538461538461
0 0.8401442307692307 0.13942307692307693 0.15384615384615385 0.125
0 0.7451923076923077 0.17427884615384615 0.15865384615384615 0.09375
0 0.703125 0.08533653846153846 0.13942307692307693 0.09134615384615384
0 0.7728365384615384 0.07692307692307693 0.0625 0.03125
0 0.6081730769230769 0.1466346153846154 0.18509615384615385 0.13942307692307693
0 0.47716346153846156 0.18509615384615385 0.13942307692307693 0.04807692307692308
0 0.48197115384615385 0.25721153846153844 0.17067307692307693 0.11057692307692307
0 0.6105769230769231 0.2620192307692308 0.09615384615384616 0.0625
0 0.33774038461538464 0.3112980769230769 0.13942307692307693 0.1201923076923077
0 0.35336538461538464 0.3629807692307692 0.1201923076923077 0.10096153846153846
0 0.25721153846153844 0.3605769230769231 0.0625 0.07211538461538461
0 0.20072115384615385 0.26802884615384615 0.15384615384615385 0.12740384615384615
0 0.30649038461538464 0.18870192307692307 0.19230769230769232 0.1466346153846154
0 0.4411057692307692 0.10576923076923077 0.15865384615384615 0.11057692307692307
0 0.21153846153846154 0.040865384615384616 0.15384615384615385 0.05048076923076923
0 0.04326923076923077 0.10216346153846154 0.08173076923076923 0.13221153846153846
0 0.11899038461538461 0.06009615384615385 0.09375 0.05048076923076923
0 0.11899038461538461 0.12980769230769232 0.10336538461538461 0.11057692307692307
0 0.036057692307692304 0.203125 0.0625 0.07211538461538461
0 0.22115384615384615 0.10576923076923077 0.08413461538461539 0.08173076923076923
0 0.3293269230769231 0.07572115384615384 0.08173076923076923 0.08173076923076923
0 0.5588942307692307 0.05048076923076923 0.20192307692307693 0.08653846153846154
0 0.9663461538461539 0.06610576923076923 0.057692307692307696 0.10096153846153846