0 0.7932692307692307 0.5685096153846154 0.25961538461538464 0.3605769230769231
0 0.7259615384615384 0.4230769230769231 0.06009615384615385 0.038461538461538464
0 0.6935096153846154 0.3858173076923077 0.09134615384615384 0.057692307692307696
0 0.7283653846153846 0.3473557692307692 0.07692307692307693 0.04807692307692308
0 0.7740384615384616 0.3762019230769231 0.08173076923076923 0.0673076923076923
0 0.8665865384615384 0.3762019230769231 0.10336538461538461 0.0985576923076923
0 0.33653846153846156 0.6959134615384616 0.10817307692307693 0.07692307692307693
0 0.4182692307692308 0.6814903846153846 0.06490384615384616 0.09134615384615384
0 0.41346153846153844 0.6201923076923077 0.04326923076923077 0.038461538461538464
0 0.375 0.6141826923076923 0.03365384615384615 0.028846153846153848
0 0.39903846153846156 0.5817307692307693 0.04807692307692308 0.036057692307692304
0 0.43149038461538464 0.5649038461538461 0.016826923076923076 0.03365384615384615
0 0.4098557692307692 0.5456730769230769 0.038461538461538464 0.028846153846153848
0 0.37740384615384615 0.5637019230769231 0.028846153846153848 0.036057692307692304
0 0.2692307692307692 0.6526442307692307 0.18990384615384615 0.14182692307692307
0 0.23918269230769232 0.6814903846153846 0.2283653846153846 0.16346153846153846
0 0.2668269230769231 0.5817307692307693 0.07692307692307693 0.09615384615384616
0 0.21153846153846154 0.5492788461538461 0.15384615384615385 0.04326923076923077
0 0.31490384615384615 0.5877403846153846 0.08653846153846154 0.0673076923076923
0 0.3449519230769231 0.5060096153846154 0.125 0.11057692307692307
0 0.16346153846153846 0.5096153846153846 0.2403846153846154 0.1971153846153846
0 0.25240384615384615 0.4266826923076923 0.125 0.09134615384615384
0 0.29927884615384615 0.3545673076923077 0.16346153846153846 0.15625
0 0.38822115384615385 0.46033653846153844 0.10336538461538461 0.0985576923076923
0 0.4026442307692308 0.4074519230769231 0.06490384615384616 0.05048076923076923
0 0.375 0.3557692307692308 0.08653846153846154 0.08173076923076923
0 0.41346153846153844 0.33653846153846156 0.04326923076923077 0.08413461538461539
0 0.16346153846153846 0.33774038461538464 0.17307692307692307 0.036057692307692304
0 0.1875 0.36899038461538464 0.08173076923076923 0.02403846153846154
0 0.15745192307692307 0.3269230769230769 0.18509615384615385 0.021634615384615384
0 0.19831730769230768 0.3269230769230769 0.125 0.04326923076923077
0 0.21153846153846154 0.3125 0.10817307692307693 0.04326923076923077
2 0.42427884615384615 0.796875 0.1971153846153846 0.057692307692307696
2 0.6790865384615384 0.7896634615384616 0.1971153846153846 0.11538461538461539
2 0.6081730769230769 0.2512019230769231 0.27163461538461536 0.14423076923076922
2 0.7259615384615384 0.15625 0.16826923076923078 0.08653846153846154
2 0.47596153846153844 0.20673076923076922 0.2980769230769231 0.11057692307692307
3 0.6466346153846154 0.8617788461538461 0.2403846153846154 0.06490384615384616
3 0.7848557692307693 0.7896634615384616 0.08173076923076923 0.0889423076923077
3 0.4483173076923077 0.22596153846153846 0.08173076923076923 0.07211538461538461
3 0.2956730769230769 0.19831730769230768 0.07211538461538461 0.0625
1 0.5733173076923077 0.5204326923076923 0.2980769230769231 0.5024038461538461