0 0.5949519230769231 0.12620192307692307 0.23798076923076922 0.14903846153846154
0 0.3713942307692308 0.07572115384615384 0.19471153846153846 0.10576923076923077
0 0.32572115384615385 0.22596153846153846 0.1778846153846154 0.09375
0 0.052884615384615384 0.14182692307692307 0.10096153846153846 0.09134615384615384
0 0.13701923076923078 0.07932692307692307 0.15384615384615385 0.04807692307692308
0 0.04927884615384615 0.03245192307692308 0.09615384615384616 0.057692307692307696
0 0.10817307692307693 0.09375 0.21153846153846154 0.18269230769230768
0 0.20432692307692307 0.18389423076923078 0.16346153846153846 0.055288461538461536
0 0.21394230769230768 0.125 0.17067307692307693 0.08653846153846154
0 0.25961538461538464 0.30649038461538464 0.22596153846153846 0.1466346153846154
0 0.07451923076923077 0.3545673076923077 0.14423076923076922 0.13221153846153846
0 0.04927884615384615 0.2668269230769231 0.09615384615384616 0.07692307692307693
0 0.18269230769230768 0.3485576923076923 0.1466346153846154 0.11538461538461539
0 0.2776442307692308 0.43990384615384615 0.22596153846153846 0.125
0 0.08413461538461539 0.4879807692307692 0.16346153846153846 0.12980769230769232
0 0.22596153846153846 0.5600961538461539 0.23076923076923078 0.1201923076923077
0 0.17427884615384615 0.6358173076923077 0.20192307692307693 0.07692307692307693
0 0.08653846153846154 0.625 0.16826923076923078 0.1346153846153846
0 0.9086538461538461 0.5540865384615384 0.17067307692307693 0.1346153846153846
0 0.6646634615384616 0.6334134615384616 0.2692307692307692 0.11538461538461539
0 0.9387019230769231 0.7548076923076923 0.11057692307692307 0.15865384615384615
0 0.8533653846153846 0.8737980769230769 0.27884615384615385 0.2283653846153846
0 0.9567307692307693 0.90625 0.07211538461538461 0.11538461538461539
0 0.6706730769230769 0.9615384615384616 0.3798076923076923 0.07211538461538461
0 0.6742788461538461 0.9242788461538461 0.1875 0.08173076923076923
0 0.6033653846153846 0.9266826923076923 0.22115384615384615 0.1346153846153846
0 0.39302884615384615 0.9663461538461539 0.25240384615384615 0.0625
0 0.21394230769230768 0.984375 0.11057692307692307 0.026442307692307692
0 0.38100961538461536 0.921875 0.23798076923076922 0.0985576923076923
0 0.390625 0.8245192307692307 0.22115384615384615 0.12980769230769232
0 0.3870192307692308 0.7548076923076923 0.11538461538461539 0.028846153846153848
0 0.31971153846153844 0.6706730769230769 0.27403846153846156 0.1346153846153846
0 0.19230769230769232 0.7692307692307693 0.23798076923076922 0.125
0 0.08653846153846154 0.8665865384615384 0.16826923076923078 0.15144230769230768
0 0.5757211538461539 0.8329326923076923 0.16346153846153846 0.10096153846153846
0 0.7067307692307693 0.7668269230769231 0.23076923076923078 0.11057692307692307
0 0.515625 0.7235576923076923 0.20192307692307693 0.10336538461538461
0 0.15264423076923078 0.9194711538461539 0.24759615384615385 0.15625
0 0.08052884615384616 0.7451923076923077 0.15625 0.11057692307692307
0 0.019230769230769232 0.9675480769230769 0.03365384615384615 0.06009615384615385