0 0.7127403846153846 0.41466346153846156 0.3317307692307692 0.21875
0 0.5540865384615384 0.5432692307692307 0.34375 0.25
0 0.4639423076923077 0.7728365384615384 0.3701923076923077 0.24519230769230768
0 0.7295673076923077 0.7896634615384616 0.2692307692307692 0.23317307692307693
0 0.8257211538461539 0.6105769230769231 0.2956730769230769 0.21153846153846154
0 0.3629807692307692 0.06129807692307692 0.5096153846153846 0.11057692307692307
0 0.3605769230769231 0.15625 0.5576923076923077 0.11057692307692307
0 0.17427884615384615 0.7019230769230769 0.3389423076923077 0.4230769230769231
0 0.15625 0.5564903846153846 0.09134615384615384 0.21153846153846154
0 0.057692307692307696 0.609375 0.10336538461538461 0.7451923076923077
0 0.09615384615384616 0.3161057692307692 0.09134615384615384 0.2620192307692308
0 0.8497596153846154 0.9122596153846154 0.18028846153846154 0.16826923076923078
0 0.9651442307692307 0.8701923076923077 0.06490384615384616 0.052884615384615384
0 0.9170673076923077 0.6454326923076923 0.16105769230769232 0.37740384615384615
0 0.8040865384615384 0.22956730769230768 0.3870192307692308 0.45913461538461536