0 0.28725961538461536 0.4074519230769231 0.24519230769230768 0.1875
0 0.18028846153846154 0.7512019230769231 0.1875 0.1201923076923077
0 0.22956730769230768 0.6394230769230769 0.2403846153846154 0.13942307692307693
0 0.30288461538461536 0.7524038461538461 0.18028846153846154 0.17548076923076922
0 0.38221153846153844 0.8557692307692307 0.1971153846153846 0.17067307692307693
0 0.33052884615384615 0.9326923076923077 0.18028846153846154 0.10576923076923077
0 0.38822115384615385 0.9879807692307693 0.23317307692307693 0.019230769230769232
0 0.5216346153846154 0.9146634615384616 0.18028846153846154 0.16346153846153846
0 0.5817307692307693 0.7872596153846154 0.20192307692307693 0.0985576923076923
0 0.6478365384615384 0.6959134615384616 0.24519230769230768 0.12740384615384615
0 0.45072115384615385 0.6814903846153846 0.14903846153846154 0.17067307692307693
0 0.3581730769230769 0.6057692307692307 0.09134615384615384 0.04807692307692308
0 0.3389423076923077 0.5168269230769231 0.2403846153846154 0.13942307692307693
0 0.5024038461538461 0.44711538461538464 0.17307692307692307 0.21153846153846154
0 0.4182692307692308 0.3125 0.11538461538461539 0.125
0 0.5733173076923077 0.3088942307692308 0.17307692307692307 0.08653846153846154
0 0.7163461538461539 0.5276442307692307 0.2620192307692308 0.18269230769230768
0 0.7319711538461539 0.4362980769230769 0.28365384615384615 0.15865384615384615
0 0.7235576923076923 0.3713942307692308 0.14903846153846154 0.08653846153846154
0 0.8713942307692307 0.43149038461538464 0.16826923076923078 0.12740384615384615
0 0.890625 0.5961538461538461 0.08653846153846154 0.10096153846153846
0 0.8473557692307693 0.6706730769230769 0.14182692307692307 0.10576923076923077
0 0.8197115384615384 0.7151442307692307 0.11057692307692307 0.11298076923076923
0 0.734375 0.7439903846153846 0.10336538461538461 0.09134615384615384
0 0.8305288461538461 0.8233173076923077 0.1201923076923077 0.14903846153846154
0 0.7403846153846154 0.8641826923076923 0.09134615384615384 0.09134615384615384
0 0.7319711538461539 0.8161057692307693 0.07692307692307693 0.0673076923076923
0 0.65625 0.8822115384615384 0.0985576923076923 0.0985576923076923
0 0.6742788461538461 0.9459134615384616 0.125 0.0889423076923077
0 0.6838942307692307 0.9855769230769231 0.07932692307692307 0.02403846153846154
0 0.7776442307692307 0.9471153846153846 0.09375 0.10096153846153846
0 0.8016826923076923 0.9615384615384616 0.07451923076923077 0.07211538461538461