0 0.11057692307692307 0.34134615384615385 0.18269230769230768 0.2980769230769231
0 0.039663461538461536 0.49399038461538464 0.07451923076923077 0.23076923076923078
0 0.025240384615384616 0.18028846153846154 0.038461538461538464 0.08653846153846154
0 0.010817307692307692 0.2824519230769231 0.016826923076923076 0.11778846153846154
0 0.019230769230769232 0.08052884615384616 0.03365384615384615 0.13701923076923078
0 0.13942307692307693 0.15865384615384615 0.04807692307692308 0.15384615384615385
0 0.0829326923076923 0.14903846153846154 0.057692307692307696 0.11057692307692307
0 0.06129807692307692 0.0625 0.052884615384615384 0.11057692307692307
0 0.1141826923076923 0.056490384615384616 0.04807692307692308 0.10096153846153846
0 0.1502403846153846 0.021634615384615384 0.038461538461538464 0.03125
0 0.18629807692307693 0.17067307692307693 0.04326923076923077 0.09375
0 0.20192307692307693 0.09014423076923077 0.1346153846153846 0.11778846153846154
0 0.18870192307692307 0.04326923076923077 0.052884615384615384 0.07451923076923077
0 0.265625 0.078125 0.10096153846153846 0.14423076923076922
0 0.3088942307692308 0.037259615384615384 0.04326923076923077 0.0625
0 0.2439903846153846 0.20552884615384615 0.11538461538461539 0.14903846153846154
0 0.17908653846153846 0.2644230769230769 0.057692307692307696 0.09375
0 0.265625 0.34134615384615385 0.07211538461538461 0.22355769230769232
0 0.22716346153846154 0.3605769230769231 0.057692307692307696 0.17548076923076922
0 0.27884615384615385 0.4411057692307692 0.03365384615384615 0.08653846153846154
0 0.3173076923076923 0.5036057692307693 0.038461538461538464 0.11057692307692307
0 0.36538461538461536 0.36658653846153844 0.14903846153846154 0.33653846153846156
0 0.41466346153846156 0.15264423076923078 0.15144230769230768 0.2932692307692308
0 0.16826923076923078 0.59375 0.15865384615384615 0.20673076923076922
0 0.039663461538461536 0.6586538461538461 0.07451923076923077 0.16105769230769232
0 0.037259615384615384 0.8293269230769231 0.0673076923076923 0.15384615384615385
0 0.020432692307692308 0.9771634615384616 0.036057692307692304 0.040865384615384616
0 0.09615384615384616 0.9435096153846154 0.12259615384615384 0.11057692307692307
0 0.12379807692307693 0.7884615384615384 0.11057692307692307 0.21153846153846154
0 0.23918269230769232 0.7427884615384616 0.125 0.21634615384615385
0 0.3088942307692308 0.6237980769230769 0.13942307692307693 0.2668269230769231
0 0.20793269230769232 0.921875 0.11538461538461539 0.15384615384615385
0 0.29447115384615385 0.9831730769230769 0.040865384615384616 0.028846153846153848
0 0.2980769230769231 0.9507211538461539 0.052884615384615384 0.08653846153846154
0 0.33653846153846156 0.9290865384615384 0.052884615384615384 0.08173076923076923
0 0.30649038461538464 0.8762019230769231 0.04326923076923077 0.0625
0 0.26802884615384615 0.8786057692307693 0.028846153846153848 0.08173076923076923
0 0.35216346153846156 0.8509615384615384 0.038461538461538464 0.0625
0 0.38822115384615385 0.8822115384615384 0.04326923076923077 0.10096153846153846
0 0.38822115384615385 0.8016826923076923 0.052884615384615384 0.10096153846153846
0 0.36177884615384615 0.7764423076923077 0.038461538461538464 0.08653846153846154
0 0.4098557692307692 0.7427884615384616 0.038461538461538464 0.11778846153846154
0 0.44350961538461536 0.8040865384615384 0.04326923076923077 0.08173076923076923
0 0.44350961538461536 0.8846153846153846 0.04326923076923077 0.10576923076923077
0 0.41346153846153844 0.9314903846153846 0.038461538461538464 0.11057692307692307
0 0.453125 0.9699519230769231 0.055288461538461536 0.055288461538461536
0 0.484375 0.9194711538461539 0.038461538461538464 0.08653846153846154
0 0.4987980769230769 0.8509615384615384 0.04807692307692308 0.07451923076923077
0 0.5240384615384616 0.921875 0.052884615384615384 0.09375
0 0.4987980769230769 0.9771634615384616 0.06490384615384616 0.040865384615384616
0 0.546875 0.9567307692307693 0.04326923076923077 0.07451923076923077
0 0.5805288461538461 0.8918269230769231 0.03365384615384615 0.08173076923076923
0 0.5480769230769231 0.8665865384615384 0.038461538461538464 0.0673076923076923
0 0.59375 0.9639423076923077 0.0673076923076923 0.0673076923076923
0 0.6298076923076923 0.9855769230769231 0.038461538461538464 0.02403846153846154
0 0.5240384615384616 0.5709134615384616 0.20192307692307693 0.5336538461538461
0 0.6069711538461539 0.18990384615384615 0.17067307692307693 0.3173076923076923
0 0.5637019230769231 0.16466346153846154 0.07211538461538461 0.3173076923076923
0 0.6334134615384616 0.07091346153846154 0.04326923076923077 0.12980769230769232
0 0.7704326923076923 0.3173076923076923 0.28365384615384615 0.5216346153846154
0 0.7355769230769231 0.24879807692307693 0.2860576923076923 0.4855769230769231
0 0.7788461538461539 0.7271634615384616 0.052884615384615384 0.10096153846153846
0 0.7211538461538461 0.6923076923076923 0.057692307692307696 0.09375
0 0.7704326923076923 0.6610576923076923 0.052884615384615384 0.10576923076923077
0 0.7403846153846154 0.6153846153846154 0.052884615384615384 0.08653846153846154
0 0.8209134615384616 0.5528846153846154 0.057692307692307696 0.11057692307692307
0 0.7560096153846154 0.5805288461538461 0.07211538461538461 0.09375
0 0.8521634615384616 0.4723557692307692 0.04326923076923077 0.07451923076923077
0 0.9098557692307693 0.9423076923076923 0.17548076923076922 0.11057692307692307
0 0.9026442307692307 0.8100961538461539 0.10096153846153846 0.20673076923076922
0 0.9483173076923077 0.6117788461538461 0.10096153846153846 0.21875
0 0.9723557692307693 0.7620192307692307 0.05048076923076923 0.1971153846153846
0 0.8737980769230769 0.5709134615384616 0.04807692307692308 0.08653846153846154
0 0.8954326923076923 0.515625 0.04807692307692308 0.08653846153846154
0 0.9122596153846154 0.45072115384615385 0.04807692307692308 0.09375
0 0.8858173076923077 0.40384615384615385 0.04807692307692308 0.07451923076923077
0 0.9230769230769231 0.3389423076923077 0.04326923076923077 0.08173076923076923
0 0.9615384615384616 0.38221153846153844 0.052884615384615384 0.08173076923076923
0 0.9819711538461539 0.3173076923076923 0.028846153846153848 0.07451923076923077
0 0.9555288461538461 0.2920673076923077 0.052884615384615384 0.08653846153846154
0 0.9675480769230769 0.21754807692307693 0.057692307692307696 0.10096153846153846
0 0.9278846153846154 0.17067307692307693 0.03365384615384615 0.10576923076923077
0 0.9170673076923077 0.2668269230769231 0.038461538461538464 0.0625
0 0.9483173076923077 0.09975961538461539 0.052884615384615384 0.10096153846153846
0 0.8942307692307693 0.078125 0.04326923076923077 0.08173076923076923
0 0.984375 0.12740384615384615 0.026442307692307692 0.09615384615384616
0 0.7199519230769231 0.7439903846153846 0.28125 0.5072115384615384