0 0.4230769230769231 0.5096153846153846 0.3317307692307692 0.22355769230769232
0 0.5120192307692307 0.328125 0.3557692307692308 0.16826923076923078
0 0.4519230769230769 0.21514423076923078 0.10576923076923077 0.0625
0 0.5600961538461539 0.18269230769230768 0.12980769230769232 0.0625
0 0.4855769230769231 0.15264423076923078 0.125 0.057692307692307696
0 0.5649038461538461 0.13822115384615385 0.06009615384615385 0.028846153846153848
0 0.5060096153846154 0.10576923076923077 0.1201923076923077 0.04326923076923077
0 0.6490384615384616 0.24278846153846154 0.32211538461538464 0.13701923076923078
0 0.8461538461538461 0.3485576923076923 0.30288461538461536 0.24519230769230768
0 0.6310096153846154 0.4699519230769231 0.2980769230769231 0.20432692307692307
0 0.5540865384615384 0.6117788461538461 0.08173076923076923 0.052884615384615384
0 0.6935096153846154 0.5865384615384616 0.17307692307692307 0.09134615384615384
0 0.8665865384615384 0.5540865384615384 0.2548076923076923 0.21153846153846154
0 0.8149038461538461 0.6466346153846154 0.14423076923076922 0.07692307692307693
0 0.6850961538461539 0.6754807692307693 0.12980769230769232 0.08173076923076923
0 0.5769230769230769 0.6766826923076923 0.08173076923076923 0.0625
0 0.5180288461538461 0.6887019230769231 0.04807692307692308 0.03365384615384615
0 0.4699519230769231 0.6538461538461539 0.10576923076923077 0.05048076923076923
0 0.4375 0.6923076923076923 0.06490384615384616 0.038461538461538464
0 0.38341346153846156 0.6442307692307693 0.06490384615384616 0.038461538461538464
0 0.49399038461538464 0.71875 0.14423076923076922 0.04807692307692308
0 0.7644230769230769 0.7944711538461539 0.3870192307692308 0.15865384615384615
0 0.6274038461538461 0.7403846153846154 0.10096153846153846 0.057692307692307696
0 0.5985576923076923 0.7848557692307693 0.07692307692307693 0.0625
0 0.5480769230769231 0.8173076923076923 0.07211538461538461 0.05048076923076923
0 0.5084134615384616 0.8004807692307693 0.0889423076923077 0.057692307692307696
0 0.5060096153846154 0.7644230769230769 0.08173076923076923 0.038461538461538464
0 0.4110576923076923 0.8161057692307693 0.1201923076923077 0.038461538461538464
0 0.4074519230769231 0.8461538461538461 0.10096153846153846 0.026442307692307692
0 0.49399038461538464 0.859375 0.06009615384615385 0.06009615384615385
0 0.9074519230769231 0.7259615384615384 0.06490384615384616 0.038461538461538464
0 0.9459134615384616 0.7043269230769231 0.04807692307692308 0.03125
0 0.8509615384615384 0.6971153846153846 0.08173076923076923 0.04326923076923077
0 0.8365384615384616 0.7439903846153846 0.07692307692307693 0.038461538461538464
0 0.9134615384615384 0.7620192307692307 0.06490384615384616 0.038461538461538464
0 0.8052884615384616 0.859375 0.38461538461538464 0.15625
0 0.9423076923076923 0.6334134615384616 0.11057692307692307 0.12259615384615384
0 0.9314903846153846 0.6466346153846154 0.10096153846153846 0.028846153846153848