0 0.1466346153846154 0.2091346153846154 0.2860576923076923 0.4182692307692308
0 0.03125 0.046875 0.052884615384615384 0.09134615384615384
0 0.02283653846153846 0.8713942307692307 0.038461538461538464 0.24759615384615385
0 0.21033653846153846 0.8329326923076923 0.34375 0.3245192307692308
0 0.5252403846153846 0.9206730769230769 0.3701923076923077 0.14903846153846154
0 0.484375 0.6850961538461539 0.2668269230769231 0.5673076923076923
0 0.30528846153846156 0.3329326923076923 0.23076923076923078 0.3245192307692308
0 0.6911057692307693 0.8293269230769231 0.24759615384615385 0.3293269230769231
0 0.84375 0.9483173076923077 0.09615384615384616 0.09134615384615384
0 0.6947115384615384 0.5745192307692307 0.22355769230769232 0.28365384615384615
0 0.875 0.7920673076923077 0.24519230769230768 0.4110576923076923
0 0.8918269230769231 0.796875 0.125 0.10817307692307693
0 0.9627403846153846 0.7475961538461539 0.07211538461538461 0.2283653846153846
0 0.890625 0.5012019230769231 0.21394230769230768 0.29086538461538464
0 0.7872596153846154 0.18629807692307693 0.18028846153846154 0.37259615384615385
0 0.5709134615384616 0.19110576923076922 0.22355769230769232 0.3798076923076923
0 0.6526442307692307 0.42788461538461536 0.1466346153846154 0.15384615384615385
0 0.9711538461538461 0.3269230769230769 0.052884615384615384 0.6442307692307693