0 0.21754807692307693 0.6129807692307693 0.19230769230769232 0.3942307692307692
0 0.12379807692307693 0.41947115384615385 0.19230769230769232 0.375
0 0.140625 0.35697115384615385 0.09375 0.1778846153846154
0 0.671875 0.22596153846153846 0.16826923076923078 0.4519230769230769
0 0.6274038461538461 0.38341346153846156 0.09134615384615384 0.35096153846153844
0 0.6550480769230769 0.5949519230769231 0.07211538461538461 0.14423076923076922
0 0.7560096153846154 0.5420673076923077 0.11538461538461539 0.22596153846153846
0 0.5733173076923077 0.8125 0.1971153846153846 0.3629807692307692
0 0.47475961538461536 0.7560096153846154 0.0673076923076923 0.2860576923076923
0 0.5084134615384616 0.47596153846153844 0.1346153846153846 0.31009615384615385
0 0.5120192307692307 0.25600961538461536 0.13942307692307693 0.31009615384615385
0 0.859375 0.44350961538461536 0.27403846153846156 0.4567307692307692
0 0.8040865384615384 0.7824519230769231 0.22355769230769232 0.2692307692307692
0 0.7512019230769231 0.8629807692307693 0.20432692307692307 0.2620192307692308
0 0.953125 0.7367788461538461 0.0889423076923077 0.5216346153846154
0 0.9086538461538461 0.054086538461538464 0.1778846153846154 0.10817307692307693
0 0.6995192307692307 0.09014423076923077 0.2692307692307692 0.18028846153846154
0 0.5685096153846154 0.056490384615384616 0.10096153846153846 0.11298076923076923
0 0.9194711538461539 0.14423076923076922 0.15625 0.14903846153846154