0 0.8305288461538461 0.1310096153846154 0.14903846153846154 0.22115384615384615
0 0.84375 0.3629807692307692 0.16826923076923078 0.22115384615384615
0 0.8125 0.5528846153846154 0.14423076923076922 0.18990384615384615
0 0.7956730769230769 0.75 0.13942307692307693 0.20673076923076922
0 0.6634615384615384 0.3389423076923077 0.1466346153846154 0.20673076923076922
0 0.6730769230769231 0.12860576923076922 0.14423076923076922 0.20673076923076922
0 0.6502403846153846 0.5336538461538461 0.1346153846153846 0.19471153846153846
0 0.6442307692307693 0.7367788461538461 0.12980769230769232 0.18990384615384615
0 0.6370192307692307 0.9110576923076923 0.14903846153846154 0.17307692307692307
0 0.5108173076923077 0.1310096153846154 0.14903846153846154 0.23076923076923078
0 0.5036057692307693 0.3389423076923077 0.14423076923076922 0.20673076923076922
0 0.5 0.5336538461538461 0.1346153846153846 0.18269230769230768
0 0.4963942307692308 0.7319711538461539 0.12740384615384615 0.18990384615384615
0 0.49278846153846156 0.9170673076923077 0.13942307692307693 0.16105769230769232
0 0.34975961538461536 0.9074519230769231 0.12740384615384615 0.17307692307692307
0 0.3473557692307692 0.734375 0.13942307692307693 0.18269230769230768
0 0.34975961538461536 0.5396634615384616 0.14903846153846154 0.20673076923076922
0 0.3425480769230769 0.32572115384615385 0.14423076923076922 0.21153846153846154
0 0.3401442307692308 0.12379807692307693 0.15384615384615385 0.21634615384615385
0 0.17427884615384615 0.11899038461538461 0.15384615384615385 0.22596153846153846
0 0.18629807692307693 0.3317307692307692 0.15384615384615385 0.21153846153846154
0 0.1935096153846154 0.5396634615384616 0.15384615384615385 0.20673076923076922
0 0.19951923076923078 0.7319711538461539 0.1346153846153846 0.16826923076923078
0 0.19951923076923078 0.9038461538461539 0.14423076923076922 0.1875