0 0.12139423076923077 0.21754807692307693 0.10096153846153846 0.2644230769230769
0 0.16826923076923078 0.08173076923076923 0.125 0.15384615384615385
0 0.0889423076923077 0.05889423076923077 0.04567307692307692 0.10576923076923077
0 0.14182692307692307 0.44591346153846156 0.14423076923076922 0.25
0 0.13341346153846154 0.5625 0.125 0.16346153846153846
0 0.23197115384615385 0.7439903846153846 0.3389423076923077 0.5072115384615384
0 0.28966346153846156 0.2800480769230769 0.23557692307692307 0.5480769230769231
0 0.5300480769230769 0.13822115384615385 0.27403846153846156 0.2644230769230769
0 0.6153846153846154 0.3112980769230769 0.29086538461538464 0.6105769230769231
0 0.8100961538461539 0.13221153846153846 0.1971153846153846 0.2548076923076923
0 0.71875 0.04567307692307692 0.13942307692307693 0.07932692307692307
0 0.7740384615384616 0.39302884615384615 0.2692307692307692 0.5384615384615384
0 0.9567307692307693 0.1622596153846154 0.08173076923076923 0.31490384615384615
0 0.9471153846153846 0.31490384615384615 0.10096153846153846 0.19230769230769232
0 0.9771634615384616 0.38100961538461536 0.040865384615384616 0.12259615384615384
0 0.9026442307692307 0.8954326923076923 0.18990384615384615 0.2091346153846154
0 0.8713942307692307 0.8485576923076923 0.2283653846153846 0.2980769230769231
0 0.9915865384615384 0.5985576923076923 0.01201923076923077 0.27403846153846156
0 0.8004807692307693 0.7019230769230769 0.375 0.5913461538461539
0 0.4879807692307692 0.7548076923076923 0.33653846153846156 0.3317307692307692
0 0.5144230769230769 0.9302884615384616 0.22115384615384615 0.1346153846153846
0 0.34615384615384615 0.8774038461538461 0.16826923076923078 0.2403846153846154
0 0.203125 0.9675480769230769 0.15144230769230768 0.06009615384615385