0 0.40384615384615385 0.5072115384615384 0.2932692307692308 0.2932692307692308
0 0.2668269230769231 0.7560096153846154 0.27403846153846156 0.2932692307692308
0 0.5360576923076923 0.7355769230769231 0.27884615384615385 0.27163461538461536
0 0.7091346153846154 0.53125 0.3076923076923077 0.2980769230769231
0 0.7668269230769231 0.23557692307692307 0.2620192307692308 0.30288461538461536
0 0.5204326923076923 0.24879807692307693 0.2668269230769231 0.30288461538461536
0 0.25600961538461536 0.20673076923076922 0.27163461538461536 0.2548076923076923
0 0.15985576923076922 0.43990384615384615 0.25 0.28365384615384615
1 0.9350961538461539 0.5 0.1201923076923077 0.9903846153846154
1 0.7692307692307693 0.8353365384615384 0.20432692307692307 0.31971153846153844
1 0.5072115384615384 0.9290865384615384 0.31971153846153844 0.1346153846153846
1 0.17307692307692307 0.9483173076923077 0.34615384615384615 0.09375
1 0.018028846153846152 0.5180288461538461 0.036057692307692304 0.7692307692307693
1 0.08173076923076923 0.7403846153846154 0.10096153846153846 0.3245192307692308
1 0.06009615384615385 0.21514423076923078 0.1201923076923077 0.17307692307692307
1 0.49158653846153844 0.04326923076923077 0.9831730769230769 0.08173076923076923
1 0.055288461538461536 0.109375 0.11057692307692307 0.057692307692307696
1 0.4182692307692308 0.8329326923076923 0.052884615384615384 0.04807692307692308
1 0.21514423076923078 0.5961538461538461 0.17307692307692307 0.036057692307692304
1 0.055288461538461536 0.32211538461538464 0.038461538461538464 0.038461538461538464
1 0.057692307692307696 0.5552884615384616 0.036057692307692304 0.04326923076923077
1 0.3293269230769231 0.3485576923076923 0.1346153846153846 0.03125
1 0.5625 0.43149038461538464 0.04807692307692308 0.07211538461538461