0 0.23918269230769232 0.6526442307692307 0.47596153846153844 0.6875
0 0.4098557692307692 0.7019230769230769 0.31490384615384615 0.5384615384615384
0 0.22235576923076922 0.8978365384615384 0.13942307692307693 0.1971153846153846
0 0.140625 0.9423076923076923 0.1466346153846154 0.11057692307692307
0 0.05889423076923077 0.9771634615384616 0.05048076923076923 0.038461538461538464
0 0.43028846153846156 0.8870192307692307 0.09615384615384616 0.21875
0 0.38221153846153844 0.9459134615384616 0.0673076923076923 0.10336538461538461
0 0.5733173076923077 0.6887019230769231 0.19230769230769232 0.6153846153846154
0 0.6742788461538461 0.6598557692307693 0.15865384615384615 0.40384615384615385
0 0.7584134615384616 0.8629807692307693 0.11057692307692307 0.2692307692307692
0 0.7836538461538461 0.6129807692307693 0.20673076923076922 0.4375
0 0.9074519230769231 0.5721153846153846 0.17307692307692307 0.6009615384615384
0 0.6826923076923077 0.9194711538461539 0.13942307692307693 0.15384615384615385
0 0.8064903846153846 0.8737980769230769 0.0625 0.2403846153846154
0 0.037259615384615384 0.45913461538461536 0.07451923076923077 0.6778846153846154
0 0.1935096153846154 0.45913461538461536 0.36538461538461536 0.2283653846153846
0 0.25240384615384615 0.18629807692307693 0.4855769230769231 0.36778846153846156
0 0.6394230769230769 0.1778846153846154 0.5480769230769231 0.35096153846153844
0 0.7403846153846154 0.234375 0.5144230769230769 0.4639423076923077
0 0.75 0.20793269230769232 0.13942307692307693 0.4110576923076923
0 0.9134615384615384 0.22235576923076922 0.16346153846153846 0.4375