0 0.7740384615384616 0.07451923076923077 0.07211538461538461 0.10336538461538461
0 0.8545673076923077 0.06850961538461539 0.16105769230769232 0.10336538461538461
0 0.9435096153846154 0.026442307692307692 0.10096153846153846 0.04807692307692308
0 0.9435096153846154 0.10336538461538461 0.10096153846153846 0.10576923076923077
0 0.8425480769230769 0.16346153846153846 0.17307692307692307 0.09375
0 0.9375 0.203125 0.11298076923076923 0.09375
0 0.9615384615384616 0.28725961538461536 0.06490384615384616 0.08653846153846154
0 0.5240384615384616 0.046875 0.1201923076923077 0.08653846153846154
0 0.4879807692307692 0.0829326923076923 0.10576923076923077 0.0673076923076923
0 0.42908653846153844 0.026442307692307692 0.10576923076923077 0.04807692307692308
0 0.38100961538461536 0.056490384615384616 0.1201923076923077 0.08173076923076923
0 0.3545673076923077 0.09014423076923077 0.11298076923076923 0.07211538461538461
0 0.4579326923076923 0.1201923076923077 0.07211538461538461 0.052884615384615384
0 0.4170673076923077 0.14783653846153846 0.09615384615384616 0.05048076923076923
0 0.31490384615384615 0.12139423076923077 0.10576923076923077 0.057692307692307696
0 0.24158653846153846 0.06610576923076923 0.125 0.07211538461538461
0 0.2824519230769231 0.028846153846153848 0.16105769230769232 0.05048076923076923
0 0.13701923076923078 0.1045673076923077 0.09615384615384616 0.06971153846153846
0 0.06009615384615385 0.07451923076923077 0.10576923076923077 0.07692307692307693
0 0.06850961538461539 0.14182692307692307 0.11298076923076923 0.06971153846153846
0 0.013221153846153846 0.10817307692307693 0.021634615384615384 0.0625
0 0.013221153846153846 0.17307692307692307 0.021634615384615384 0.07211538461538461
0 0.016826923076923076 0.24158653846153846 0.028846153846153848 0.06971153846153846
0 0.016826923076923076 0.2980769230769231 0.028846153846153848 0.057692307692307696
0 0.06490384615384616 0.27884615384615385 0.1201923076923077 0.06971153846153846
0 0.056490384615384616 0.20673076923076922 0.10096153846153846 0.0673076923076923
0 0.06009615384615385 0.34375 0.1201923076923077 0.0673076923076923
0 0.13701923076923078 0.3161057692307692 0.07211538461538461 0.0673076923076923
0 0.29447115384615385 0.2848557692307692 0.23076923076923078 0.057692307692307696
0 0.2920673076923077 0.23197115384615385 0.09615384615384616 0.0625
0 0.23197115384615385 0.3449519230769231 0.1201923076923077 0.06971153846153846
0 0.3545673076923077 0.3161057692307692 0.17307692307692307 0.06009615384615385
0 0.39903846153846156 0.36778846153846156 0.10576923076923077 0.05048076923076923
0 0.3004807692307692 0.3737980769230769 0.10096153846153846 0.04807692307692308
0 0.38341346153846156 0.38341346153846156 0.13701923076923078 0.03365384615384615
0 0.44350961538461536 0.43149038461538464 0.125 0.06971153846153846
0 0.09615384615384616 0.625 0.1875 0.0625
0 0.07572115384615384 0.6995192307692307 0.1466346153846154 0.0673076923076923
0 0.16105769230769232 0.6754807692307693 0.09615384615384616 0.055288461538461536
0 0.16105769230769232 0.7403846153846154 0.1201923076923077 0.06009615384615385
0 0.07572115384615384 0.7704326923076923 0.1466346153846154 0.06971153846153846
0 0.17908653846153846 0.8028846153846154 0.09615384615384616 0.06009615384615385
0 0.16105769230769232 0.8713942307692307 0.09615384615384616 0.06971153846153846
0 0.06370192307692307 0.8449519230769231 0.12259615384615384 0.06490384615384616
0 0.07932692307692307 0.9350961538461539 0.15384615384615385 0.07692307692307693
0 0.03365384615384615 0.8966346153846154 0.0625 0.052884615384615384
0 0.23798076923076922 0.8617788461538461 0.09615384615384616 0.06971153846153846
0 0.21754807692307693 0.9399038461538461 0.0889423076923077 0.07211538461538461
0 0.25841346153846156 0.96875 0.10336538461538461 0.057692307692307696
0 0.31850961538461536 0.9338942307692307 0.11298076923076923 0.09375
0 0.4254807692307692 0.9014423076923077 0.125 0.09134615384615384
0 0.47596153846153844 0.8365384615384616 0.10576923076923077 0.0673076923076923
0 0.5420673076923077 0.8713942307692307 0.1201923076923077 0.09134615384615384
0 0.5444711538461539 0.9579326923076923 0.125 0.06971153846153846
0 0.5564903846153846 0.9951923076923077 0.10336538461538461 0.004807692307692308
0 0.4362980769230769 0.9699519230769231 0.1466346153846154 0.055288461538461536
0 0.3173076923076923 0.9879807692307693 0.08173076923076923 0.019230769230769232
0 0.3605769230769231 0.8533653846153846 0.11298076923076923 0.0673076923076923
0 0.41346153846153844 0.8052884615384616 0.06490384615384616 0.05048076923076923
0 0.37740384615384615 0.7920673076923077 0.06490384615384616 0.05048076923076923
0 0.3329326923076923 0.7836538461538461 0.04807692307692308 0.038461538461538464
0 0.29447115384615385 0.8245192307692307 0.0889423076923077 0.0625
0 0.35697115384615385 0.7235576923076923 0.14423076923076922 0.08653846153846154
0 0.3629807692307692 0.6694711538461539 0.08173076923076923 0.019230769230769232
0 0.3545673076923077 0.625 0.14903846153846154 0.08173076923076923
0 0.3545673076923077 0.5637019230769231 0.07692307692307693 0.04807692307692308
0 0.4699519230769231 0.5721153846153846 0.14423076923076922 0.08173076923076923
0 0.4735576923076923 0.6694711538461539 0.14903846153846154 0.08653846153846154
0 0.49158653846153844 0.7584134615384616 0.14903846153846154 0.09615384615384616
0 0.6105769230769231 0.7163461538461539 0.16105769230769232 0.10096153846153846
0 0.5949519230769231 0.6237980769230769 0.15384615384615385 0.08653846153846154
0 0.6129807692307693 0.5384615384615384 0.15384615384615385 0.09134615384615384
0 0.5060096153846154 0.5132211538461539 0.07211538461538461 0.038461538461538464
0 0.45552884615384615 0.5228365384615384 0.04326923076923077 0.019230769230769232
0 0.5685096153846154 0.47836538461538464 0.07692307692307693 0.028846153846153848
0 0.4879807692307692 0.48197115384615385 0.07211538461538461 0.028846153846153848
0 0.75 0.49038461538461536 0.1778846153846154 0.08653846153846154
0 0.7319711538461539 0.578125 0.1778846153846154 0.09134615384615384
0 0.8545673076923077 0.5432692307692307 0.10096153846153846 0.08653846153846154
0 0.8545673076923077 0.6370192307692307 0.10096153846153846 0.08653846153846154
0 0.7415865384615384 0.671875 0.17307692307692307 0.09134615384615384
0 0.75 0.7596153846153846 0.16826923076923078 0.09375
0 0.8689903846153846 0.7235576923076923 0.1201923076923077 0.08653846153846154
0 0.9375 0.6622596153846154 0.11298076923076923 0.10336538461538461
0 0.9819711538461539 0.6646634615384616 0.02403846153846154 0.057692307692307696
0 0.9519230769230769 0.7512019230769231 0.08173076923076923 0.07692307692307693
0 0.9555288461538461 0.8317307692307693 0.07692307692307693 0.07692307692307693
0 0.9459134615384616 0.9230769230769231 0.09615384615384616 0.10096153846153846
0 0.49158653846153844 0.34134615384615385 0.17307692307692307 0.04326923076923077
0 0.4699519230769231 0.2536057692307692 0.12980769230769232 0.11298076923076923
0 0.4254807692307692 0.22716346153846154 0.13701923076923078 0.08173076923076923
0 0.4014423076923077 0.20192307692307693 0.06490384615384616 0.057692307692307696
0 0.5300480769230769 0.38822115384615385 0.15384615384615385 0.057692307692307696
0 0.5144230769230769 0.43509615384615385 0.0889423076923077 0.038461538461538464
0 0.5120192307692307 0.40865384615384615 0.14423076923076922 0.057692307692307696
0 0.6334134615384616 0.43149038461538464 0.11298076923076923 0.04326923076923077
0 0.7620192307692307 0.4230769230769231 0.1201923076923077 0.052884615384615384
0 0.8605769230769231 0.39783653846153844 0.125 0.0625
0 0.6610576923076923 0.38221153846153844 0.1778846153846154 0.04326923076923077
0 0.7524038461538461 0.3629807692307692 0.14903846153846154 0.08173076923076923
0 0.8545673076923077 0.328125 0.13701923076923078 0.07692307692307693
0 0.6754807692307693 0.2932692307692308 0.22115384615384615 0.052884615384615384
0 0.6225961538461539 0.34134615384615385 0.20673076923076922 0.057692307692307696
0 0.8365384615384616 0.27163461538461536 0.17307692307692307 0.09615384615384616
0 0.7560096153846154 0.23317307692307693 0.16826923076923078 0.06009615384615385
0 0.5649038461538461 0.25841346153846156 0.15384615384615385 0.10336538461538461
0 0.6670673076923077 0.21875 0.1778846153846154 0.09134615384615384
0 0.7019230769230769 0.15865384615384615 0.14423076923076922 0.06971153846153846
0 0.5300480769230769 0.1622596153846154 0.15384615384615385 0.06971153846153846
0 0.5769230769230769 0.1778846153846154 0.12980769230769232 0.0625