0 0.8137019230769231 0.14543269230769232 0.2644230769230769 0.24519230769230768
0 0.8569711538461539 0.036057692307692304 0.1875 0.06490384615384616
0 0.9711538461538461 0.054086538461538464 0.052884615384615384 0.10336538461538461
0 0.9651442307692307 0.20072115384615385 0.06490384615384616 0.2620192307692308
0 0.8978365384615384 0.3641826923076923 0.17067307692307693 0.20673076923076922
0 0.7307692307692307 0.2824519230769231 0.1875 0.10817307692307693
0 0.8737980769230769 0.5180288461538461 0.1201923076923077 0.09375
0 0.9026442307692307 0.7019230769230769 0.18990384615384615 0.25961538461538464
0 0.9603365384615384 0.5685096153846154 0.07451923076923077 0.10817307692307693
0 0.96875 0.43028846153846156 0.057692307692307696 0.21634615384615385
0 0.8377403846153846 0.6177884615384616 0.20192307692307693 0.1778846153846154
0 0.7091346153846154 0.7007211538461539 0.17548076923076922 0.18509615384615385
0 0.7367788461538461 0.5132211538461539 0.1875 0.19951923076923078
0 0.8161057692307693 0.3786057692307692 0.20192307692307693 0.18509615384615385
0 0.6862980769230769 0.3293269230769231 0.0985576923076923 0.15865384615384615
0 0.5829326923076923 0.2848557692307692 0.2091346153846154 0.23557692307692307
0 0.4170673076923077 0.09375 0.25240384615384615 0.15384615384615385
0 0.3870192307692308 0.2608173076923077 0.27884615384615385 0.21634615384615385
0 0.18389423076923078 0.18509615384615385 0.3125 0.23076923076923078
0 0.140625 0.40384615384615385 0.2692307692307692 0.22115384615384615
0 0.33774038461538464 0.37740384615384615 0.17067307692307693 0.057692307692307696
0 0.45552884615384615 0.4170673076923077 0.2980769230769231 0.15384615384615385
0 0.6598557692307693 0.42908653846153844 0.15384615384615385 0.09615384615384616
0 0.5192307692307693 0.5420673076923077 0.25961538461538464 0.18509615384615385
0 0.2608173076923077 0.5540865384615384 0.27884615384615385 0.2692307692307692
0 0.31009615384615385 0.7572115384615384 0.27884615384615385 0.2403846153846154
0 0.45913461538461536 0.6394230769230769 0.25961538461538464 0.09134615384615384
0 0.5709134615384616 0.7043269230769231 0.27403846153846156 0.18509615384615385
0 0.49158653846153844 0.875 0.3245192307692308 0.1778846153846154