0 0.6802884615384616 0.38822115384615385 0.4951923076923077 0.3894230769230769
0 0.6237980769230769 0.10216346153846154 0.21634615384615385 0.1971153846153846
0 0.8473557692307693 0.14302884615384615 0.2932692307692308 0.27884615384615385
0 0.9567307692307693 0.46274038461538464 0.07692307692307693 0.2403846153846154
0 0.8173076923076923 0.7295673076923077 0.3557692307692308 0.3317307692307692
0 0.5336538461538461 0.6598557692307693 0.2644230769230769 0.19230769230769232
0 0.3605769230769231 0.4338942307692308 0.18509615384615385 0.15865384615384615
0 0.4230769230769231 0.203125 0.27884615384615385 0.34375
0 0.21394230769230768 0.13341346153846154 0.23076923076923078 0.1658653846153846
0 0.0829326923076923 0.2764423076923077 0.16346153846153846 0.17307692307692307
0 0.234375 0.32091346153846156 0.18028846153846154 0.12980769230769232
0 0.2091346153846154 0.24519230769230768 0.14903846153846154 0.0889423076923077
0 0.14182692307692307 0.3942307692307692 0.1201923076923077 0.12980769230769232
0 0.23918269230769232 0.4519230769230769 0.1201923076923077 0.11538461538461539
0 0.21153846153846154 0.5372596153846154 0.16346153846153846 0.10817307692307693
0 0.15264423076923078 0.4963942307692308 0.09615384615384616 0.057692307692307696
0 0.12620192307692307 0.4579326923076923 0.057692307692307696 0.04326923076923077
0 0.10576923076923077 0.5576923076923077 0.07692307692307693 0.08173076923076923
0 0.19831730769230768 0.640625 0.12980769230769232 0.10096153846153846
0 0.12379807692307693 0.6394230769230769 0.052884615384615384 0.08173076923076923
0 0.2704326923076923 0.8088942307692307 0.10817307692307693 0.1346153846153846
0 0.39663461538461536 0.7103365384615384 0.2980769230769231 0.40865384615384615
0 0.5697115384615384 0.859375 0.3245192307692308 0.22115384615384615
0 0.5865384615384616 0.9387019230769231 0.25961538461538464 0.11778846153846154
0 0.8185096153846154 0.9266826923076923 0.3245192307692308 0.14182692307692307