0 0.9663461538461539 0.22956730769230768 0.06009615384615385 0.24519230769230768
0 0.9831730769230769 0.11057692307692307 0.026442307692307692 0.04326923076923077
0 0.9735576923076923 0.05048076923076923 0.04807692307692308 0.0889423076923077
0 0.9170673076923077 0.11899038461538461 0.08653846153846154 0.15384615384615385
0 0.8653846153846154 0.07692307692307693 0.14423076923076922 0.14423076923076922
0 0.9050480769230769 0.30408653846153844 0.125 0.21394230769230768
0 0.8197115384615384 0.16947115384615385 0.08653846153846154 0.22115384615384615
0 0.09134615384615384 0.07692307692307693 0.12980769230769232 0.14423076923076922
0 0.40625 0.3954326923076923 0.1346153846153846 0.17307692307692307
0 0.49278846153846156 0.31850961538461536 0.09375 0.125
0 0.5853365384615384 0.1814903846153846 0.10336538461538461 0.22115384615384615
0 0.6298076923076923 0.07091346153846154 0.10817307692307693 0.12980769230769232
0 0.6646634615384616 0.14543269230769232 0.06971153846153846 0.10096153846153846
0 0.6598557692307693 0.25600961538461536 0.13942307692307693 0.1778846153846154
0 0.5396634615384616 0.04807692307692308 0.0673076923076923 0.08173076923076923
0 0.4963942307692308 0.10697115384615384 0.07211538461538461 0.14423076923076922
0 0.39663461538461536 0.16706730769230768 0.07451923076923077 0.1778846153846154
0 0.46634615384615385 0.21153846153846154 0.08173076923076923 0.13701923076923078
0 0.203125 0.4050480769230769 0.1466346153846154 0.18028846153846154
0 0.16466346153846154 0.3269230769230769 0.06971153846153846 0.09615384615384616
0 0.30528846153846156 0.37259615384615385 0.06971153846153846 0.16105769230769232
0 0.3329326923076923 0.2860576923076923 0.04807692307692308 0.07211538461538461
0 0.23798076923076922 0.5504807692307693 0.07692307692307693 0.11298076923076923
0 0.32211538461538464 0.5324519230769231 0.09615384615384616 0.18509615384615385
0 0.41225961538461536 0.5769230769230769 0.10336538461538461 0.1778846153846154
0 0.4567307692307692 0.5444711538461539 0.1201923076923077 0.20673076923076922
0 0.53125 0.37740384615384615 0.08173076923076923 0.125
0 0.5721153846153846 0.44350961538461536 0.09134615384615384 0.13701923076923078
0 0.6069711538461539 0.37740384615384615 0.08653846153846154 0.125
0 0.7103365384615384 0.35096153846153844 0.08173076923076923 0.12980769230769232
0 0.7427884615384616 0.4735576923076923 0.08653846153846154 0.14903846153846154
0 0.7536057692307693 0.5769230769230769 0.07211538461538461 0.09615384615384616
0 0.7836538461538461 0.6129807692307693 0.052884615384615384 0.10817307692307693
0 0.7896634615384616 0.7019230769230769 0.052884615384615384 0.12980769230769232
0 0.7980769230769231 0.7764423076923077 0.09134615384615384 0.14903846153846154
0 0.7319711538461539 0.7019230769230769 0.07692307692307693 0.15384615384615385
0 0.7271634615384616 0.8125 0.04807692307692308 0.0889423076923077
0 0.671875 0.8389423076923077 0.07692307692307693 0.12980769230769232
0 0.6418269230769231 0.7175480769230769 0.09615384615384616 0.17307692307692307
0 0.6550480769230769 0.6009615384615384 0.10336538461538461 0.16826923076923078
0 0.3233173076923077 0.6875 0.09375 0.16105769230769232
0 0.27524038461538464 0.6310096153846154 0.04326923076923077 0.10576923076923077
0 0.40865384615384615 0.7019230769230769 0.07692307692307693 0.09615384615384616
0 0.47115384615384615 0.7019230769230769 0.06971153846153846 0.1778846153846154
0 0.5384615384615384 0.6935096153846154 0.10336538461538461 0.16105769230769232
0 0.5600961538461539 0.8185096153846154 0.08653846153846154 0.125
0 0.6045673076923077 0.8810096153846154 0.06971153846153846 0.14423076923076922
0 0.5516826923076923 0.9314903846153846 0.06971153846153846 0.11298076923076923
0 0.4855769230769231 0.8689903846153846 0.0625 0.09615384615384616
0 0.4987980769230769 0.8100961538461539 0.04326923076923077 0.06009615384615385
0 0.43028846153846156 0.8040865384615384 0.07451923076923077 0.1201923076923077
0 0.38341346153846156 0.8629807692307693 0.07211538461538461 0.10576923076923077
0 0.4362980769230769 0.9170673076923077 0.11298076923076923 0.10576923076923077
0 0.3581730769230769 0.7680288461538461 0.06971153846153846 0.08173076923076923