0 0.4579326923076923 0.7379807692307693 0.49038461538461536 0.34615384615384615
0 0.47115384615384615 0.5348557692307693 0.23557692307692307 0.18269230769230768
0 0.23677884615384615 0.5324519230769231 0.2764423076923077 0.5288461538461539
0 0.24519230769230768 0.9086538461538461 0.23076923076923078 0.17548076923076922
0 0.46875 0.9411057692307693 0.25 0.11057692307692307
0 0.7211538461538461 0.9182692307692307 0.2860576923076923 0.15625
0 0.7920673076923077 0.421875 0.25 0.24759615384615385
0 0.6983173076923077 0.5288461538461539 0.07211538461538461 0.09615384615384616
0 0.6322115384615384 0.6009615384615384 0.1201923076923077 0.13942307692307693
0 0.6069711538461539 0.4254807692307692 0.18269230769230768 0.2403846153846154
0 0.3545673076923077 0.29927884615384615 0.46875 0.3629807692307692
0 0.6670673076923077 0.24278846153846154 0.25 0.14903846153846154
0 0.41947115384615385 0.08653846153846154 0.3293269230769231 0.17307692307692307