0 0.7980769230769231 0.18269230769230768 0.17307692307692307 0.22115384615384615
0 0.8954326923076923 0.24879807692307693 0.10817307692307693 0.1778846153846154
0 0.8269230769230769 0.49399038461538464 0.07932692307692307 0.13942307692307693
0 0.7235576923076923 0.5060096153846154 0.15865384615384615 0.27163461538461536
0 0.5949519230769231 0.41947115384615385 0.125 0.1778846153846154
0 0.44591346153846156 0.40024038461538464 0.18028846153846154 0.21634615384615385
0 0.296875 0.3786057692307692 0.14182692307692307 0.17067307692307693
0 0.23557692307692307 0.48677884615384615 0.10576923076923077 0.19951923076923078
0 0.34375 0.5685096153846154 0.14903846153846154 0.21153846153846154
0 0.45552884615384615 0.5685096153846154 0.11057692307692307 0.15384615384615385
0 0.4266826923076923 0.7019230769230769 0.14903846153846154 0.1201923076923077
0 0.5576923076923077 0.7019230769230769 0.12980769230769232 0.13221153846153846
0 0.5757211538461539 0.5889423076923077 0.14423076923076922 0.19230769230769232
0 0.6189903846153846 0.6875 0.07211538461538461 0.10576923076923077
0 0.6959134615384616 0.6742788461538461 0.13942307692307693 0.13221153846153846
0 0.9278846153846154 0.8713942307692307 0.13942307692307693 0.25240384615384615
3 0.18389423076923078 0.6442307692307693 0.34615384615384615 0.3701923076923077
3 0.140625 0.5745192307692307 0.27403846153846156 0.10096153846153846
2 0.09615384615384616 0.7824519230769231 0.1875 0.43028846153846156
2 0.21754807692307693 0.8834134615384616 0.14903846153846154 0.23076923076923078