0 0.25961538461538464 0.8016826923076923 0.20192307692307693 0.18509615384615385
0 0.3557692307692308 0.84375 0.08653846153846154 0.08653846153846154
0 0.4375 0.8822115384615384 0.21875 0.14903846153846154
0 0.46153846153846156 0.7524038461538461 0.20192307692307693 0.11538461538461539
0 0.43149038461538464 0.7560096153846154 0.25 0.08653846153846154
0 0.13701923076923078 0.6923076923076923 0.07692307692307693 0.038461538461538464
0 0.109375 0.6514423076923077 0.04326923076923077 0.028846153846153848
0 0.09615384615384616 0.6057692307692307 0.038461538461538464 0.03365384615384615
0 0.08413461538461539 0.5709134615384616 0.04807692307692308 0.04326923076923077
0 0.1310096153846154 0.5576923076923077 0.04326923076923077 0.04807692307692308
0 0.16346153846153846 0.5805288461538461 0.052884615384615384 0.038461538461538464
0 0.13701923076923078 0.6129807692307693 0.03365384615384615 0.038461538461538464
0 0.15264423076923078 0.6514423076923077 0.04326923076923077 0.028846153846153848
0 0.21033653846153846 0.6778846153846154 0.06009615384615385 0.03365384615384615
0 0.21634615384615385 0.6478365384615384 0.07211538461538461 0.036057692307692304
0 0.171875 0.6165865384615384 0.038461538461538464 0.03365384615384615
0 0.171875 0.5528846153846154 0.038461538461538464 0.021634615384615384
0 0.21634615384615385 0.5564903846153846 0.038461538461538464 0.028846153846153848
0 0.21033653846153846 0.5877403846153846 0.038461538461538464 0.02403846153846154
0 0.2512019230769231 0.6237980769230769 0.04326923076923077 0.038461538461538464
0 0.21033653846153846 0.6141826923076923 0.028846153846153848 0.021634615384615384
0 0.2764423076923077 0.65625 0.04807692307692308 0.04807692307692308
0 0.30288461538461536 0.6274038461538461 0.038461538461538464 0.038461538461538464
0 0.31971153846153844 0.6586538461538461 0.038461538461538464 0.036057692307692304
0 0.30288461538461536 0.5925480769230769 0.038461538461538464 0.028846153846153848
0 0.25961538461538464 0.578125 0.04807692307692308 0.036057692307692304
0 0.28966346153846156 0.5564903846153846 0.052884615384615384 0.036057692307692304
0 0.07932692307692307 0.44711538461538464 0.09134615384615384 0.057692307692307696
0 0.17427884615384615 0.48197115384615385 0.0985576923076923 0.07692307692307693
0 0.15264423076923078 0.4266826923076923 0.07692307692307693 0.04807692307692308
0 0.19951923076923078 0.41225961538461536 0.04807692307692308 0.03365384615384615
0 0.234375 0.3798076923076923 0.08653846153846154 0.052884615384615384
0 0.2620192307692308 0.46875 0.07692307692307693 0.057692307692307696
0 0.1310096153846154 0.3713942307692308 0.1201923076923077 0.06490384615384616
0 0.20432692307692307 0.33774038461538464 0.07211538461538461 0.057692307692307696
0 0.14783653846153846 0.33413461538461536 0.03365384615384615 0.021634615384615384
0 0.7103365384615384 0.28725961538461536 0.1971153846153846 0.125
0 0.5733173076923077 0.265625 0.16346153846153846 0.11538461538461539
0 0.609375 0.15865384615384615 0.18028846153846154 0.1346153846153846
0 0.7536057692307693 0.19951923076923078 0.1875 0.125
0 0.38221153846153844 0.2548076923076923 0.14182692307692307 0.08653846153846154
0 0.3737980769230769 0.3233173076923077 0.23557692307692307 0.05048076923076923
0 0.47836538461538464 0.4074519230769231 0.14903846153846154 0.125
0 0.4098557692307692 0.47115384615384615 0.16346153846153846 0.0625
0 0.3088942307692308 0.4254807692307692 0.19230769230769232 0.04326923076923077
0 0.3473557692307692 0.3798076923076923 0.13701923076923078 0.0625
0 0.6442307692307693 0.7439903846153846 0.1875 0.1201923076923077
0 0.6033653846153846 0.8269230769230769 0.10336538461538461 0.04807692307692308
0 0.8088942307692307 0.7776442307692307 0.15384615384615385 0.09615384615384616
0 0.8930288461538461 0.7848557692307693 0.04807692307692308 0.036057692307692304
0 0.8665865384615384 0.7091346153846154 0.08173076923076923 0.057692307692307696
0 0.78125 0.5949519230769231 0.11057692307692307 0.27403846153846156
0 0.6911057692307693 0.6442307692307693 0.08173076923076923 0.05048076923076923
0 0.49399038461538464 0.6706730769230769 0.11538461538461539 0.11298076923076923
0 0.4723557692307692 0.7055288461538461 0.14903846153846154 0.11057692307692307
0 0.43149038461538464 0.5997596153846154 0.16346153846153846 0.08173076923076923
0 0.4891826923076923 0.5769230769230769 0.08173076923076923 0.052884615384615384
0 0.3713942307692308 0.5600961538461539 0.0985576923076923 0.04326923076923077
0 0.34975961538461536 0.5324519230769231 0.08653846153846154 0.038461538461538464
0 0.4074519230769231 0.5144230769230769 0.13701923076923078 0.0625
0 0.5300480769230769 0.5396634615384616 0.11057692307692307 0.0985576923076923
0 0.5661057692307693 0.49038461538461536 0.07211538461538461 0.125
0 0.6141826923076923 0.6021634615384616 0.06009615384615385 0.0673076923076923
0 0.5961538461538461 0.6514423076923077 0.0985576923076923 0.08173076923076923
0 0.7043269230769231 0.8341346153846154 0.0673076923076923 0.07692307692307693
0 0.6418269230769231 0.4963942307692308 0.18028846153846154 0.25961538461538464
0 0.7980769230769231 0.5168269230769231 0.35096153846153844 0.11538461538461539
0 0.7596153846153846 0.45072115384615385 0.2956730769230769 0.12980769230769232
0 0.6502403846153846 0.3605769230769231 0.27403846153846156 0.06490384615384616
0 0.7512019230769231 0.39302884615384615 0.2692307692307692 0.08653846153846154
0 0.14423076923076922 0.22716346153846154 0.028846153846153848 0.04807692307692308
0 0.17427884615384615 0.2704326923076923 0.03365384615384615 0.04807692307692308
0 0.18870192307692307 0.25961538461538464 0.07211538461538461 0.10576923076923077
0 0.19110576923076922 0.23317307692307693 0.0985576923076923 0.12980769230769232
0 0.234375 0.23798076923076922 0.12980769230769232 0.1201923076923077
0 0.24639423076923078 0.27283653846153844 0.04326923076923077 0.057692307692307696
0 0.265625 0.24879807692307693 0.07211538461538461 0.08413461538461539
0 0.3137019230769231 0.2620192307692308 0.06009615384615385 0.021634615384615384
0 0.3112980769230769 0.24158653846153846 0.07692307692307693 0.03365384615384615
0 0.22956730769230768 0.17668269230769232 0.1875 0.1201923076923077
0 0.2704326923076923 0.19831730769230768 0.125 0.0673076923076923
0 0.19951923076923078 0.14423076923076922 0.10336538461538461 0.0673076923076923
0 0.2764423076923077 0.1658653846153846 0.20192307692307693 0.1201923076923077
0 0.28365384615384615 0.14543269230769232 0.21875 0.11538461538461539
0 0.3605769230769231 0.17307692307692307 0.0673076923076923 0.019230769230769232
0 0.3798076923076923 0.19591346153846154 0.09134615384615384 0.021634615384615384
0 0.3389423076923077 0.08533653846153846 0.1875 0.0625
0 0.33052884615384615 0.08774038461538461 0.125 0.11057692307692307
0 0.38822115384615385 0.1310096153846154 0.15384615384615385 0.05048076923076923
0 0.4182692307692308 0.14423076923076922 0.09134615384615384 0.02403846153846154
0 0.4375 0.15504807692307693 0.0985576923076923 0.02403846153846154