0 0.3485576923076923 0.4050480769230769 0.25 0.3942307692307692
0 0.5300480769230769 0.23798076923076922 0.2548076923076923 0.2980769230769231
0 0.5612980769230769 0.5204326923076923 0.21153846153846154 0.375
0 0.7427884615384616 0.5600961538461539 0.24519230769230768 0.47596153846153844
0 0.7980769230769231 0.36658653846153844 0.25721153846153844 0.4951923076923077
0 0.3629807692307692 0.7560096153846154 0.5336538461538461 0.4182692307692308
0 0.15625 0.6875 0.13942307692307693 0.47115384615384615
0 0.21033653846153846 0.5204326923076923 0.12740384615384615 0.31490384615384615
0 0.31490384615384615 0.8449519230769231 0.09134615384615384 0.16826923076923078
0 0.6971153846153846 0.8521634615384616 0.1778846153846154 0.29086538461538464
0 0.40024038461538464 0.9459134615384616 0.34134615384615385 0.10576923076923077
0 0.8605769230769231 0.8665865384615384 0.16826923076923078 0.2548076923076923