0 0.5096153846153846 0.515625 0.6105769230769231 0.8245192307692307
0 0.8725961538461539 0.7139423076923077 0.25 0.5721153846153846
0 0.7524038461538461 0.3016826923076923 0.4567307692307692 0.5120192307692307
0 0.13341346153846154 0.8293269230769231 0.25961538461538464 0.3293269230769231
0 0.15384615384615385 0.6310096153846154 0.30288461538461536 0.5721153846153846
0 0.5060096153846154 0.9278846153846154 0.4855769230769231 0.1346153846153846
0 0.12740384615384615 0.14423076923076922 0.13221153846153846 0.1971153846153846
0 0.171875 0.27524038461538464 0.1346153846153846 0.14903846153846154
0 0.054086538461538464 0.27884615384615385 0.10096153846153846 0.14423076923076922
0 0.2283653846153846 0.04567307692307692 0.14903846153846154 0.08653846153846154
0 0.359375 0.04927884615384615 0.11538461538461539 0.09615384615384616
0 0.4675480769230769 0.052884615384615384 0.11778846153846154 0.10096153846153846