0 0.6778846153846154 0.046875 0.20192307692307693 0.08653846153846154
0 0.4795673076923077 0.08653846153846154 0.11298076923076923 0.1658653846153846
0 0.3557692307692308 0.08653846153846154 0.1346153846153846 0.1658653846153846
0 0.4795673076923077 0.23798076923076922 0.10336538461538461 0.14903846153846154
0 0.38461538461538464 0.23317307692307693 0.08653846153846154 0.14903846153846154
0 0.13701923076923078 0.10817307692307693 0.25240384615384615 0.20192307692307693
0 0.17307692307692307 0.25721153846153844 0.25240384615384615 0.14423076923076922
0 0.040865384615384616 0.30649038461538464 0.07211538461538461 0.1658653846153846
0 0.5072115384615384 0.35336538461538464 0.0673076923076923 0.12740384615384615
0 0.45913461538461536 0.3629807692307692 0.0625 0.125
0 0.41466346153846156 0.36658653846153844 0.057692307692307696 0.11538461538461539
0 0.3786057692307692 0.3701923076923077 0.057692307692307696 0.11538461538461539
0 0.3016826923076923 0.3473557692307692 0.08653846153846154 0.19230769230769232
0 0.24519230769230768 0.35697115384615385 0.07692307692307693 0.15865384615384615
0 0.20072115384615385 0.36899038461538464 0.0625 0.14903846153846154
0 0.1466346153846154 0.3762019230769231 0.09615384615384616 0.14423076923076922
0 0.07451923076923077 0.43990384615384615 0.10817307692307693 0.13942307692307693
0 0.10576923076923077 0.5252403846153846 0.057692307692307696 0.04807692307692308
0 0.16706730769230768 0.5132211538461539 0.04807692307692308 0.0625
0 0.1310096153846154 0.48677884615384615 0.057692307692307696 0.04807692307692308
0 0.12860576923076922 0.5576923076923077 0.052884615384615384 0.04326923076923077
0 0.19110576923076922 0.5480769230769231 0.0625 0.04807692307692308
0 0.15264423076923078 0.5853365384615384 0.0673076923076923 0.04326923076923077
0 0.10817307692307693 0.6057692307692307 0.052884615384615384 0.038461538461538464
0 0.08533653846153846 0.5733173076923077 0.057692307692307696 0.04326923076923077
0 0.07451923076923077 0.5504807692307693 0.057692307692307696 0.04326923076923077
0 0.26322115384615385 0.47836538461538464 0.0625 0.07692307692307693
0 0.23197115384615385 0.4831730769230769 0.0625 0.08653846153846154
0 0.20072115384615385 0.4831730769230769 0.07211538461538461 0.08653846153846154
0 0.5132211538461539 0.45552884615384615 0.036057692307692304 0.0625
0 0.4891826923076923 0.46274038461538464 0.019230769230769232 0.06971153846153846
0 0.46634615384615385 0.46274038461538464 0.04807692307692308 0.09134615384615384
0 0.4387019230769231 0.4651442307692308 0.03125 0.08173076923076923
0 0.41466346153846156 0.4579326923076923 0.02403846153846154 0.07211538461538461
0 0.3942307692307692 0.4675480769230769 0.02403846153846154 0.07692307692307693
0 0.6574519230769231 0.3016826923076923 0.18028846153846154 0.04807692307692308
0 0.6550480769230769 0.24879807692307693 0.15384615384615385 0.05048076923076923
0 0.6526442307692307 0.18870192307692307 0.14903846153846154 0.07692307692307693
0 0.6442307692307693 0.1622596153846154 0.14423076923076922 0.08653846153846154
0 0.6911057692307693 0.11057692307692307 0.22596153846153846 0.08173076923076923
0 0.6598557692307693 0.4098557692307692 0.09134615384615384 0.21634615384615385
0 0.6009615384615384 0.4206730769230769 0.04807692307692308 0.20192307692307693
0 0.6262019230769231 0.5612980769230769 0.08653846153846154 0.0889423076923077
0 0.6346153846153846 0.6442307692307693 0.125 0.125
0 0.47115384615384615 0.5673076923076923 0.14903846153846154 0.12980769230769232
0 0.30408653846153844 0.6009615384615384 0.18509615384615385 0.24278846153846154
0 0.2091346153846154 0.7067307692307693 0.1201923076923077 0.11538461538461539
0 0.17067307692307693 0.625 0.11298076923076923 0.09134615384615384
0 0.4795673076923077 0.6622596153846154 0.11298076923076923 0.07211538461538461
0 0.484375 0.7175480769230769 0.10336538461538461 0.052884615384615384
0 0.6189903846153846 0.7475961538461539 0.08173076923076923 0.10576923076923077
0 0.6057692307692307 0.8461538461538461 0.057692307692307696 0.0625
0 0.6057692307692307 0.8954326923076923 0.057692307692307696 0.04807692307692308
0 0.6081730769230769 0.9399038461538461 0.052884615384615384 0.05048076923076923
0 0.6033653846153846 0.8161057692307693 0.0625 0.03365384615384615
0 0.5180288461538461 0.9555288461538461 0.04807692307692308 0.04326923076923077
0 0.5252403846153846 0.8990384615384616 0.07211538461538461 0.06971153846153846
0 0.5072115384615384 0.8557692307692307 0.057692307692307696 0.026442307692307692
0 0.5072115384615384 0.8209134615384616 0.07692307692307693 0.04326923076923077
0 0.5 0.7824519230769231 0.09134615384615384 0.04326923076923077
0 0.484375 0.7295673076923077 0.09134615384615384 0.10096153846153846
0 0.3581730769230769 0.7608173076923077 0.1201923076923077 0.06971153846153846
0 0.35336538461538464 0.7175480769230769 0.10817307692307693 0.052884615384615384
0 0.45913461538461536 0.9627403846153846 0.052884615384615384 0.04326923076923077
0 0.4326923076923077 0.9110576923076923 0.08173076923076923 0.07692307692307693
0 0.4026442307692308 0.8557692307692307 0.09134615384615384 0.08173076923076923
0 0.38100961538461536 0.8064903846153846 0.07211538461538461 0.052884615384615384
0 0.2608173076923077 0.7584134615384616 0.04807692307692308 0.057692307692307696
0 0.22956730769230768 0.7860576923076923 0.036057692307692304 0.04326923076923077
0 0.18269230769230768 0.7992788461538461 0.02403846153846154 0.02403846153846154
0 0.19831730769230768 0.8161057692307693 0.036057692307692304 0.026442307692307692
0 0.23918269230769232 0.8052884615384616 0.057692307692307696 0.04326923076923077
0 0.28365384615384615 0.7992788461538461 0.040865384615384616 0.04807692307692308
0 0.25240384615384615 0.8305288461538461 0.052884615384615384 0.03125
0 0.22115384615384615 0.8497596153846154 0.03125 0.02403846153846154
0 0.3088942307692308 0.8653846153846154 0.07211538461538461 0.10817307692307693
0 0.3629807692307692 0.9543269230769231 0.10096153846153846 0.08653846153846154