0 0.2956730769230769 0.1658653846153846 0.3605769230769231 0.18509615384615385
0 0.4567307692307692 0.28365384615384615 0.19230769230769232 0.11538461538461539
0 0.3329326923076923 0.25240384615384615 0.0985576923076923 0.0625
0 0.22716346153846154 0.21514423076923078 0.11538461538461539 0.057692307692307696
0 0.06490384615384616 0.12379807692307693 0.125 0.13221153846153846
0 0.20432692307692307 0.055288461538461536 0.23557692307692307 0.11057692307692307
0 0.12259615384615384 0.016826923076923076 0.13701923076923078 0.03365384615384615
0 0.052884615384615384 0.03125 0.10096153846153846 0.0625
0 0.38221153846153844 0.021634615384615384 0.1201923076923077 0.04326923076923077
0 0.45072115384615385 0.056490384615384616 0.24519230769230768 0.11298076923076923
0 0.5841346153846154 0.027644230769230768 0.07692307692307693 0.052884615384615384
0 0.7127403846153846 0.03245192307692308 0.16826923076923078 0.06490384615384616
0 0.6201923076923077 0.13822115384615385 0.18028846153846154 0.15865384615384615
0 0.5168269230769231 0.11778846153846154 0.23557692307692307 0.14903846153846154
0 0.78125 0.234375 0.15384615384615385 0.23557692307692307
0 0.7764423076923077 0.41586538461538464 0.2403846153846154 0.16346153846153846
0 0.9158653846153846 0.2980769230769231 0.15865384615384615 0.2692307692307692
0 0.5216346153846154 0.453125 0.15865384615384615 0.12740384615384615
0 0.328125 0.48197115384615385 0.1971153846153846 0.23076923076923078
0 0.14423076923076922 0.4639423076923077 0.19230769230769232 0.15625
0 0.171875 0.34134615384615385 0.25721153846153844 0.16826923076923078
0 0.10697115384615384 0.6346153846153846 0.21153846153846154 0.33653846153846156
0 0.19951923076923078 0.7692307692307693 0.3004807692307692 0.23076923076923078
0 0.30649038461538464 0.7620192307692307 0.23076923076923078 0.2644230769230769
0 0.265625 0.9314903846153846 0.5288461538461539 0.13221153846153846
0 0.7079326923076923 0.8894230769230769 0.5192307692307693 0.21634615384615385
0 0.734375 0.7668269230769231 0.36538461538461536 0.28365384615384615
0 0.6334134615384616 0.7199519230769231 0.5024038461538461 0.3125