0 0.671875 0.8317307692307693 0.25961538461538464 0.13701923076923078
0 0.7259615384615384 0.9098557692307693 0.07692307692307693 0.026442307692307692
0 0.6298076923076923 0.90625 0.21875 0.125
0 0.71875 0.6923076923076923 0.2403846153846154 0.1778846153846154
0 0.5757211538461539 0.7379807692307693 0.07692307692307693 0.09615384615384616
0 0.5204326923076923 0.7692307692307693 0.10576923076923077 0.13942307692307693
0 0.5204326923076923 0.6694711538461539 0.052884615384615384 0.057692307692307696
0 0.48677884615384615 0.6911057692307693 0.026442307692307692 0.028846153846153848
0 0.47596153846153844 0.6201923076923077 0.0889423076923077 0.06490384615384616
0 0.5985576923076923 0.6298076923076923 0.15625 0.13701923076923078
0 0.7451923076923077 0.5192307692307693 0.21875 0.16826923076923078
0 0.7572115384615384 0.5913461538461539 0.11057692307692307 0.038461538461538464
0 0.6514423076923077 0.5456730769230769 0.052884615384615384 0.04567307692307692
0 0.578125 0.5300480769230769 0.09375 0.0625
0 0.5072115384615384 0.5685096153846154 0.0889423076923077 0.08413461538461539
0 0.5072115384615384 0.5036057692307693 0.07692307692307693 0.0625
0 0.6141826923076923 0.4639423076923077 0.11538461538461539 0.07211538461538461
0 0.48197115384615385 0.4098557692307692 0.0985576923076923 0.14903846153846154
0 0.37740384615384615 0.48677884615384615 0.18269230769230768 0.30288461538461536
0 0.5516826923076923 0.359375 0.25 0.18269230769230768
0 0.7524038461538461 0.4026442307692308 0.19230769230769232 0.13942307692307693
0 0.7367788461538461 0.2536057692307692 0.21394230769230768 0.19471153846153846
0 0.625 0.20192307692307693 0.1346153846153846 0.11538461538461539
0 0.5853365384615384 0.27524038461538464 0.11057692307692307 0.0625
0 0.5048076923076923 0.22115384615384615 0.125 0.12259615384615384
0 0.4326923076923077 0.2848557692307692 0.125 0.08653846153846154
0 0.5697115384615384 0.13221153846153846 0.0673076923076923 0.07211538461538461
0 0.6875 0.07692307692307693 0.14423076923076922 0.0625
0 0.703125 0.12740384615384615 0.16826923076923078 0.11057692307692307