0 0.5420673076923077 0.5444711538461539 0.25961538461538464 0.19230769230769232
0 0.35697115384615385 0.6706730769230769 0.23798076923076922 0.17307692307692307
0 0.5877403846153846 0.921875 0.21153846153846154 0.15144230769230768
0 0.4026442307692308 0.8617788461538461 0.20192307692307693 0.2692307692307692
0 0.34375 0.12980769230769232 0.3389423076923077 0.25961538461538464
0 0.18028846153846154 0.10817307692307693 0.21153846153846154 0.17307692307692307
0 0.203125 0.15865384615384615 0.33413461538461536 0.3125
0 0.19831730769230768 0.8353365384615384 0.3317307692307692 0.32211538461538464
0 0.22956730769230768 0.4855769230769231 0.15384615384615385 0.09375
0 0.10817307692307693 0.49278846153846156 0.1201923076923077 0.0625
0 0.06610576923076923 0.421875 0.057692307692307696 0.07211538461538461
0 0.14783653846153846 0.4326923076923077 0.12740384615384615 0.08653846153846154
0 0.5637019230769231 0.7439903846153846 0.18509615384615385 0.19230769230769232
0 0.7115384615384616 0.18509615384615385 0.4495192307692308 0.3629807692307692
0 0.49759615384615385 0.23798076923076922 0.13701923076923078 0.08653846153846154
0 0.46274038461538464 0.1778846153846154 0.10096153846153846 0.07211538461538461
0 0.4074519230769231 0.20793269230769232 0.09615384615384616 0.08653846153846154
0 0.35697115384615385 0.265625 0.09134615384615384 0.0673076923076923
0 0.30408653846153844 0.3389423076923077 0.16346153846153846 0.11538461538461539
0 0.2704326923076923 0.27524038461538464 0.07451923076923077 0.040865384615384616
0 0.8629807692307693 0.1466346153846154 0.24278846153846154 0.14182692307692307
0 0.7463942307692307 0.06009615384615385 0.18028846153846154 0.08173076923076923
0 0.8858173076923077 0.6850961538461539 0.22596153846153846 0.2403846153846154
0 0.7992788461538461 0.8701923076923077 0.2980769230769231 0.19230769230769232
0 0.6766826923076923 0.6838942307692307 0.20192307692307693 0.18269230769230768
0 0.7223557692307693 0.4423076923076923 0.22596153846153846 0.21634615384615385
0 0.5877403846153846 0.33533653846153844 0.23317307692307693 0.23557692307692307
0 0.07091346153846154 0.3293269230769231 0.0673076923076923 0.07451923076923077
0 0.15625 0.3485576923076923 0.13221153846153846 0.07451923076923077
0 0.17668269230769232 0.28125 0.10096153846153846 0.0673076923076923
0 0.10576923076923077 0.25240384615384615 0.0625 0.07211538461538461
0 0.04447115384615385 0.5745192307692307 0.038461538461538464 0.057692307692307696
0 0.3125 0.41586538461538464 0.08413461538461539 0.0673076923076923
0 0.2620192307692308 0.3798076923076923 0.07932692307692307 0.057692307692307696
0 0.3858173076923077 0.46875 0.09615384615384616 0.09615384615384616
0 0.4182692307692308 0.546875 0.11538461538461539 0.07451923076923077
0 0.49158653846153844 0.5240384615384616 0.10576923076923077 0.0673076923076923
0 0.48197115384615385 0.46274038461538464 0.10576923076923077 0.057692307692307696
0 0.5108173076923077 0.38341346153846156 0.09134615384615384 0.07211538461538461
0 0.41225961538461536 0.40024038461538464 0.11538461538461539 0.0673076923076923
0 0.46274038461538464 0.30528846153846156 0.15384615384615385 0.09375
0 0.34134615384615385 0.7692307692307693 0.04807692307692308 0.026442307692307692
0 0.359375 0.8016826923076923 0.021634615384615384 0.028846153846153848
0 0.33052884615384615 0.8088942307692307 0.026442307692307692 0.02403846153846154
0 0.3329326923076923 0.8389423076923077 0.052884615384615384 0.038461538461538464
0 0.3016826923076923 0.9086538461538461 0.052884615384615384 0.03365384615384615
0 0.2860576923076923 0.9399038461538461 0.052884615384615384 0.03125
0 0.8365384615384616 0.8341346153846154 0.32211538461538464 0.3269230769230769
0 0.7548076923076923 0.16346153846153846 0.4855769230769231 0.32211538461538464
0 0.3125 0.5528846153846154 0.052884615384615384 0.03365384615384615
0 0.3629807692307692 0.5528846153846154 0.038461538461538464 0.03365384615384615
0 0.34134615384615385 0.5745192307692307 0.038461538461538464 0.03365384615384615
0 0.36778846153846156 0.6033653846153846 0.038461538461538464 0.028846153846153848
0 0.32572115384615385 0.6274038461538461 0.04807692307692308 0.026442307692307692
0 0.328125 0.5913461538461539 0.03125 0.028846153846153848
0 0.2860576923076923 0.6069711538461539 0.052884615384615384 0.04326923076923077
0 0.2091346153846154 0.5637019230769231 0.057692307692307696 0.040865384615384616
0 0.23557692307692307 0.6045673076923077 0.04807692307692308 0.040865384615384616
0 0.29927884615384615 0.5168269230769231 0.04807692307692308 0.028846153846153848
0 0.3125 0.49399038461538464 0.052884615384615384 0.028846153846153848
0 0.33052884615384615 0.46634615384615385 0.057692307692307696 0.040865384615384616
0 0.2860576923076923 0.44711538461538464 0.03125 0.03365384615384615
0 0.24879807692307693 0.5396634615384616 0.052884615384615384 0.02403846153846154
0 0.15865384615384615 0.5444711538461539 0.04326923076923077 0.026442307692307692
0 0.12740384615384615 0.5709134615384616 0.052884615384615384 0.026442307692307692
0 0.10336538461538461 0.546875 0.057692307692307696 0.038461538461538464
0 0.06370192307692307 0.5396634615384616 0.03125 0.02403846153846154
0 0.05048076923076923 0.5192307692307693 0.038461538461538464 0.03365384615384615
0 0.04807692307692308 0.47716346153846156 0.021634615384615384 0.03365384615384615
0 0.07932692307692307 0.6670673076923077 0.0625 0.04326923076923077
0 0.07091346153846154 0.6237980769230769 0.04807692307692308 0.03365384615384615
0 0.09495192307692307 0.59375 0.052884615384615384 0.03365384615384615
0 0.14543269230769232 0.6081730769230769 0.04807692307692308 0.03365384615384615
0 0.12379807692307693 0.6382211538461539 0.057692307692307696 0.03365384615384615
0 0.18028846153846154 0.6177884615384616 0.04326923076923077 0.038461538461538464
0 0.18509615384615385 0.6514423076923077 0.052884615384615384 0.028846153846153848
0 0.22956730769230768 0.6418269230769231 0.057692307692307696 0.026442307692307692
0 0.22956730769230768 0.6706730769230769 0.04807692307692308 0.02403846153846154
0 0.20673076923076922 0.7079326923076923 0.052884615384615384 0.03125
0 0.2704326923076923 0.7079326923076923 0.052884615384615384 0.04326923076923077
0 0.24639423076923078 0.7391826923076923 0.057692307692307696 0.026442307692307692
0 0.23317307692307693 0.7620192307692307 0.03125 0.019230769230769232
0 0.16706730769230768 0.6971153846153846 0.057692307692307696 0.04567307692307692
0 0.13701923076923078 0.7223557692307693 0.0625 0.038461538461538464
0 0.15625 0.7608173076923077 0.057692307692307696 0.038461538461538464
0 0.19591346153846154 0.7451923076923077 0.052884615384615384 0.038461538461538464
0 0.203125 0.7884615384615384 0.057692307692307696 0.040865384615384616
0 0.25961538461538464 0.7992788461538461 0.052884615384615384 0.04807692307692308
0 0.2704326923076923 0.7644230769230769 0.052884615384615384 0.028846153846153848
0 0.296875 0.8449519230769231 0.052884615384615384 0.040865384615384616
0 0.2644230769230769 0.8834134615384616 0.052884615384615384 0.038461538461538464
0 0.23317307692307693 0.9194711538461539 0.052884615384615384 0.03365384615384615
0 0.31490384615384615 0.8701923076923077 0.038461538461538464 0.026442307692307692
0 0.24639423076923078 0.8497596153846154 0.04807692307692308 0.03125
0 0.22956730769230768 0.8822115384615384 0.057692307692307696 0.03365384615384615
0 0.18509615384615385 0.9026442307692307 0.052884615384615384 0.028846153846153848
0 0.18509615384615385 0.8786057692307693 0.052884615384615384 0.040865384615384616
0 0.21153846153846154 0.8521634615384616 0.03125 0.03365384615384615
0 0.21634615384615385 0.8245192307692307 0.052884615384615384 0.03125
0 0.10096153846153846 0.7620192307692307 0.052884615384615384 0.040865384615384616
0 0.11899038461538461 0.7956730769230769 0.057692307692307696 0.026442307692307692
0 0.14543269230769232 0.8161057692307693 0.038461538461538464 0.028846153846153848
0 0.1141826923076923 0.8365384615384616 0.04807692307692308 0.040865384615384616
0 0.09495192307692307 0.7139423076923077 0.03125 0.03365384615384615
0 0.12139423076923077 0.6911057692307693 0.04326923076923077 0.026442307692307692
0 0.140625 0.7247596153846154 0.04807692307692308 0.040865384615384616