0 0.2127403846153846 0.7427884615384616 0.16105769230769232 0.22596153846153846
0 0.1466346153846154 0.5300480769230769 0.13942307692307693 0.1875
0 0.13822115384615385 0.39302884615384615 0.10096153846153846 0.125
0 0.1466346153846154 0.25240384615384615 0.11538461538461539 0.16826923076923078
0 0.31971153846153844 0.046875 0.07692307692307693 0.08413461538461539
0 0.24879807692307693 0.051682692307692304 0.057692307692307696 0.07451923076923077
0 0.265625 0.0673076923076923 0.2644230769230769 0.1346153846153846
0 0.21634615384615385 0.1310096153846154 0.2091346153846154 0.2620192307692308
0 0.3317307692307692 0.15384615384615385 0.0673076923076923 0.11057692307692307
0 0.3233173076923077 0.359375 0.28365384615384615 0.3317307692307692
0 0.2956730769230769 0.5745192307692307 0.13942307692307693 0.07932692307692307
0 0.33533653846153844 0.7007211538461539 0.09134615384615384 0.125
0 0.35096153846153844 0.6009615384615384 0.07692307692307693 0.07451923076923077
0 0.5096153846153846 0.65625 0.25 0.3125
0 0.4182692307692308 0.8509615384615384 0.02403846153846154 0.028846153846153848
0 0.5060096153846154 0.8365384615384616 0.03365384615384615 0.028846153846153848
0 0.6923076923076923 0.7692307692307693 0.2692307692307692 0.23317307692307693
0 0.6466346153846154 0.8509615384615384 0.02403846153846154 0.028846153846153848
0 0.6286057692307693 0.8317307692307693 0.019230769230769232 0.019230769230769232
0 0.640625 0.5985576923076923 0.10817307692307693 0.16826923076923078
0 0.640625 0.39663461538461536 0.3269230769230769 0.3557692307692308
0 0.8473557692307693 0.5540865384615384 0.15384615384615385 0.21634615384615385
0 0.7536057692307693 0.20072115384615385 0.28365384615384615 0.3125
0 0.49759615384615385 0.1658653846153846 0.2644230769230769 0.3317307692307692
0 0.6430288461538461 0.055288461538461536 0.1466346153846154 0.11057692307692307
0 0.7848557692307693 0.042067307692307696 0.15625 0.08413461538461539
0 0.9014423076923077 0.17067307692307693 0.06009615384615385 0.18269230769230768
0 0.9387019230769231 0.3473557692307692 0.11778846153846154 0.17067307692307693
0 0.8653846153846154 0.390625 0.14903846153846154 0.11057692307692307