0 0.8701923076923077 0.6177884615384616 0.2548076923076923 0.7307692307692307
0 0.6983173076923077 0.7980769230769231 0.22596153846153846 0.37259615384615385
0 0.7175480769230769 0.5096153846153846 0.1778846153846154 0.47596153846153844
0 0.5324519230769231 0.18629807692307693 0.25240384615384615 0.20432692307692307
0 0.30408653846153844 0.16947115384615385 0.16346153846153846 0.13942307692307693
0 0.25721153846153844 0.6875 0.16826923076923078 0.1346153846153846
0 0.1658653846153846 0.6201923076923077 0.07451923076923077 0.057692307692307696
0 0.27524038461538464 0.5925480769230769 0.14423076923076922 0.09615384615384616
0 0.40384615384615385 0.6262019230769231 0.18269230769230768 0.13221153846153846
0 0.43028846153846156 0.5384615384615384 0.1201923076923077 0.14903846153846154
0 0.546875 0.5925480769230769 0.1346153846153846 0.09615384615384616
0 0.46274038461538464 0.8257211538461539 0.20192307692307693 0.17307692307692307
0 0.4206730769230769 0.8774038461538461 0.14903846153846154 0.10817307692307693
0 0.42788461538461536 0.9543269230769231 0.09375 0.06009615384615385
0 0.5024038461538461 0.9519230769230769 0.04326923076923077 0.03365384615384615
0 0.2548076923076923 0.8317307692307693 0.10336538461538461 0.15865384615384615
0 0.40865384615384615 0.7055288461538461 0.1346153846153846 0.10096153846153846
0 0.35336538461538464 0.7163461538461539 0.10336538461538461 0.12740384615384615
0 0.4579326923076923 0.06009615384615385 0.08413461538461539 0.09615384615384616
0 0.6165865384615384 0.04807692307692308 0.1346153846153846 0.07211538461538461
3 0.39663461538461536 0.19831730769230768 0.24759615384615385 0.3894230769230769
3 0.8269230769230769 0.21033653846153846 0.06971153846153846 0.13221153846153846