0 0.421875 0.5024038461538461 0.7524038461538461 0.9903846153846154
0 0.4266826923076923 0.3449519230769231 0.37259615384615385 0.6346153846153846
0 0.4254807692307692 0.8377403846153846 0.1778846153846154 0.32211538461538464
0 0.42788461538461536 0.7055288461538461 0.28846153846153844 0.25961538461538464
0 0.7560096153846154 0.4675480769230769 0.057692307692307696 0.17307692307692307
0 0.6971153846153846 0.24158653846153846 0.057692307692307696 0.10817307692307693
0 0.7740384615384616 0.18389423076923078 0.07211538461538461 0.18028846153846154
0 0.8088942307692307 0.4170673076923077 0.038461538461538464 0.12980769230769232
0 0.8233173076923077 0.7512019230769231 0.11057692307692307 0.31009615384615385
0 0.8954326923076923 0.9627403846153846 0.13221153846153846 0.06971153846153846
0 0.05889423076923077 0.7307692307692307 0.06490384615384616 0.07932692307692307
0 0.02283653846153846 0.8966346153846154 0.040865384615384616 0.20192307692307693
0 0.45072115384615385 0.18389423076923078 0.13221153846153846 0.2932692307692308
0 0.5576923076923077 0.29447115384615385 0.07692307692307693 0.1875
0 0.5841346153846154 0.4855769230769231 0.057692307692307696 0.2644230769230769
0 0.5432692307692307 0.5721153846153846 0.04807692307692308 0.10817307692307693
0 0.5180288461538461 0.46033653846153844 0.09134615384615384 0.12980769230769232
0 0.47836538461538464 0.5685096153846154 0.055288461538461536 0.08653846153846154
0 0.45072115384615385 0.453125 0.0673076923076923 0.1875
0 0.3870192307692308 0.5973557692307693 0.07692307692307693 0.17307692307692307
0 0.359375 0.44591346153846156 0.10096153846153846 0.3173076923076923
0 0.3125 0.3485576923076923 0.13942307692307693 0.35096153846153844
0 0.41346153846153844 0.8197115384615384 0.10336538461538461 0.27403846153846156
0 0.47716346153846156 0.9158653846153846 0.0889423076923077 0.16346153846153846
0 0.49399038461538464 0.6875 0.12740384615384615 0.27884615384615385
0 0.34975961538461536 0.7451923076923077 0.08173076923076923 0.1658653846153846