0 0.7295673076923077 0.5637019230769231 0.20673076923076922 0.29086538461538464
0 0.8064903846153846 0.359375 0.19230769230769232 0.30288461538461536
0 0.6538461538461539 0.2247596153846154 0.21394230769230768 0.4182692307692308
0 0.5925480769230769 0.5408653846153846 0.09134615384615384 0.125
0 0.6286057692307693 0.6790865384615384 0.07692307692307693 0.125
0 0.546875 0.703125 0.07932692307692307 0.14423076923076922
0 0.5096153846153846 0.59375 0.07692307692307693 0.14423076923076922
0 0.5108173076923077 0.17067307692307693 0.12259615384615384 0.16346153846153846
0 0.3894230769230769 0.14783653846153846 0.32211538461538464 0.2644230769230769
0 0.3425480769230769 0.3329326923076923 0.22115384615384615 0.22596153846153846
0 0.35096153846153844 0.4699519230769231 0.24519230769230768 0.13701923076923078
0 0.3605769230769231 0.7223557692307693 0.2860576923076923 0.4567307692307692
0 0.15745192307692307 0.4170673076923077 0.2283653846153846 0.4182692307692308
0 0.44711538461538464 0.3629807692307692 0.02403846153846154 0.03365384615384615
0 0.47596153846153844 0.4170673076923077 0.03365384615384615 0.055288461538461536
0 0.5108173076923077 0.47475961538461536 0.028846153846153848 0.04807692307692308
0 0.5492788461538461 0.4639423076923077 0.04807692307692308 0.04807692307692308
0 0.5276442307692307 0.4254807692307692 0.04807692307692308 0.06009615384615385
0 0.49759615384615385 0.3870192307692308 0.019230769230769232 0.07211538461538461
0 0.5288461538461539 0.36538461538461536 0.036057692307692304 0.08173076923076923
0 0.5144230769230769 0.3076923076923077 0.04326923076923077 0.04326923076923077
0 0.47836538461538464 0.3269230769230769 0.036057692307692304 0.038461538461538464
0 0.48197115384615385 0.3737980769230769 0.036057692307692304 0.055288461538461536