0 0.7548076923076923 0.05889423076923077 0.1971153846153846 0.11057692307692307
0 0.6009615384615384 0.04567307692307692 0.12980769230769232 0.08413461538461539
0 0.484375 0.03245192307692308 0.10576923076923077 0.057692307692307696
0 0.48197115384615385 0.10096153846153846 0.17307692307692307 0.11057692307692307
0 0.39302884615384615 0.09975961538461539 0.0985576923076923 0.10576923076923077
0 0.3076923076923077 0.1502403846153846 0.07211538461538461 0.09615384615384616
0 0.31971153846153844 0.23317307692307693 0.11057692307692307 0.11538461538461539
0 0.3954326923076923 0.20552884615384615 0.10576923076923077 0.09134615384615384
0 0.5264423076923077 0.21514423076923078 0.1778846153846154 0.14903846153846154
0 0.640625 0.14302884615384615 0.1346153846153846 0.13942307692307693
0 0.7524038461538461 0.20432692307692307 0.13942307692307693 0.16346153846153846
0 0.8882211538461539 0.21514423076923078 0.18269230769230768 0.1778846153846154
0 0.6670673076923077 0.3449519230769231 0.20673076923076922 0.16346153846153846
0 0.43028846153846156 0.3173076923076923 0.21394230769230768 0.12259615384615384
0 0.49759615384615385 0.4254807692307692 0.20192307692307693 0.14903846153846154
0 0.30408653846153844 0.41225961538461536 0.19230769230769232 0.13701923076923078
0 0.2704326923076923 0.3449519230769231 0.125 0.04326923076923077
0 0.2860576923076923 0.2980769230769231 0.07211538461538461 0.052884615384615384
0 0.4014423076923077 0.5192307692307693 0.14423076923076922 0.08413461538461539
0 0.2608173076923077 0.515625 0.14423076923076922 0.09134615384615384
0 0.18990384615384615 0.4699519230769231 0.0673076923076923 0.07692307692307693
0 0.2920673076923077 0.6262019230769231 0.052884615384615384 0.052884615384615384
0 0.36778846153846156 0.6334134615384616 0.12980769230769232 0.12980769230769232
0 0.48197115384615385 0.5997596153846154 0.16105769230769232 0.15384615384615385
0 0.5697115384615384 0.484375 0.17307692307692307 0.13701923076923078
0 0.6069711538461539 0.5913461538461539 0.12980769230769232 0.10096153846153846
0 0.6947115384615384 0.5096153846153846 0.20192307692307693 0.14903846153846154
0 0.828125 0.4963942307692308 0.10576923076923077 0.10096153846153846
0 0.90625 0.41225961538461536 0.1778846153846154 0.17548076923076922
0 0.8569711538461539 0.33533653846153844 0.18269230769230768 0.12980769230769232
0 0.8822115384615384 0.5841346153846154 0.22355769230769232 0.15865384615384615
0 0.7211538461538461 0.6502403846153846 0.16105769230769232 0.12740384615384615
0 0.8641826923076923 0.6778846153846154 0.15625 0.08173076923076923
0 0.8052884615384616 0.7860576923076923 0.21394230769230768 0.13701923076923078
0 0.6454326923076923 0.7019230769230769 0.16826923076923078 0.12259615384615384
0 0.5733173076923077 0.7367788461538461 0.1875 0.10096153846153846
0 0.6382211538461539 0.8341346153846154 0.21394230769230768 0.14182692307692307
0 0.6850961538461539 0.9375 0.19230769230769232 0.11778846153846154
0 0.4891826923076923 0.8569711538461539 0.14423076923076922 0.11778846153846154
0 0.5625 0.9627403846153846 0.13942307692307693 0.06971153846153846
0 0.49759615384615385 0.953125 0.09134615384615384 0.0889423076923077
0 0.40865384615384615 0.7632211538461539 0.0985576923076923 0.0625
0 0.43028846153846156 0.7139423076923077 0.0985576923076923 0.0673076923076923