0 0.4375 0.7355769230769231 0.27403846153846156 0.27884615384615385
0 0.33052884615384615 0.9194711538461539 0.25721153846153844 0.15384615384615385
0 0.18629807692307693 0.7824519230769231 0.19230769230769232 0.3701923076923077
0 0.3137019230769231 0.5120192307692307 0.3076923076923077 0.31009615384615385
0 0.18269230769230768 0.23557692307692307 0.18509615384615385 0.39903846153846156
0 0.33533653846153844 0.13701923076923078 0.28365384615384615 0.21634615384615385
0 0.4723557692307692 0.33533653846153844 0.25 0.2548076923076923
0 0.5685096153846154 0.5396634615384616 0.22596153846153846 0.22596153846153846
0 0.6742788461538461 0.6875 0.20673076923076922 0.20673076923076922
0 0.7403846153846154 0.8473557692307693 0.18509615384615385 0.19471153846153846
0 0.7872596153846154 0.6971153846153846 0.1346153846153846 0.16346153846153846
0 0.8329326923076923 0.5649038461538461 0.11057692307692307 0.15865384615384615
0 0.7896634615384616 0.4326923076923077 0.1201923076923077 0.16346153846153846
0 0.7235576923076923 0.5625 0.1346153846153846 0.18028846153846154
0 0.6670673076923077 0.41466346153846156 0.17548076923076922 0.21634615384615385
0 0.7271634615384616 0.3004807692307692 0.14903846153846154 0.17548076923076922
0 0.6009615384615384 0.20793269230769232 0.18028846153846154 0.2403846153846154
0 0.671875 0.1201923076923077 0.18509615384615385 0.18509615384615385
0 0.5084134615384616 0.07211538461538461 0.11538461538461539 0.09615384615384616