0 0.2512019230769231 0.8269230769230769 0.21394230769230768 0.3317307692307692
0 0.15384615384615385 0.8605769230769231 0.07451923076923077 0.2692307692307692
0 0.10576923076923077 0.8305288461538461 0.04326923076923077 0.3269230769230769
0 0.14423076923076922 0.5084134615384616 0.11538461538461539 0.4110576923076923
0 0.20072115384615385 0.20072115384615385 0.2283653846153846 0.39663461538461536
0 0.13221153846153846 0.31490384615384615 0.0985576923076923 0.23798076923076922
0 0.1875 0.28846153846153844 0.20192307692307693 0.23317307692307693
0 0.20432692307692307 0.1201923076923077 0.23557692307692307 0.23557692307692307
0 0.2848557692307692 0.1141826923076923 0.31009615384615385 0.22355769230769232
0 0.29447115384615385 0.039663461538461536 0.11298076923076923 0.07451923076923077
0 0.34615384615384615 0.013221153846153846 0.10096153846153846 0.021634615384615384
0 0.3557692307692308 0.6875 0.4326923076923077 0.6129807692307693
0 0.359375 0.9555288461538461 0.05048076923076923 0.07692307692307693
0 0.5036057692307693 0.6790865384615384 0.4375 0.6298076923076923
0 0.5612980769230769 0.5769230769230769 0.5432692307692307 0.8317307692307693
0 0.6670673076923077 0.5769230769230769 0.5120192307692307 0.8317307692307693
0 0.8449519230769231 0.6850961538461539 0.16346153846153846 0.27403846153846156
0 0.8365384615384616 0.9050480769230769 0.18028846153846154 0.1778846153846154
0 0.6358173076923077 0.31971153846153844 0.5793269230769231 0.6346153846153846
0 0.7487980769230769 0.27403846153846156 0.3485576923076923 0.25
0 0.6646634615384616 0.07932692307692307 0.5168269230769231 0.15384615384615385
0 0.8557692307692307 0.03365384615384615 0.1346153846153846 0.0625