0 0.8040865384615384 0.06490384615384616 0.22115384615384615 0.12980769230769232
0 0.796875 0.15865384615384615 0.21394230769230768 0.2860576923076923
0 0.640625 0.2091346153846154 0.10817307692307693 0.18269230769230768
0 0.859375 0.35216346153846156 0.2283653846153846 0.15625
0 0.8569711538461539 0.5192307692307693 0.28125 0.15865384615384615
0 0.7524038461538461 0.421875 0.09615384615384616 0.08173076923076923
0 0.7620192307692307 0.6105769230769231 0.2548076923076923 0.1778846153846154
0 0.8064903846153846 0.6959134615384616 0.08653846153846154 0.1778846153846154
0 0.7920673076923077 0.7716346153846154 0.21153846153846154 0.2644230769230769
0 0.7512019230769231 0.8173076923076923 0.13701923076923078 0.25961538461538464
0 0.7175480769230769 0.8413461538461539 0.20192307692307693 0.3076923076923077
0 0.41466346153846156 0.08653846153846154 0.5865384615384616 0.17307692307692307
0 0.37259615384615385 0.265625 0.7379807692307693 0.3389423076923077
0 0.43149038461538464 0.41346153846153844 0.6634615384615384 0.25961538461538464
0 0.36538461538461536 0.6262019230769231 0.7235576923076923 0.4567307692307692
0 0.39663461538461536 0.7980769230769231 0.6682692307692307 0.3942307692307692