0 0.08533653846153846 0.8605769230769231 0.15865384615384615 0.10336538461538461
0 0.10817307692307693 0.6899038461538461 0.1346153846153846 0.12259615384615384
0 0.23918269230769232 0.8076923076923077 0.15384615384615385 0.10576923076923077
0 0.12620192307692307 0.7908653846153846 0.1466346153846154 0.0985576923076923
0 0.2247596153846154 0.7043269230769231 0.11057692307692307 0.09615384615384616
0 0.31009615384615385 0.7019230769230769 0.10576923076923077 0.09134615384615384
0 0.36899038461538464 0.7295673076923077 0.12980769230769232 0.08653846153846154
0 0.4411057692307692 0.6935096153846154 0.06490384615384616 0.052884615384615384
0 0.40625 0.6502403846153846 0.1466346153846154 0.0889423076923077
0 0.49759615384615385 0.6262019230769231 0.08173076923076923 0.052884615384615384
0 0.5264423076923077 0.5576923076923077 0.09375 0.0673076923076923
0 0.43509615384615385 0.5949519230769231 0.10096153846153846 0.04807692307692308
0 0.3858173076923077 0.5408653846153846 0.13942307692307693 0.09615384615384616
0 0.25721153846153844 0.6177884615384616 0.1875 0.07692307692307693
0 0.1141826923076923 0.5600961538461539 0.16826923076923078 0.0985576923076923
0 0.265625 0.5444711538461539 0.1346153846153846 0.07451923076923077
0 0.2283653846153846 0.46274038461538464 0.11538461538461539 0.10096153846153846
0 0.3425480769230769 0.46634615384615385 0.12259615384615384 0.0889423076923077
0 0.49399038461538464 0.484375 0.07692307692307693 0.07692307692307693
0 0.43028846153846156 0.5012019230769231 0.08653846153846154 0.05048076923076923
0 0.43509615384615385 0.43028846153846156 0.11057692307692307 0.0985576923076923
0 0.45913461538461536 0.39302884615384615 0.06490384615384616 0.038461538461538464
0 0.35336538461538464 0.3701923076923077 0.11057692307692307 0.10096153846153846
0 0.3473557692307692 0.28725961538461536 0.11057692307692307 0.08653846153846154
0 0.27163461538461536 0.3004807692307692 0.1346153846153846 0.07211538461538461
0 0.234375 0.3737980769230769 0.13942307692307693 0.07451923076923077
0 0.10576923076923077 0.36538461538461536 0.13942307692307693 0.09134615384615384
0 0.10216346153846154 0.47115384615384615 0.1466346153846154 0.08653846153846154
0 0.1201923076923077 0.41466346153846156 0.11057692307692307 0.04807692307692308
0 0.09014423076923077 0.27884615384615385 0.15865384615384615 0.0889423076923077
0 0.24879807692307693 0.2247596153846154 0.11057692307692307 0.0889423076923077
0 0.15264423076923078 0.14423076923076922 0.12980769230769232 0.0985576923076923
0 0.11057692307692307 0.23076923076923078 0.15384615384615385 0.07451923076923077
0 0.20432692307692307 0.16826923076923078 0.057692307692307696 0.038461538461538464