0 0.5048076923076923 0.6730769230769231 0.8581730769230769 0.5745192307692307
0 0.6358173076923077 0.7091346153846154 0.2668269230769231 0.3605769230769231
0 0.4483173076923077 0.7487980769230769 0.25 0.27884615384615385
0 0.2848557692307692 0.7223557692307693 0.15144230769230768 0.22596153846153846
0 0.5132211538461539 0.3557692307692308 0.6875 0.47115384615384615
0 0.8293269230769231 0.9074519230769231 0.33653846153846156 0.18028846153846154
0 0.6153846153846154 0.9723557692307693 0.09615384615384616 0.05048076923076923
4 0.09615384615384616 0.3173076923076923 0.18269230769230768 0.5480769230769231
4 0.2247596153846154 0.1466346153846154 0.08413461538461539 0.23076923076923078
4 0.6346153846153846 0.06850961538461539 0.7259615384615384 0.13221153846153846
4 0.9579326923076923 0.4855769230769231 0.07932692307692307 0.7067307692307693
4 0.8846153846153846 0.25961538461538464 0.08173076923076923 0.27884615384615385
4 0.8329326923076923 0.20432692307692307 0.038461538461538464 0.16826923076923078
4 0.7872596153846154 0.16466346153846154 0.0625 0.0889423076923077
4 0.7307692307692307 0.13942307692307693 0.057692307692307696 0.038461538461538464