0 0.5877403846153846 0.5168269230769231 0.5841346153846154 0.41346153846153844
0 0.7872596153846154 0.7487980769230769 0.2620192307692308 0.1971153846153846
0 0.5661057692307693 0.71875 0.21153846153846154 0.4182692307692308
0 0.4567307692307692 0.6514423076923077 0.04807692307692308 0.3269230769230769
0 0.39663461538461536 0.6490384615384616 0.09134615384615384 0.4182692307692308
0 0.7536057692307693 0.49759615384615385 0.3605769230769231 0.16826923076923078
0 0.48677884615384615 0.33653846153846156 0.9519230769230769 0.22115384615384615
4 0.1778846153846154 0.7235576923076923 0.35096153846153844 0.5480769230769231
4 0.4266826923076923 0.9266826923076923 0.12980769230769232 0.13942307692307693
4 0.7427884615384616 0.9603365384615384 0.5024038461538461 0.07451923076923077
4 0.8305288461538461 0.8834134615384616 0.3269230769230769 0.0889423076923077
4 0.9591346153846154 0.6550480769230769 0.07211538461538461 0.3701923076923077
4 0.8774038461538461 0.6129807692307693 0.09134615384615384 0.052884615384615384
4 0.8990384615384616 0.6850961538461539 0.038461538461538464 0.07692307692307693
4 0.8689903846153846 0.4014423076923077 0.25 0.07692307692307693
4 0.671875 0.40384615384615385 0.15384615384615385 0.036057692307692304
4 0.9723557692307693 0.23076923076923078 0.04326923076923077 0.2644230769230769
4 0.47716346153846156 0.11298076923076923 0.9495192307692307 0.22596153846153846