0 0.6610576923076923 0.25240384615384615 0.3173076923076923 0.21394230769230768
0 0.5985576923076923 0.09375 0.21153846153846154 0.11538461538461539
0 0.4699519230769231 0.07091346153846154 0.17307692307692307 0.1346153846153846
0 0.6262019230769231 0.038461538461538464 0.11538461538461539 0.0673076923076923
0 0.7956730769230769 0.18269230769230768 0.13701923076923078 0.07692307692307693
0 0.7728365384615384 0.1310096153846154 0.13701923076923078 0.06490384615384616
0 0.9387019230769231 0.20432692307692307 0.11778846153846154 0.11538461538461539
0 0.9038461538461539 0.2824519230769231 0.16826923076923078 0.08653846153846154
0 0.9098557692307693 0.3605769230769231 0.15865384615384615 0.09615384615384616
0 0.9338942307692307 0.5673076923076923 0.12980769230769232 0.19230769230769232
0 0.9435096153846154 0.45913461538461536 0.10817307692307693 0.10576923076923077
0 0.3004807692307692 0.16826923076923078 0.44711538461538464 0.20673076923076922
0 0.171875 0.49038461538461536 0.27884615384615385 0.22115384615384615
0 0.3173076923076923 0.37740384615384615 0.17307692307692307 0.04326923076923077
0 0.24278846153846154 0.32091346153846156 0.18028846153846154 0.10576923076923077
0 0.15264423076923078 0.2860576923076923 0.14182692307692307 0.12259615384615384
0 0.09254807692307693 0.28966346153846156 0.17307692307692307 0.21634615384615385
0 0.07932692307692307 0.17067307692307693 0.125 0.07932692307692307
0 0.4074519230769231 0.4182692307692308 0.21153846153846154 0.10576923076923077
0 0.5841346153846154 0.36177884615384615 0.27403846153846156 0.10817307692307693
0 0.7127403846153846 0.3786057692307692 0.19230769230769232 0.0673076923076923
0 0.7788461538461539 0.6213942307692307 0.24519230769230768 0.17067307692307693
0 0.8365384615384616 0.5180288461538461 0.21875 0.17307692307692307
0 0.6334134615384616 0.4675480769230769 0.20673076923076922 0.12259615384615384
0 0.4375 0.5252403846153846 0.35096153846153844 0.12259615384615384
0 0.34134615384615385 0.5276442307692307 0.22355769230769232 0.0673076923076923
0 0.3112980769230769 0.6310096153846154 0.4375 0.1466346153846154
0 0.2920673076923077 0.6742788461538461 0.34375 0.16105769230769232
0 0.234375 0.7103365384615384 0.11057692307692307 0.10096153846153846
0 0.14423076923076922 0.7716346153846154 0.10336538461538461 0.10096153846153846
0 0.12860576923076922 0.6959134615384616 0.09134615384615384 0.06490384615384616
0 0.0733173076923077 0.6322115384615384 0.13701923076923078 0.0673076923076923
0 0.06009615384615385 0.7295673076923077 0.11057692307692307 0.15625
0 0.2956730769230769 0.8713942307692307 0.1875 0.1346153846153846
0 0.2127403846153846 0.9170673076923077 0.15384615384615385 0.1466346153846154
0 0.054086538461538464 0.8545673076923077 0.0985576923076923 0.10096153846153846
0 0.5024038461538461 0.8137019230769231 0.27403846153846156 0.18509615384615385
0 0.671875 0.8064903846153846 0.16346153846153846 0.1778846153846154
0 0.8461538461538461 0.9206730769230769 0.3076923076923077 0.15384615384615385
0 0.9338942307692307 0.8149038461538461 0.12980769230769232 0.12259615384615384
0 0.8221153846153846 0.7572115384615384 0.10336538461538461 0.14423076923076922
0 0.7403846153846154 0.7367788461538461 0.07211538461538461 0.08173076923076923
0 0.054086538461538464 0.47836538461538464 0.0985576923076923 0.15384615384615385
0 0.9122596153846154 0.7079326923076923 0.16346153846153846 0.11778846153846154