0 0.109375 0.5817307692307693 0.2091346153846154 0.13942307692307693
0 0.04807692307692308 0.4411057692307692 0.08653846153846154 0.13942307692307693
0 0.2403846153846154 0.3088942307692308 0.40625 0.27163461538461536
0 0.03245192307692308 0.22596153846153846 0.052884615384615384 0.15384615384615385
0 0.11177884615384616 0.2283653846153846 0.21394230769230768 0.24759615384615385
0 0.17668269230769232 0.10697115384615384 0.31009615384615385 0.1778846153846154
0 0.4807692307692308 0.15745192307692307 0.38461538461538464 0.2932692307692308
0 0.5913461538461539 0.0733173076923077 0.7019230769230769 0.14182692307692307
0 0.8221153846153846 0.20192307692307693 0.35096153846153844 0.27403846153846156
0 0.7007211538461539 0.33653846153846156 0.46153846153846156 0.28846153846153844
0 0.515625 0.5372596153846154 0.34615384615384615 0.25961538461538464
0 0.28365384615384615 0.5444711538461539 0.13942307692307693 0.14903846153846154
0 0.19831730769230768 0.4699519230769231 0.20192307692307693 0.08173076923076923
0 0.7091346153846154 0.4891826923076923 0.14423076923076922 0.1346153846153846
0 0.8810096153846154 0.47596153846153844 0.23317307692307693 0.38461538461538464
0 0.7632211538461539 0.7223557692307693 0.46875 0.23317307692307693
0 0.9651442307692307 0.8605769230769231 0.04807692307692308 0.040865384615384616
0 0.6706730769230769 0.7836538461538461 0.04807692307692308 0.026442307692307692
0 0.5432692307692307 0.7716346153846154 0.04807692307692308 0.026442307692307692
0 0.5192307692307693 0.6742788461538461 0.04326923076923077 0.028846153846153848
0 0.3954326923076923 0.6923076923076923 0.04326923076923077 0.021634615384615384
0 0.25961538461538464 0.7680288461538461 0.038461538461538464 0.040865384615384616
0 0.3557692307692308 0.7740384615384616 0.04807692307692308 0.038461538461538464
0 0.3161057692307692 0.8425480769230769 0.03365384615384615 0.026442307692307692
0 0.23557692307692307 0.8521634615384616 0.04326923076923077 0.021634615384615384
0 0.04807692307692308 0.9074519230769231 0.04326923076923077 0.028846153846153848
0 0.37740384615384615 0.8112980769230769 0.04807692307692308 0.028846153846153848
0 0.3954326923076923 0.7740384615384616 0.04326923076923077 0.028846153846153848
0 0.4543269230769231 0.7740384615384616 0.03365384615384615 0.021634615384615384
0 0.4519230769230769 0.7920673076923077 0.038461538461538464 0.014423076923076924