0 0.43509615384615385 0.6610576923076923 0.3317307692307692 0.15384615384615385
0 0.421875 0.5901442307692307 0.15384615384615385 0.0673076923076923
0 0.3557692307692308 0.5492788461538461 0.18269230769230768 0.14903846153846154
0 0.3858173076923077 0.4807692307692308 0.30528846153846156 0.28365384615384615
0 0.48677884615384615 0.5084134615384616 0.24759615384615385 0.3173076923076923
0 0.5745192307692307 0.5576923076923077 0.33413461538461536 0.35096153846153844
0 0.49038461538461536 0.4266826923076923 0.23317307692307693 0.21875
0 0.5060096153846154 0.3004807692307692 0.057692307692307696 0.12980769230769232
0 0.6165865384615384 0.42908653846153844 0.23076923076923078 0.39903846153846156
0 0.6418269230769231 0.2980769230769231 0.17067307692307693 0.3894230769230769
0 0.7067307692307693 0.34375 0.11298076923076923 0.3269230769230769
0 0.6706730769230769 0.15264423076923078 0.04807692307692308 0.07692307692307693
0 0.7620192307692307 0.3557692307692308 0.16346153846153846 0.3942307692307692
0 0.7872596153846154 0.28365384615384615 0.1778846153846154 0.3605769230769231
0 0.7524038461538461 0.8798076923076923 0.47115384615384615 0.23076923076923078
0 0.8677884615384616 0.7764423076923077 0.25 0.3942307692307692
0 0.8413461538461539 0.6177884615384616 0.3076923076923077 0.25240384615384615
0 0.9002403846153846 0.5961538461538461 0.1201923076923077 0.27403846153846156