0 0.35096153846153844 0.8016826923076923 0.12980769230769232 0.18028846153846154
0 0.3088942307692308 0.9507211538461539 0.06971153846153846 0.08653846153846154
0 0.171875 0.6983173076923077 0.07211538461538461 0.0673076923076923
0 0.16466346153846154 0.5745192307692307 0.1658653846153846 0.20192307692307693
0 0.06370192307692307 0.45072115384615385 0.1201923076923077 0.23076923076923078
0 0.0829326923076923 0.24519230769230768 0.15865384615384615 0.21153846153846154
0 0.19471153846153846 0.36899038461538464 0.15865384615384615 0.20192307692307693
0 0.19110576923076922 0.15985576923076922 0.1658653846153846 0.20673076923076922
0 0.4495192307692308 0.7115384615384616 0.1201923076923077 0.16346153846153846
0 0.34975961538461536 0.25240384615384615 0.14903846153846154 0.1971153846153846
0 0.3016826923076923 0.078125 0.1658653846153846 0.15625
0 0.45552884615384615 0.1310096153846154 0.15384615384615385 0.18028846153846154
0 0.4807692307692308 0.27283653846153844 0.1201923076923077 0.1346153846153846
0 0.4206730769230769 0.02403846153846154 0.125 0.04807692307692308
0 0.5252403846153846 0.046875 0.08653846153846154 0.09134615384615384
0 0.5769230769230769 0.15985576923076922 0.12740384615384615 0.17548076923076922
0 0.5793269230769231 0.2548076923076923 0.07692307692307693 0.057692307692307696
0 0.5540865384615384 0.3581730769230769 0.12740384615384615 0.14903846153846154
0 0.5901442307692307 0.5048076923076923 0.11538461538461539 0.14423076923076922
0 0.6754807692307693 0.5540865384615384 0.09134615384615384 0.10817307692307693
0 0.7067307692307693 0.5132211538461539 0.10817307692307693 0.15865384615384615
0 0.7331730769230769 0.4098557692307692 0.10817307692307693 0.13942307692307693
0 0.8064903846153846 0.484375 0.09134615384615384 0.1346153846153846
0 0.640625 0.4026442307692308 0.09134615384615384 0.09134615384615384
0 0.6622596153846154 0.27884615384615385 0.11057692307692307 0.15384615384615385
0 0.7487980769230769 0.25 0.10096153846153846 0.13942307692307693
0 0.703125 0.10576923076923077 0.10817307692307693 0.18028846153846154
0 0.6298076923076923 0.051682692307692304 0.125 0.10336538461538461
1 0.13701923076923078 0.8653846153846154 0.2668269230769231 0.25721153846153844
1 0.06971153846153846 0.7067307692307693 0.12980769230769232 0.07211538461538461
1 0.038461538461538464 0.6189903846153846 0.06971153846153846 0.10336538461538461
1 0.7536057692307693 0.8040865384615384 0.4879807692307692 0.38221153846153844
1 0.3858173076923077 0.5336538461538461 0.2860576923076923 0.19230769230769232
1 0.38221153846153844 0.3942307692307692 0.21634615384615385 0.09615384615384616
1 0.3088942307692308 0.6754807692307693 0.16346153846153846 0.08173076923076923
1 0.2512019230769231 0.8064903846153846 0.08653846153846154 0.28365384615384615
1 0.42427884615384615 0.9435096153846154 0.16346153846153846 0.10336538461538461
1 0.46274038461538464 0.8425480769230769 0.10096153846153846 0.09615384615384616
1 0.5793269230769231 0.5973557692307693 0.10096153846153846 0.040865384615384616
1 0.9254807692307693 0.5420673076923077 0.14423076923076922 0.1466346153846154
1 0.8028846153846154 0.5793269230769231 0.10096153846153846 0.0673076923076923
1 0.7451923076923077 0.5949519230769231 0.02403846153846154 0.02403846153846154
1 0.9254807692307693 0.23076923076923078 0.14423076923076922 0.46153846153846156
1 0.8028846153846154 0.08774038461538461 0.10096153846153846 0.17548076923076922
1 0.7295673076923077 0.010817307692307692 0.0625 0.019230769230769232
1 0.8245192307692307 0.29927884615384615 0.05048076923076923 0.23557692307692307
1 0.7860576923076923 0.3425480769230769 0.019230769230769232 0.04807692307692308