0 0.6310096153846154 0.23317307692307693 0.6923076923076923 0.22596153846153846
0 0.328125 0.19591346153846154 0.4807692307692308 0.38461538461538464
0 0.6394230769230769 0.33052884615384615 0.6875 0.12980769230769232
0 0.6201923076923077 0.39302884615384615 0.6730769230769231 0.13942307692307693
0 0.48677884615384615 0.4723557692307692 0.3942307692307692 0.13942307692307693
0 0.5360576923076923 0.4326923076923077 0.45913461538461536 0.08173076923076923
0 0.7680288461538461 0.5168269230769231 0.39903846153846156 0.21875
0 0.7211538461538461 0.6177884615384616 0.45913461538461536 0.23317307692307693
0 0.65625 0.7271634615384616 0.5144230769230769 0.2764423076923077
0 0.5985576923076923 0.8377403846153846 0.49759615384615385 0.21634615384615385
0 0.5588942307692307 0.8762019230769231 0.5168269230769231 0.24278846153846154
0 0.35216346153846156 0.9074519230769231 0.23798076923076922 0.18028846153846154
0 0.27403846153846156 0.9134615384615384 0.14423076923076922 0.16826923076923078
0 0.2920673076923077 0.6021634615384616 0.5408653846153846 0.4110576923076923