0 0.640625 0.7632211538461539 0.18509615384615385 0.1971153846153846
0 0.4735576923076923 0.8365384615384616 0.18269230769230768 0.18028846153846154
0 0.3701923076923077 0.6610576923076923 0.20673076923076922 0.22596153846153846
0 0.5240384615384616 0.71875 0.09134615384615384 0.11057692307692307
0 0.5492788461538461 0.5673076923076923 0.2283653846153846 0.19230769230769232
0 0.49399038461538464 0.47475961538461536 0.18509615384615385 0.1658653846153846
0 0.6875 0.4170673076923077 0.22115384615384615 0.22596153846153846
0 0.6442307692307693 0.17307692307692307 0.19230769230769232 0.22596153846153846
0 0.5 0.3112980769230769 0.15384615384615385 0.14423076923076922
0 0.3942307692307692 0.35216346153846156 0.20192307692307693 0.20673076923076922
0 0.3233173076923077 0.1935096153846154 0.16346153846153846 0.20192307692307693
0 0.4891826923076923 0.16346153846153846 0.1778846153846154 0.17067307692307693
0 0.44350961538461536 0.06971153846153846 0.22355769230769232 0.13942307692307693