0 0.6935096153846154 0.14783653846153846 0.44471153846153844 0.28365384615384615
0 0.5360576923076923 0.27403846153846156 0.028846153846153848 0.06971153846153846
0 0.5252403846153846 0.22596153846153846 0.03125 0.05048076923076923
0 0.06971153846153846 0.06610576923076923 0.10576923076923077 0.1201923076923077
0 0.06009615384615385 0.13822115384615385 0.06971153846153846 0.11298076923076923
0 0.015625 0.15745192307692307 0.026442307692307692 0.11298076923076923
0 0.17668269230769232 0.05048076923076923 0.11298076923076923 0.0889423076923077
0 0.265625 0.09375 0.07932692307692307 0.1778846153846154
0 0.23918269230769232 0.3173076923076923 0.13942307692307693 0.32211538461538464
0 0.14423076923076922 0.24519230769230768 0.13221153846153846 0.3269230769230769
0 0.042067307692307696 0.21995192307692307 0.04807692307692308 0.08653846153846154
0 0.09375 0.8762019230769231 0.18269230769230768 0.24278846153846154
0 0.13341346153846154 0.8425480769230769 0.04807692307692308 0.13942307692307693
0 0.09615384615384616 0.7956730769230769 0.040865384615384616 0.08173076923076923
0 0.021634615384615384 0.6923076923076923 0.038461538461538464 0.23798076923076922
0 0.020432692307692308 0.6670673076923077 0.028846153846153848 0.1875
0 0.03245192307692308 0.6322115384615384 0.028846153846153848 0.10576923076923077
0 0.04927884615384615 0.7331730769230769 0.028846153846153848 0.09375
0 0.10096153846153846 0.7259615384615384 0.057692307692307696 0.1201923076923077
0 0.07091346153846154 0.6730769230769231 0.040865384615384616 0.10096153846153846
0 0.11899038461538461 0.5817307692307693 0.15144230769230768 0.3076923076923077
0 0.16346153846153846 0.44711538461538464 0.04567307692307692 0.07692307692307693
0 0.13221153846153846 0.41466346153846156 0.057692307692307696 0.08653846153846154
0 0.09254807692307693 0.3870192307692308 0.03365384615384615 0.06971153846153846
0 0.09014423076923077 0.31490384615384615 0.04807692307692308 0.10096153846153846
0 0.06490384615384616 0.25841346153846156 0.036057692307692304 0.10096153846153846
0 0.03485576923076923 0.3112980769230769 0.038461538461538464 0.06971153846153846
0 0.028846153846153848 0.3737980769230769 0.05048076923076923 0.06971153846153846
0 0.057692307692307696 0.40865384615384615 0.036057692307692304 0.11298076923076923
0 0.021634615384615384 0.47475961538461536 0.038461538461538464 0.15865384615384615
0 0.2512019230769231 0.8004807692307693 0.13221153846153846 0.3942307692307692
0 0.23557692307692307 0.7848557692307693 0.21634615384615385 0.4254807692307692
0 0.22956730769230768 0.5252403846153846 0.08173076923076923 0.17067307692307693
0 0.39783653846153844 0.5348557692307693 0.25 0.49038461538461536
0 0.4579326923076923 0.32091346153846156 0.12259615384615384 0.25
0 0.42908653846153844 0.16706730769230768 0.10336538461538461 0.20673076923076922
0 0.44471153846153844 0.03485576923076923 0.09615384615384616 0.057692307692307696
0 0.3581730769230769 0.11658653846153846 0.10817307692307693 0.22115384615384615
0 0.34375 0.21995192307692307 0.07211538461538461 0.20192307692307693
0 0.4483173076923077 0.9230769230769231 0.13221153846153846 0.14903846153846154
0 0.36778846153846156 0.9326923076923077 0.0625 0.12980769230769232
0 0.36778846153846156 0.8076923076923077 0.1201923076923077 0.13221153846153846
0 0.3713942307692308 0.7956730769230769 0.038461538461538464 0.057692307692307696
0 0.6706730769230769 0.8942307692307693 0.17307692307692307 0.20673076923076922
0 0.5733173076923077 0.7175480769230769 0.16826923076923078 0.25
0 0.6213942307692307 0.5288461538461539 0.23557692307692307 0.5673076923076923
0 0.4951923076923077 0.7896634615384616 0.06009615384615385 0.1201923076923077
0 0.4483173076923077 0.7487980769230769 0.052884615384615384 0.125
0 0.49038461538461536 0.6887019230769231 0.038461538461538464 0.09375
0 0.5492788461538461 0.8713942307692307 0.052884615384615384 0.10576923076923077
0 0.5733173076923077 0.9146634615384616 0.04807692307692308 0.10576923076923077
0 0.5360576923076923 0.9603365384615384 0.0673076923076923 0.07451923076923077
0 0.4951923076923077 0.9086538461538461 0.052884615384615384 0.1201923076923077
0 0.4699519230769231 0.9579326923076923 0.05048076923076923 0.07932692307692307
0 0.4338942307692308 0.8834134615384616 0.038461538461538464 0.09375
0 0.46033653846153844 0.8557692307692307 0.040865384615384616 0.11298076923076923
0 0.6322115384615384 0.47115384615384615 0.16826923076923078 0.37740384615384615
0 0.703125 0.3173076923076923 0.03365384615384615 0.04326923076923077
0 0.7103365384615384 0.5913461538461539 0.0625 0.16346153846153846
0 0.78125 0.5564903846153846 0.07692307692307693 0.15865384615384615
0 0.8209134615384616 0.6826923076923077 0.07692307692307693 0.15865384615384615
0 0.7512019230769231 0.6983173076923077 0.07692307692307693 0.125
0 0.7896634615384616 0.8233173076923077 0.07692307692307693 0.13942307692307693
0 0.8617788461538461 0.8052884615384616 0.07692307692307693 0.16346153846153846
0 0.8269230769230769 0.9350961538461539 0.07692307692307693 0.125
0 0.7896634615384616 0.9435096153846154 0.02403846153846154 0.0625
0 0.8016826923076923 0.9927884615384616 0.03125 0.009615384615384616
0 0.7259615384615384 0.7415865384615384 0.019230769230769232 0.0625
0 0.7079326923076923 0.7007211538461539 0.02403846153846154 0.057692307692307696
0 0.7560096153846154 0.41466346153846156 0.09134615384615384 0.13942307692307693
0 0.796875 0.31490384615384615 0.15865384615384615 0.10096153846153846
0 0.8173076923076923 0.4375 0.05048076923076923 0.09375
0 0.8401442307692307 0.5060096153846154 0.03125 0.06971153846153846
0 0.8317307692307693 0.5721153846153846 0.021634615384615384 0.05048076923076923
0 0.8581730769230769 0.5625 0.02403846153846154 0.04326923076923077
0 0.8882211538461539 0.6418269230769231 0.07211538461538461 0.16346153846153846
0 0.9242788461538461 0.7259615384615384 0.03125 0.08173076923076923
0 0.9182692307692307 0.7956730769230769 0.038461538461538464 0.057692307692307696
0 0.8822115384615384 0.9146634615384616 0.028846153846153848 0.057692307692307696
0 0.9302884615384616 0.8737980769230769 0.05048076923076923 0.10096153846153846
0 0.9603365384615384 0.9627403846153846 0.03365384615384615 0.0625