0 0.8605769230769231 0.0673076923076923 0.2692307692307692 0.12740384615384615
0 0.6911057692307693 0.09134615384615384 0.4519230769230769 0.17307692307692307
0 0.6911057692307693 0.12740384615384615 0.4519230769230769 0.24759615384615385
0 0.9507211538461539 0.15985576923076922 0.08653846153846154 0.10096153846153846
0 0.3581730769230769 0.028846153846153848 0.25721153846153844 0.05048076923076923
0 0.33653846153846156 0.1658653846153846 0.37740384615384615 0.24519230769230768
0 0.5216346153846154 0.3004807692307692 0.28846153846153844 0.19951923076923078
0 0.8257211538461539 0.30528846153846156 0.3389423076923077 0.21875
0 0.8004807692307693 0.4795673076923077 0.3894230769230769 0.24759615384615385
0 0.9675480769230769 0.5853365384615384 0.052884615384615384 0.16826923076923078
0 0.7956730769230769 0.7295673076923077 0.39903846153846156 0.2644230769230769
0 0.9338942307692307 0.8990384615384616 0.12259615384615384 0.1971153846153846
0 0.7463942307692307 0.921875 0.3245192307692308 0.15144230769230768
0 0.5204326923076923 0.8822115384615384 0.40625 0.23076923076923078
0 0.4423076923076923 0.609375 0.41586538461538464 0.25961538461538464
0 0.48677884615384615 0.7584134615384616 0.25 0.0673076923076923
0 0.4182692307692308 0.36778846153846156 0.3894230769230769 0.3125
0 0.16947115384615385 0.33052884615384615 0.3389423076923077 0.22596153846153846
0 0.18269230769230768 0.5673076923076923 0.27884615384615385 0.2403846153846154
0 0.18269230769230768 0.8052884615384616 0.3557692307692308 0.25240384615384615
0 0.18629807692307693 0.9002403846153846 0.27403846153846156 0.11298076923076923
0 0.33774038461538464 0.9699519230769231 0.16105769230769232 0.055288461538461536
0 0.140625 0.9747596153846154 0.28125 0.04567307692307692
1 0.07932692307692307 0.1141826923076923 0.15865384615384615 0.22115384615384615
1 0.027644230769230768 0.5540865384615384 0.052884615384615384 0.2644230769230769
1 0.04927884615384615 0.6838942307692307 0.0985576923076923 0.0889423076923077
1 0.025240384615384616 0.921875 0.05048076923076923 0.07932692307692307