0 0.8221153846153846 0.30528846153846156 0.2668269230769231 0.44471153846153844
0 0.8617788461538461 0.5432692307692307 0.06490384615384616 0.03125
0 0.9290865384615384 0.5528846153846154 0.038461538461538464 0.03365384615384615
0 0.7536057692307693 0.5528846153846154 0.038461538461538464 0.03365384615384615
0 0.9122596153846154 0.6274038461538461 0.02403846153846154 0.03365384615384615
0 0.9375 0.6274038461538461 0.03365384615384615 0.03365384615384615
0 0.9194711538461539 0.6754807692307693 0.06009615384615385 0.03365384615384615
0 0.9122596153846154 0.7103365384615384 0.04567307692307692 0.03365384615384615
0 0.8918269230769231 0.7992788461538461 0.04567307692307692 0.03125
0 0.7307692307692307 0.7752403846153846 0.03365384615384615 0.02403846153846154
0 0.7560096153846154 0.8185096153846154 0.04567307692307692 0.03125
0 0.7307692307692307 0.6935096153846154 0.014423076923076924 0.02403846153846154
0 0.7163461538461539 0.6730769230769231 0.014423076923076924 0.014423076923076924
0 0.7764423076923077 0.6550480769230769 0.02403846153846154 0.03365384615384615
0 0.6358173076923077 0.8954326923076923 0.2980769230769231 0.20192307692307693
0 0.703125 0.9326923076923077 0.019230769230769232 0.04807692307692308
0 0.39903846153846156 0.9266826923076923 0.1971153846153846 0.13942307692307693
0 0.27163461538461536 0.9375 0.11057692307692307 0.11778846153846154
0 0.13581730769230768 0.9134615384615384 0.17067307692307693 0.1346153846153846
0 0.04807692307692308 0.7776442307692307 0.09615384615384616 0.2091346153846154
0 0.23076923076923078 0.7307692307692307 0.38221153846153844 0.34134615384615385
0 0.4543269230769231 0.7848557692307693 0.11538461538461539 0.16105769230769232
0 0.49278846153846156 0.7163461538461539 0.10096153846153846 0.10096153846153846
0 0.6033653846153846 0.7379807692307693 0.13942307692307693 0.0985576923076923
0 0.5480769230769231 0.5456730769230769 0.3605769230769231 0.2956730769230769
0 0.5024038461538461 0.17307692307692307 0.6634615384615384 0.34134615384615385
0 0.13822115384615385 0.052884615384615384 0.14423076923076922 0.08173076923076923
0 0.13341346153846154 0.234375 0.2668269230769231 0.3173076923076923
0 0.12379807692307693 0.5180288461538461 0.24759615384615385 0.31490384615384615
0 0.296875 0.36658653846153844 0.4423076923076923 0.3605769230769231
0 0.5 0.3762019230769231 0.1971153846153846 0.11538461538461539