0 0.4891826923076923 0.6887019230769231 0.25240384615384615 0.3269230769230769
0 0.5889423076923077 0.5901442307692307 0.18269230769230768 0.28365384615384615
0 0.5252403846153846 0.4338942307692308 0.15625 0.23557692307692307
0 0.39783653846153844 0.2920673076923077 0.14182692307692307 0.15865384615384615
0 0.41947115384615385 0.1935096153846154 0.28125 0.32211538461538464
0 0.3293269230769231 0.6862980769230769 0.23076923076923078 0.23557692307692307
0 0.3581730769230769 0.5132211538461539 0.052884615384615384 0.11057692307692307
0 0.4050480769230769 0.47836538461538464 0.04807692307692308 0.08173076923076923
0 0.5108173076923077 0.19951923076923078 0.20673076923076922 0.25721153846153844
0 0.5324519230769231 0.16706730769230768 0.15625 0.21153846153846154
0 0.5576923076923077 0.12620192307692307 0.14903846153846154 0.2403846153846154
0 0.5805288461538461 0.10336538461538461 0.12740384615384615 0.1971153846153846
0 0.5685096153846154 0.02403846153846154 0.038461538461538464 0.038461538461538464
0 0.6418269230769231 0.0985576923076923 0.04807692307692308 0.07692307692307693
0 0.6442307692307693 0.030048076923076924 0.05048076923076923 0.04807692307692308
0 0.6850961538461539 0.06009615384615385 0.04807692307692308 0.07692307692307693
0 0.6983173076923077 0.1201923076923077 0.057692307692307696 0.07692307692307693
0 0.6550480769230769 0.15865384615384615 0.04326923076923077 0.0673076923076923
0 0.765625 0.09254807692307693 0.0625 0.07692307692307693
0 0.7403846153846154 0.038461538461538464 0.052884615384615384 0.0673076923076923
0 0.8040865384615384 0.046875 0.06490384615384616 0.08173076923076923
0 0.8725961538461539 0.12259615384615384 0.08173076923076923 0.18028846153846154
0 0.875 0.013221153846153846 0.07692307692307693 0.016826923076923076
0 0.9459134615384616 0.09254807692307693 0.10336538461538461 0.17548076923076922
0 0.40384615384615385 0.8365384615384616 0.057692307692307696 0.0673076923076923
0 0.46875 0.8605769230769231 0.04326923076923077 0.08173076923076923
0 0.4387019230769231 0.9038461538461539 0.04807692307692308 0.08173076923076923
0 0.3894230769230769 0.96875 0.052884615384615384 0.057692307692307696
0 0.44591346153846156 0.9723557692307693 0.038461538461538464 0.052884615384615384
0 0.47596153846153844 0.9459134615384616 0.028846153846153848 0.07692307692307693
0 0.7584134615384616 0.7295673076923077 0.28846153846153844 0.37740384615384615
0 0.7584134615384616 0.34134615384615385 0.28846153846153844 0.4206730769230769
0 0.9435096153846154 0.27163461538461536 0.10817307692307693 0.25
0 0.9495192307692307 0.5889423076923077 0.09615384615384616 0.3701923076923077
0 0.8810096153846154 0.8834134615384616 0.23317307692307693 0.2283653846153846
0 0.6286057692307693 0.9050480769230769 0.2860576923076923 0.18509615384615385