0 0.296875 0.20192307692307693 0.17067307692307693 0.12740384615384615
0 0.3737980769230769 0.30408653846153844 0.15865384615384615 0.12259615384615384
0 0.4206730769230769 0.4423076923076923 0.15865384615384615 0.10817307692307693
0 0.4483173076923077 0.5552884615384616 0.125 0.09615384615384616
0 0.4639423076923077 0.65625 0.14423076923076922 0.10336538461538461
0 0.4891826923076923 0.7536057692307693 0.14423076923076922 0.10817307692307693
0 0.5132211538461539 0.8497596153846154 0.14903846153846154 0.10096153846153846
0 0.6081730769230769 0.8629807692307693 0.09134615384615384 0.11057692307692307
0 0.6887019230769231 0.8209134615384616 0.1201923076923077 0.08173076923076923
0 0.6850961538461539 0.7475961538461539 0.1346153846153846 0.09615384615384616
0 0.6286057692307693 0.6574519230769231 0.14423076923076922 0.11538461538461539
0 0.6105769230769231 0.5733173076923077 0.13942307692307693 0.10096153846153846
0 0.5877403846153846 0.47115384615384615 0.1346153846153846 0.12740384615384615
0 0.5360576923076923 0.359375 0.125 0.10336538461538461
0 0.4795673076923077 0.24278846153846154 0.14423076923076922 0.10096153846153846
0 0.44591346153846156 0.16346153846153846 0.036057692307692304 0.03365384615384615
0 0.4326923076923077 0.12259615384615384 0.052884615384615384 0.038461538461538464
0 0.4206730769230769 0.0985576923076923 0.057692307692307696 0.057692307692307696
0 0.4074519230769231 0.06009615384615385 0.052884615384615384 0.04326923076923077
0 0.9507211538461539 0.28846153846153844 0.04807692307692308 0.04567307692307692
0 0.9254807692307693 0.22355769230769232 0.04807692307692308 0.038461538461538464
0 0.765625 0.19471153846153846 0.057692307692307696 0.05048076923076923
0 0.04927884615384615 0.21514423076923078 0.04807692307692308 0.038461538461538464
0 0.038461538461538464 0.17307692307692307 0.04807692307692308 0.04567307692307692
0 0.09495192307692307 0.10817307692307693 0.036057692307692304 0.02403846153846154
0 0.010817307692307692 0.27283653846153844 0.019230769230769232 0.03125
0 0.3173076923076923 0.6442307692307693 0.0673076923076923 0.08173076923076923
0 0.3942307692307692 0.6850961538461539 0.0673076923076923 0.09134615384615384
0 0.9711538461538461 0.5793269230769231 0.04807692307692308 0.057692307692307696