0 0.9435096153846154 0.8545673076923077 0.08173076923076923 0.09134615384615384
0 0.9747596153846154 0.8064903846153846 0.04567307692307692 0.12259615384615384
0 0.9627403846153846 0.7439903846153846 0.052884615384615384 0.0625
0 0.8701923076923077 0.6742788461538461 0.16346153846153846 0.11298076923076923
0 0.859375 0.7295673076923077 0.15144230769230768 0.09134615384615384
0 0.8786057692307693 0.7788461538461539 0.1346153846153846 0.052884615384615384
0 0.8461538461538461 0.8185096153846154 0.15625 0.08413461538461539
0 0.8377403846153846 0.9098557692307693 0.13942307692307693 0.12980769230769232
0 0.8942307692307693 0.9435096153846154 0.10096153846153846 0.09134615384615384
0 0.8269230769230769 0.9783653846153846 0.11057692307692307 0.038461538461538464
0 0.9663461538461539 0.921875 0.0625 0.12740384615384615
0 0.9326923076923077 0.25600961538461536 0.11298076923076923 0.1346153846153846
0 0.9194711538461539 0.14543269230769232 0.04326923076923077 0.040865384615384616
0 0.9242788461538461 0.12139423076923077 0.052884615384615384 0.04326923076923077
0 0.8834134615384616 0.14182692307692307 0.04807692307692308 0.03365384615384615
0 0.9086538461538461 0.1778846153846154 0.052884615384615384 0.03365384615384615
0 0.8701923076923077 0.17307692307692307 0.03365384615384615 0.028846153846153848
0 0.8894230769230769 0.21153846153846154 0.026442307692307692 0.02403846153846154
0 0.8569711538461539 0.1935096153846154 0.026442307692307692 0.02403846153846154
0 0.859375 0.04447115384615385 0.09615384615384616 0.08173076923076923
0 0.7355769230769231 0.09014423076923077 0.20673076923076922 0.1658653846153846
0 0.6646634615384616 0.07211538461538461 0.18269230769230768 0.1346153846153846
0 0.5805288461538461 0.028846153846153848 0.08173076923076923 0.052884615384615384
0 0.4519230769230769 0.08052884615384616 0.23076923076923078 0.15384615384615385
0 0.515625 0.16346153846153846 0.23076923076923078 0.14423076923076922
0 0.5588942307692307 0.20793269230769232 0.23076923076923078 0.12980769230769232
0 0.3112980769230769 0.027644230769230768 0.08173076923076923 0.04807692307692308
0 0.2644230769230769 0.013221153846153846 0.03365384615384615 0.019230769230769232
0 0.1778846153846154 0.052884615384615384 0.28125 0.10096153846153846
0 0.013221153846153846 0.15625 0.014423076923076924 0.2980769230769231
0 0.054086538461538464 0.17427884615384615 0.09615384615384616 0.2692307692307692
0 0.14302884615384615 0.19110576923076922 0.10096153846153846 0.27163461538461536
0 0.20552884615384615 0.20793269230769232 0.08653846153846154 0.2980769230769231
0 0.2644230769230769 0.21634615384615385 0.10817307692307693 0.25721153846153844
0 0.3269230769230769 0.23317307692307693 0.11298076923076923 0.2692307692307692
0 0.3269230769230769 0.29927884615384615 0.125 0.22596153846153846
0 0.37259615384615385 0.32572115384615385 0.12980769230769232 0.29086538461538464
0 0.28365384615384615 0.43990384615384615 0.04807692307692308 0.0625
0 0.296875 0.38221153846153844 0.06490384615384616 0.052884615384615384
0 0.22956730769230768 0.37259615384615385 0.06971153846153846 0.06971153846153846
0 0.18389423076923078 0.3713942307692308 0.07692307692307693 0.038461538461538464
0 0.13221153846153846 0.3786057692307692 0.057692307692307696 0.052884615384615384
0 0.10216346153846154 0.35336538461538464 0.06490384615384616 0.057692307692307696
0 0.056490384615384616 0.3125 0.057692307692307696 0.038461538461538464
0 0.15384615384615385 0.4098557692307692 0.10096153846153846 0.055288461538461536
0 0.21033653846153846 0.43990384615384615 0.10817307692307693 0.10096153846153846
0 0.2704326923076923 0.5072115384615384 0.1201923076923077 0.08173076923076923
0 0.36177884615384615 0.47475961538461536 0.08653846153846154 0.16346153846153846
0 0.40024038461538464 0.5024038461538461 0.15144230769230768 0.18028846153846154
0 0.2920673076923077 0.5721153846153846 0.1201923076923077 0.08413461538461539
0 0.037259615384615384 0.6490384615384616 0.06490384615384616 0.2548076923076923
0 0.0889423076923077 0.7007211538461539 0.16826923076923078 0.34134615384615385
0 0.019230769230769232 0.8858173076923077 0.026442307692307692 0.052884615384615384
0 0.16706730769230768 0.7367788461538461 0.23798076923076922 0.3269230769230769
0 0.07572115384615384 0.9206730769230769 0.1201923076923077 0.08413461538461539
0 0.17067307692307693 0.9086538461538461 0.08173076923076923 0.07451923076923077
0 0.22716346153846154 0.8713942307692307 0.06490384615384616 0.0673076923076923
0 0.24278846153846154 0.8088942307692307 0.03365384615384615 0.052884615384615384
0 0.24639423076923078 0.9086538461538461 0.04807692307692308 0.052884615384615384
0 0.20793269230769232 0.9507211538461539 0.08173076923076923 0.06971153846153846
0 0.17307692307692307 0.9795673076923077 0.09134615384615384 0.036057692307692304
0 0.11177884615384616 0.96875 0.08413461538461539 0.057692307692307696
0 0.3076923076923077 0.6382211538461539 0.052884615384615384 0.07692307692307693
0 0.38100961538461536 0.625 0.09134615384615384 0.07211538461538461
0 0.4326923076923077 0.6141826923076923 0.04326923076923077 0.08173076923076923
0 0.39783653846153844 0.6742788461538461 0.11298076923076923 0.0625
0 0.5 0.6009615384615384 0.08173076923076923 0.08413461538461539
0 0.48677884615384615 0.5444711538461539 0.10817307692307693 0.08653846153846154
0 0.5673076923076923 0.5180288461538461 0.06490384615384616 0.057692307692307696
0 0.6129807692307693 0.48677884615384615 0.057692307692307696 0.0625
0 0.5733173076923077 0.47115384615384615 0.06490384615384616 0.052884615384615384
0 0.5516826923076923 0.4266826923076923 0.15144230769230768 0.13942307692307693
0 0.49759615384615385 0.34975961538461536 0.10817307692307693 0.11778846153846154
0 0.47836538461538464 0.32572115384615385 0.1346153846153846 0.10576923076923077
0 0.5973557692307693 0.31490384615384615 0.14423076923076922 0.1346153846153846
0 0.7055288461538461 0.19110576923076922 0.057692307692307696 0.038461538461538464
0 0.7463942307692307 0.20552884615384615 0.09615384615384616 0.04326923076923077
0 0.7752403846153846 0.25240384615384615 0.125 0.03365384615384615
0 0.7487980769230769 0.2704326923076923 0.057692307692307696 0.03365384615384615
0 0.78125 0.28725961538461536 0.06971153846153846 0.038461538461538464
0 0.7139423076923077 0.33653846153846156 0.09615384615384616 0.08413461538461539
0 0.6838942307692307 0.29927884615384615 0.06971153846153846 0.0625
0 0.6971153846153846 0.24759615384615385 0.052884615384615384 0.06971153846153846
0 0.6382211538461539 0.3713942307692308 0.10817307692307693 0.11778846153846154
0 0.6382211538461539 0.42788461538461536 0.09615384615384616 0.06971153846153846
0 0.6814903846153846 0.4891826923076923 0.1201923076923077 0.13221153846153846
0 0.640625 0.49399038461538464 0.09134615384615384 0.10096153846153846
0 0.5625 0.5961538461538461 0.13942307692307693 0.11057692307692307
0 0.5540865384615384 0.6394230769230769 0.15625 0.09615384615384616
0 0.5733173076923077 0.6778846153846154 0.04326923076923077 0.03365384615384615
0 0.5024038461538461 0.7091346153846154 0.06490384615384616 0.0673076923076923
0 0.4519230769230769 0.7055288461538461 0.038461538461538464 0.0673076923076923
0 0.4699519230769231 0.75 0.052884615384615384 0.07211538461538461
0 0.41947115384615385 0.7872596153846154 0.038461538461538464 0.052884615384615384
0 0.4519230769230769 0.7403846153846154 0.11298076923076923 0.1201923076923077
0 0.41586538461538464 0.7391826923076923 0.1201923076923077 0.11778846153846154
0 0.3701923076923077 0.7283653846153846 0.04807692307692308 0.04326923076923077
0 0.7596153846153846 0.47836538461538464 0.1346153846153846 0.15384615384615385
0 0.7836538461538461 0.40865384615384615 0.03365384615384615 0.15384615384615385
0 0.7644230769230769 0.3954326923076923 0.04807692307692308 0.1658653846153846
0 0.7403846153846154 0.375 0.06490384615384616 0.13221153846153846
0 0.6838942307692307 0.5480769230769231 0.026442307692307692 0.021634615384615384
0 0.6322115384615384 0.6274038461538461 0.07692307692307693 0.12980769230769232
0 0.6346153846153846 0.5805288461538461 0.026442307692307692 0.052884615384615384
0 0.5240384615384616 0.8088942307692307 0.03365384615384615 0.052884615384615384
0 0.5456730769230769 0.7439903846153846 0.04326923076923077 0.11538461538461539
0 0.4951923076923077 0.8125 0.026442307692307692 0.04326923076923077
0 0.46274038461538464 0.8293269230769231 0.026442307692307692 0.040865384615384616
0 0.44350961538461536 0.8088942307692307 0.052884615384615384 0.057692307692307696
0 0.8894230769230769 0.23918269230769232 0.014423076923076924 0.021634615384615384
0 0.8653846153846154 0.22956730769230768 0.03365384615384615 0.02403846153846154
0 0.8329326923076923 0.2403846153846154 0.04326923076923077 0.03365384615384615
0 0.8918269230769231 0.2644230769230769 0.03365384615384615 0.028846153846153848
0 0.8545673076923077 0.27163461538461536 0.03365384615384615 0.028846153846153848
0 0.8245192307692307 0.2848557692307692 0.014423076923076924 0.019230769230769232
0 0.859375 0.30288461538461536 0.04326923076923077 0.03365384615384615
0 0.8269230769230769 0.30528846153846156 0.03365384615384615 0.021634615384615384
0 0.8569711538461539 0.33052884615384615 0.026442307692307692 0.021634615384615384
0 0.8137019230769231 0.32572115384615385 0.038461538461538464 0.02403846153846154
0 0.9134615384615384 0.33774038461538464 0.07692307692307693 0.08173076923076923
0 0.8353365384615384 0.35697115384615385 0.057692307692307696 0.028846153846153848
0 0.9026442307692307 0.45913461538461536 0.12980769230769232 0.15384615384615385
0 0.859375 0.5564903846153846 0.052884615384615384 0.04807692307692308
0 0.8329326923076923 0.5649038461538461 0.052884615384615384 0.040865384615384616
0 0.8221153846153846 0.5168269230769231 0.08653846153846154 0.0625
0 0.8161057692307693 0.48197115384615385 0.04326923076923077 0.038461538461538464
0 0.8353365384615384 0.45552884615384615 0.038461538461538464 0.021634615384615384
0 0.84375 0.43990384615384615 0.03365384615384615 0.02403846153846154
0 0.8353365384615384 0.40384615384615385 0.04807692307692308 0.038461538461538464
0 0.8293269230769231 0.38461538461538464 0.04807692307692308 0.03365384615384615
0 0.8185096153846154 0.3605769230769231 0.026442307692307692 0.014423076923076924
0 0.7620192307692307 0.5348557692307693 0.08653846153846154 0.07692307692307693
0 0.6346153846153846 0.6213942307692307 0.057692307692307696 0.13221153846153846
0 0.6514423076923077 0.6778846153846154 0.026442307692307692 0.055288461538461536
0 0.6490384615384616 0.9519230769230769 0.021634615384615384 0.028846153846153848
0 0.6382211538461539 0.9242788461538461 0.009615384615384616 0.026442307692307692
0 0.640625 0.9026442307692307 0.014423076923076924 0.019230769230769232
0 0.6490384615384616 0.8882211538461539 0.009615384615384616 0.009615384615384616
0 0.640625 0.9867788461538461 0.014423076923076924 0.02403846153846154
0 0.6009615384615384 0.9795673076923077 0.057692307692307696 0.036057692307692304
0 0.5973557692307693 0.9543269230769231 0.04807692307692308 0.03365384615384615
0 0.5889423076923077 0.9278846153846154 0.052884615384615384 0.03365384615384615
0 0.5841346153846154 0.8882211538461539 0.07692307692307693 0.06971153846153846
0 0.5973557692307693 0.8509615384615384 0.038461538461538464 0.03365384615384615
0 0.5841346153846154 0.8257211538461539 0.052884615384615384 0.04807692307692308
0 0.6021634615384616 0.7920673076923077 0.038461538461538464 0.04807692307692308
0 0.6237980769230769 0.7560096153846154 0.038461538461538464 0.040865384615384616
0 0.6298076923076923 0.7091346153846154 0.026442307692307692 0.052884615384615384
0 0.6057692307692307 0.7151442307692307 0.03365384615384615 0.040865384615384616
0 0.5757211538461539 0.7127403846153846 0.014423076923076924 0.038461538461538464
0 0.5913461538461539 0.7608173076923077 0.026442307692307692 0.038461538461538464
0 0.5757211538461539 0.7524038461538461 0.014423076923076924 0.02403846153846154
0 0.5733173076923077 0.7956730769230769 0.021634615384615384 0.02403846153846154
0 0.5540865384615384 0.8233173076923077 0.014423076923076924 0.028846153846153848
0 0.5540865384615384 0.8533653846153846 0.026442307692307692 0.038461538461538464
0 0.5408653846153846 0.8966346153846154 0.04326923076923077 0.04326923076923077
0 0.515625 0.8653846153846154 0.038461538461538464 0.040865384615384616
0 0.5024038461538461 0.8497596153846154 0.03365384615384615 0.028846153846153848
0 0.45913461538461536 0.8605769230769231 0.04326923076923077 0.028846153846153848
0 0.484375 0.8846153846153846 0.057692307692307696 0.03365384615384615
0 0.5108173076923077 0.9266826923076923 0.04807692307692308 0.04326923076923077
0 0.4951923076923077 0.9098557692307693 0.038461538461538464 0.040865384615384616
0 0.5240384615384616 0.9435096153846154 0.052884615384615384 0.04807692307692308
0 0.5480769230769231 0.9627403846153846 0.04807692307692308 0.038461538461538464
0 0.546875 0.984375 0.04567307692307692 0.026442307692307692