0 0.5384615384615384 0.13581730769230768 0.27884615384615385 0.14903846153846154
0 0.4014423076923077 0.1201923076923077 0.11538461538461539 0.12980769230769232
0 0.5 0.06850961538461539 0.09134615384615384 0.07211538461538461
0 0.4891826923076923 0.22235576923076922 0.17067307692307693 0.07211538461538461
0 0.3629807692307692 0.21514423076923078 0.09375 0.11057692307692307
0 0.4182692307692308 0.25961538461538464 0.11538461538461539 0.04807692307692308
0 0.546875 0.2668269230769231 0.21875 0.12740384615384615
0 0.6995192307692307 0.2548076923076923 0.15384615384615385 0.08173076923076923
0 0.7788461538461539 0.1778846153846154 0.14903846153846154 0.0889423076923077
0 0.7235576923076923 0.15504807692307693 0.13701923076923078 0.0985576923076923
0 0.8497596153846154 0.27403846153846156 0.11538461538461539 0.11298076923076923
0 0.9387019230769231 0.2439903846153846 0.11778846153846154 0.15625
0 0.8774038461538461 0.19230769230769232 0.09134615384615384 0.04326923076923077
0 0.5961538461538461 0.9423076923076923 0.12980769230769232 0.08653846153846154
0 0.4675480769230769 0.9423076923076923 0.10336538461538461 0.07211538461538461
0 0.36658653846153844 0.9266826923076923 0.07692307692307693 0.07211538461538461
0 0.28125 0.9014423076923077 0.08173076923076923 0.08173076923076923
0 0.1935096153846154 0.8677884615384616 0.125 0.0625
0 0.1201923076923077 0.8293269230769231 0.11057692307692307 0.08173076923076923
0 0.051682692307692304 0.78125 0.09134615384615384 0.08653846153846154
0 0.14783653846153846 0.7764423076923077 0.0985576923076923 0.0985576923076923
0 0.24278846153846154 0.8413461538461539 0.08173076923076923 0.04807692307692308
0 0.28365384615384615 0.7764423076923077 0.21875 0.08413461538461539
0 0.33653846153846156 0.8449519230769231 0.09375 0.08413461538461539
0 0.41586538461538464 0.8641826923076923 0.07692307692307693 0.07692307692307693
0 0.7596153846153846 0.9423076923076923 0.12980769230769232 0.08173076923076923
0 0.6742788461538461 0.9507211538461539 0.04807692307692308 0.0673076923076923
0 0.6394230769230769 0.8798076923076923 0.0985576923076923 0.07211538461538461
0 0.5300480769230769 0.8798076923076923 0.08653846153846154 0.06490384615384616
0 0.4699519230769231 0.8978365384615384 0.07692307692307693 0.04326923076923077
0 0.8689903846153846 0.8822115384615384 0.1971153846153846 0.11298076923076923
0 0.96875 0.7560096153846154 0.057692307692307696 0.09375
0 0.9567307692307693 0.8185096153846154 0.0673076923076923 0.06490384615384616
0 0.8966346153846154 0.78125 0.12980769230769232 0.08653846153846154
0 0.8689903846153846 0.8341346153846154 0.14182692307692307 0.038461538461538464
0 0.9290865384615384 0.37259615384615385 0.0985576923076923 0.08413461538461539
0 0.8521634615384616 0.36899038461538464 0.07692307692307693 0.08413461538461539
0 0.7235576923076923 0.33774038461538464 0.15865384615384615 0.09615384615384616
0 0.5925480769230769 0.3545673076923077 0.10336538461538461 0.0985576923076923
0 0.5024038461538461 0.3329326923076923 0.1201923076923077 0.08413461538461539
0 0.3329326923076923 0.3293269230769231 0.16346153846153846 0.0985576923076923
0 0.2403846153846154 0.33653846153846156 0.0985576923076923 0.09134615384615384
0 0.22716346153846154 0.3894230769230769 0.09375 0.07451923076923077
0 0.32211538461538464 0.4110576923076923 0.1201923076923077 0.08173076923076923
0 0.38221153846153844 0.36899038461538464 0.0673076923076923 0.052884615384615384
0 0.4423076923076923 0.421875 0.12980769230769232 0.14423076923076922
0 0.6262019230769231 0.41947115384615385 0.09134615384615384 0.0985576923076923
0 0.7295673076923077 0.41225961538461536 0.09134615384615384 0.08413461538461539
0 0.8305288461538461 0.4495192307692308 0.12980769230769232 0.11298076923076923
0 0.8966346153846154 0.46033653846153844 0.08653846153846154 0.04807692307692308
0 0.9627403846153846 0.4338942307692308 0.06971153846153846 0.0889423076923077
0 0.8365384615384616 0.5504807692307693 0.15384615384615385 0.1201923076923077
0 0.6995192307692307 0.5072115384615384 0.14182692307692307 0.12740384615384615
0 0.5709134615384616 0.5432692307692307 0.125 0.08413461538461539
0 0.48677884615384615 0.5240384615384616 0.08653846153846154 0.08173076923076923
0 0.3798076923076923 0.5612980769230769 0.18028846153846154 0.10576923076923077
0 0.3798076923076923 0.4723557692307692 0.10336538461538461 0.11057692307692307
0 0.28365384615384615 0.5060096153846154 0.12980769230769232 0.09615384615384616
0 0.20192307692307693 0.46153846153846156 0.1201923076923077 0.07451923076923077
0 0.10697115384615384 0.49399038461538464 0.125 0.057692307692307696
0 0.20432692307692307 0.5564903846153846 0.09134615384615384 0.0889423076923077
0 0.18629807692307693 0.5961538461538461 0.0673076923076923 0.07932692307692307
0 0.08774038461538461 0.5564903846153846 0.13221153846153846 0.07211538461538461
0 0.08173076923076923 0.5997596153846154 0.12980769230769232 0.057692307692307696
0 0.051682692307692304 0.6586538461538461 0.09134615384615384 0.08653846153846154
0 0.10697115384615384 0.7019230769230769 0.10336538461538461 0.057692307692307696
0 0.171875 0.7055288461538461 0.07211538461538461 0.04326923076923077
0 0.22716346153846154 0.7295673076923077 0.09134615384615384 0.03365384615384615
0 0.2704326923076923 0.6850961538461539 0.18028846153846154 0.08413461538461539
0 0.28125 0.5997596153846154 0.11538461538461539 0.08173076923076923
0 0.171875 0.6141826923076923 0.06009615384615385 0.05048076923076923
0 0.44591346153846156 0.6177884615384616 0.13701923076923078 0.08173076923076923
0 0.4338942307692308 0.6706730769230769 0.19230769230769232 0.08413461538461539
0 0.4567307692307692 0.7331730769230769 0.15865384615384615 0.07692307692307693
0 0.4483173076923077 0.7896634615384616 0.13221153846153846 0.057692307692307696
0 0.5 0.84375 0.08173076923076923 0.07211538461538461
0 0.4206730769230769 0.8485576923076923 0.0673076923076923 0.07692307692307693
0 0.5961538461538461 0.7800480769230769 0.12980769230769232 0.08413461538461539
0 0.7043269230769231 0.6213942307692307 0.15384615384615385 0.125
0 0.5661057692307693 0.625 0.125 0.07211538461538461
0 0.6009615384615384 0.7019230769230769 0.1201923076923077 0.08173076923076923
0 0.6310096153846154 0.7259615384615384 0.08173076923076923 0.052884615384615384
0 0.7463942307692307 0.6887019230769231 0.10336538461538461 0.0625
0 0.7572115384615384 0.7295673076923077 0.09134615384615384 0.04807692307692308
0 0.7512019230769231 0.7800480769230769 0.18028846153846154 0.07692307692307693
0 0.7043269230769231 0.8413461538461539 0.14182692307692307 0.08413461538461539
0 0.9002403846153846 0.7103365384615384 0.19471153846153846 0.11298076923076923
0 0.8581730769230769 0.6394230769230769 0.15384615384615385 0.057692307692307696
0 0.953125 0.5324519230769231 0.09134615384615384 0.09134615384615384
0 0.9471153846153846 0.6117788461538461 0.10096153846153846 0.08413461538461539
2 0.10096153846153846 0.3016826923076923 0.19230769230769232 0.5961538461538461