0 0.7764423076923077 0.765625 0.3317307692307692 0.21875
0 0.6586538461538461 0.7307692307692307 0.20192307692307693 0.1346153846153846
0 0.6454326923076923 0.7848557692307693 0.21875 0.10336538461538461
0 0.671875 0.8497596153846154 0.2692307692307692 0.14903846153846154
0 0.46634615384615385 0.8413461538461539 0.0985576923076923 0.22596153846153846
0 0.546875 0.6454326923076923 0.11538461538461539 0.28365384615384615
0 0.4483173076923077 0.6274038461538461 0.20673076923076922 0.15625
0 0.39302884615384615 0.7247596153846154 0.2548076923076923 0.21394230769230768
0 0.6322115384615384 0.6490384615384616 0.0673076923076923 0.0673076923076923
0 0.703125 0.6009615384615384 0.1346153846153846 0.07211538461538461
0 0.6514423076923077 0.5456730769230769 0.09375 0.052884615384615384
0 0.3125 0.515625 0.5432692307692307 0.09134615384615384
0 0.4375 0.5036057692307693 0.32211538461538464 0.24519230769230768
0 0.39903846153846156 0.5036057692307693 0.22355769230769232 0.12980769230769232
0 0.4735576923076923 0.3449519230769231 0.5192307692307693 0.5769230769230769
0 0.765625 0.09975961538461539 0.3125 0.1971153846153846
0 0.75 0.20552884615384615 0.2403846153846154 0.10096153846153846
0 0.7524038461538461 0.3088942307692308 0.23557692307692307 0.12259615384615384
0 0.7211538461538461 0.38221153846153844 0.19230769230769232 0.10096153846153846
0 0.7920673076923077 0.4519230769230769 0.16826923076923078 0.08653846153846154
0 0.7391826923076923 0.5384615384615384 0.1875 0.10576923076923077
0 0.65625 0.4387019230769231 0.125 0.10096153846153846
0 0.31490384615384615 0.3173076923076923 0.3798076923076923 0.17548076923076922
0 0.26802884615384615 0.39302884615384615 0.16105769230769232 0.12980769230769232
0 0.19230769230769232 0.5168269230769231 0.15625 0.1346153846153846
0 0.34615384615384615 0.25 0.04807692307692308 0.08173076923076923
0 0.37740384615384615 0.21514423076923078 0.0673076923076923 0.11778846153846154
0 0.41346153846153844 0.15865384615384615 0.04807692307692308 0.17307692307692307
0 0.46634615384615385 0.1971153846153846 0.04807692307692308 0.06490384615384616
0 0.5540865384615384 0.2980769230769231 0.16105769230769232 0.15384615384615385
0 0.43028846153846156 0.43509615384615385 0.12980769230769232 0.08413461538461539
0 0.4795673076923077 0.49278846153846156 0.2403846153846154 0.22115384615384615