0 0.054086538461538464 0.8209134615384616 0.09615384615384616 0.057692307692307696
0 0.16706730769230768 0.8389423076923077 0.1201923076923077 0.06009615384615385
0 0.18509615384615385 0.7944711538461539 0.09615384615384616 0.06971153846153846
0 0.09254807692307693 0.78125 0.07692307692307693 0.038461538461538464
0 0.030048076923076924 0.7680288461538461 0.04807692307692308 0.05048076923076923
0 0.0625 0.7319711538461539 0.07692307692307693 0.06009615384615385
0 0.0889423076923077 0.6911057692307693 0.08173076923076923 0.057692307692307696
0 0.020432692307692308 0.6959134615384616 0.028846153846153848 0.026442307692307692
0 0.13341346153846154 0.6322115384615384 0.13701923076923078 0.06009615384615385
0 0.17548076923076922 0.6694711538461539 0.0889423076923077 0.0673076923076923
0 0.15504807692307693 0.7271634615384616 0.09615384615384616 0.0625
0 0.25600961538461536 0.7259615384615384 0.12980769230769232 0.0673076923076923
0 0.22596153846153846 0.78125 0.09615384615384616 0.04326923076923077
0 0.3329326923076923 0.7644230769230769 0.10576923076923077 0.057692307692307696
0 0.3605769230769231 0.8161057692307693 0.13701923076923078 0.0673076923076923
0 0.26802884615384615 0.8028846153846154 0.06009615384615385 0.052884615384615384
0 0.3545673076923077 0.6850961538461539 0.10096153846153846 0.06009615384615385
0 0.3629807692307692 0.7271634615384616 0.08173076923076923 0.028846153846153848
0 0.2704326923076923 0.6610576923076923 0.11298076923076923 0.06971153846153846
0 0.2824519230769231 0.6237980769230769 0.16105769230769232 0.06971153846153846
0 0.35096153846153844 0.5817307692307693 0.14423076923076922 0.06009615384615385
0 0.4254807692307692 0.6418269230769231 0.125 0.07211538461538461
0 0.4170673076923077 0.7007211538461539 0.08173076923076923 0.05048076923076923
0 0.5 0.6923076923076923 0.07211538461538461 0.06009615384615385
0 0.5480769230769231 0.7524038461538461 0.10576923076923077 0.07211538461538461
0 0.6165865384615384 0.7848557692307693 0.10096153846153846 0.06971153846153846
0 0.5384615384615384 0.7908653846153846 0.04326923076923077 0.02403846153846154
0 0.4855769230769231 0.7824519230769231 0.052884615384615384 0.019230769230769232
0 0.43149038461538464 0.5552884615384616 0.11298076923076923 0.0673076923076923
0 0.4519230769230769 0.6081730769230769 0.08173076923076923 0.04807692307692308
0 0.7512019230769231 0.09735576923076923 0.49278846153846156 0.19471153846153846
0 0.6274038461538461 0.7211538461538461 0.11298076923076923 0.0625
0 0.6105769230769231 0.6802884615384616 0.13701923076923078 0.06971153846153846
0 0.5625 0.6165865384615384 0.11298076923076923 0.0625
0 0.5300480769230769 0.5841346153846154 0.07211538461538461 0.05048076923076923
0 0.5060096153846154 0.5396634615384616 0.07211538461538461 0.04326923076923077
0 0.5865384615384616 0.53125 0.10096153846153846 0.06009615384615385
0 0.6189903846153846 0.5817307692307693 0.07211538461538461 0.0673076923076923
0 0.6814903846153846 0.6454326923076923 0.11298076923076923 0.0673076923076923
0 0.7584134615384616 0.6935096153846154 0.10096153846153846 0.06971153846153846
0 0.7199519230769231 0.7439903846153846 0.12980769230769232 0.06490384615384616
0 0.7704326923076923 0.8040865384615384 0.125 0.06490384615384616
0 0.6935096153846154 0.7956730769230769 0.06490384615384616 0.038461538461538464
0 0.7259615384615384 0.8377403846153846 0.09615384615384616 0.05048076923076923
0 0.8064903846153846 0.8473557692307693 0.07692307692307693 0.03125
0 0.8810096153846154 0.8641826923076923 0.10576923076923077 0.05048076923076923
0 0.8810096153846154 0.8161057692307693 0.10576923076923077 0.06009615384615385
0 0.9435096153846154 0.7992788461538461 0.10096153846153846 0.07211538461538461
0 0.8389423076923077 0.7572115384615384 0.1201923076923077 0.07692307692307693
0 0.9507211538461539 0.7463942307692307 0.09375 0.07451923076923077
0 0.8725961538461539 0.7019230769230769 0.11298076923076923 0.052884615384615384
0 0.9314903846153846 0.6790865384615384 0.125 0.0673076923076923
0 0.8185096153846154 0.6418269230769231 0.13701923076923078 0.0673076923076923
0 0.9050480769230769 0.6153846153846154 0.1201923076923077 0.0673076923076923
0 0.8125 0.5889423076923077 0.11298076923076923 0.04807692307692308
0 0.7115384615384616 0.578125 0.125 0.06009615384615385
0 0.6754807692307693 0.5252403846153846 0.10096153846153846 0.052884615384615384
0 0.7860576923076923 0.5300480769230769 0.1201923076923077 0.057692307692307696
0 0.9014423076923077 0.5504807692307693 0.125 0.0625
0 0.8605769230769231 0.48677884615384615 0.0889423076923077 0.0625
0 0.7584134615384616 0.47716346153846156 0.11298076923076923 0.057692307692307696
0 0.7740384615384616 0.4266826923076923 0.14423076923076922 0.0625
0 0.6490384615384616 0.4699519230769231 0.10576923076923077 0.0625
0 0.5925480769230769 0.49038461538461536 0.11298076923076923 0.04326923076923077
0 0.5829326923076923 0.4050480769230769 0.12980769230769232 0.0673076923076923
0 0.6935096153846154 0.39663461538461536 0.11298076923076923 0.06971153846153846
0 0.6634615384615384 0.3641826923076923 0.0889423076923077 0.052884615384615384
0 0.7620192307692307 0.32091346153846156 0.10576923076923077 0.0673076923076923
0 0.7259615384615384 0.28125 0.07211538461538461 0.06009615384615385
0 0.6875 0.3161057692307692 0.06490384615384616 0.04326923076923077
0 0.5889423076923077 0.3173076923076923 0.14423076923076922 0.08653846153846154
0 0.5360576923076923 0.35096153846153844 0.12980769230769232 0.06009615384615385
0 0.39903846153846156 0.3641826923076923 0.1201923076923077 0.052884615384615384
0 0.32091346153846156 0.3545673076923077 0.07211538461538461 0.04807692307692308
0 0.30408653846153844 0.3112980769230769 0.08173076923076923 0.06009615384615385
0 0.39903846153846156 0.30649038461538464 0.14423076923076922 0.06971153846153846
0 0.43509615384615385 0.23557692307692307 0.12980769230769232 0.0625
0 0.5180288461538461 0.2620192307692308 0.09615384615384616 0.057692307692307696
0 0.5180288461538461 0.21394230769230768 0.12980769230769232 0.0673076923076923
0 0.5925480769230769 0.21754807692307693 0.04326923076923077 0.04807692307692308
0 0.6129807692307693 0.1935096153846154 0.08173076923076923 0.06009615384615385
0 0.7079326923076923 0.1935096153846154 0.10576923076923077 0.06009615384615385
0 0.7560096153846154 0.22596153846153846 0.09615384615384616 0.04326923076923077
0 0.8100961538461539 0.27403846153846156 0.06009615384615385 0.04807692307692308
0 0.19951923076923078 0.01201923076923077 0.11298076923076923 0.02403846153846154
0 0.1935096153846154 0.03125 0.11298076923076923 0.038461538461538464
0 0.2920673076923077 0.009615384615384616 0.0985576923076923 0.014423076923076924
0 0.31490384615384615 0.038461538461538464 0.1201923076923077 0.04326923076923077
0 0.4074519230769231 0.01201923076923077 0.13701923076923078 0.02403846153846154
0 0.3894230769230769 0.03365384615384615 0.06490384615384616 0.038461538461538464
0 0.4675480769230769 0.07211538461538461 0.10096153846153846 0.05048076923076923
0 0.4855769230769231 0.020432692307692308 0.11298076923076923 0.038461538461538464
0 0.46153846153846156 0.10697115384615384 0.0889423076923077 0.04807692307692308
0 0.43509615384615385 0.14543269230769232 0.10576923076923077 0.057692307692307696
0 0.4170673076923077 0.19951923076923078 0.09615384615384616 0.04326923076923077
0 0.2980769230769231 0.1658653846153846 0.15384615384615385 0.06971153846153846
0 0.2860576923076923 0.234375 0.14423076923076922 0.08173076923076923
0 0.24759615384615385 0.2776442307692308 0.125 0.038461538461538464
0 0.19591346153846154 0.30288461538461536 0.12980769230769232 0.057692307692307696
0 0.2439903846153846 0.3389423076923077 0.08173076923076923 0.05048076923076923
0 0.3485576923076923 0.08533653846153846 0.13701923076923078 0.0625
0 0.31850961538461536 0.10216346153846154 0.125 0.0625
0 0.20192307692307693 0.11177884615384616 0.10576923076923077 0.06971153846153846
0 0.13942307692307693 0.16105769230769232 0.14903846153846154 0.07211538461538461
0 0.0985576923076923 0.21394230769230768 0.16105769230769232 0.08173076923076923
0 0.17908653846153846 0.2403846153846154 0.08173076923076923 0.0673076923076923
0 0.12259615384615384 0.2692307692307692 0.06490384615384616 0.05048076923076923
0 0.11658653846153846 0.3161057692307692 0.0889423076923077 0.04326923076923077
0 0.056490384615384616 0.28725961538461536 0.10096153846153846 0.06009615384615385
0 0.03245192307692308 0.25600961538461536 0.052884615384615384 0.057692307692307696
0 0.038461538461538464 0.15264423076923078 0.06490384615384616 0.06971153846153846
0 0.09495192307692307 0.0985576923076923 0.10576923076923077 0.05048076923076923