0 0.7560096153846154 0.9483173076923077 0.2860576923076923 0.08413461538461539
0 0.5865384615384616 0.8365384615384616 0.3870192307692308 0.11538461538461539
0 0.5480769230769231 0.9194711538461539 0.15384615384615385 0.08173076923076923
0 0.5180288461538461 0.9387019230769231 0.25 0.11778846153846154
0 0.35697115384615385 0.8641826923076923 0.15384615384615385 0.057692307692307696
0 0.23557692307692307 0.8641826923076923 0.11298076923076923 0.06490384615384616
0 0.28846153846153844 0.8978365384615384 0.30288461538461536 0.11778846153846154
0 0.5240384615384616 0.7127403846153846 0.08173076923076923 0.08173076923076923
0 0.5360576923076923 0.7620192307692307 0.08173076923076923 0.052884615384615384
0 0.6165865384615384 0.7524038461538461 0.13701923076923078 0.0673076923076923
0 0.6105769230769231 0.7079326923076923 0.125 0.04326923076923077
0 0.6009615384615384 0.6622596153846154 0.18990384615384615 0.08173076923076923
0 0.7319711538461539 0.7475961538461539 0.1201923076923077 0.0985576923076923
0 0.7764423076923077 0.7944711538461539 0.07692307692307693 0.08413461538461539
0 0.8689903846153846 0.8461538461538461 0.16826923076923078 0.08653846153846154
0 0.8774038461538461 0.7896634615384616 0.17307692307692307 0.08653846153846154
0 0.8425480769230769 0.7355769230769231 0.125 0.038461538461538464
0 0.9579326923076923 0.7379807692307693 0.07211538461538461 0.07692307692307693
0 0.7824519230769231 0.6574519230769231 0.24519230769230768 0.12980769230769232
0 0.8485576923076923 0.6526442307692307 0.23076923076923078 0.12740384615384615
0 0.8605769230769231 0.6153846153846154 0.23076923076923078 0.10576923076923077
0 0.8954326923076923 0.5889423076923077 0.13701923076923078 0.08653846153846154
0 0.75 0.515625 0.4879807692307692 0.2403846153846154
0 0.4735576923076923 0.6610576923076923 0.06490384615384616 0.05048076923076923
0 0.3269230769230769 0.6911057692307693 0.3557692307692308 0.30528846153846156
0 0.14903846153846154 0.8040865384615384 0.1201923076923077 0.057692307692307696
0 0.17307692307692307 0.7043269230769231 0.02403846153846154 0.03125
0 0.2644230769230769 0.5228365384615384 0.18509615384615385 0.23076923076923078
0 0.17548076923076922 0.5300480769230769 0.22115384615384615 0.16346153846153846
0 0.4050480769230769 0.4387019230769231 0.20192307692307693 0.16826923076923078
0 0.45552884615384615 0.5300480769230769 0.04326923076923077 0.028846153846153848
0 0.5084134615384616 0.5384615384615384 0.028846153846153848 0.019230769230769232
0 0.5240384615384616 0.5168269230769231 0.06009615384615385 0.02403846153846154
0 0.5444711538461539 0.5096153846153846 0.04326923076923077 0.02403846153846154
0 0.5180288461538461 0.4879807692307692 0.04807692307692308 0.026442307692307692
0 0.5564903846153846 0.4879807692307692 0.052884615384615384 0.03365384615384615
0 0.48197115384615385 0.4266826923076923 0.08173076923076923 0.05048076923076923
0 0.5685096153846154 0.44471153846153844 0.10096153846153846 0.06009615384615385
0 0.7379807692307693 0.47716346153846156 0.1201923076923077 0.12980769230769232
0 0.6045673076923077 0.39302884615384615 0.1971153846153846 0.0625
0 0.43509615384615385 0.359375 0.08173076923076923 0.05048076923076923
0 0.4855769230769231 0.3293269230769231 0.20673076923076922 0.05048076923076923
0 0.75 0.3004807692307692 0.23798076923076922 0.0673076923076923
0 0.7584134615384616 0.35096153846153844 0.11298076923076923 0.10096153846153846
0 0.8569711538461539 0.34615384615384615 0.14423076923076922 0.06971153846153846
0 0.9050480769230769 0.2824519230769231 0.10576923076923077 0.08413461538461539
0 0.9519230769230769 0.25961538461538464 0.08173076923076923 0.0625
0 0.9194711538461539 0.09975961538461539 0.14903846153846154 0.10096153846153846
0 0.9639423076923077 0.15745192307692307 0.06009615384615385 0.0673076923076923
0 0.7980769230769231 0.125 0.3942307692307692 0.24519230769230768
0 0.375 0.054086538461538464 0.5 0.10576923076923077
0 0.18509615384615385 0.14543269230769232 0.14423076923076922 0.09134615384615384
0 0.4855769230769231 0.10817307692307693 0.22115384615384615 0.14423076923076922
0 0.44350961538461536 0.19110576923076922 0.07692307692307693 0.04807692307692308
0 0.38100961538461536 0.16706730769230768 0.07211538461538461 0.04807692307692308
0 0.31490384615384615 0.13701923076923078 0.07211538461538461 0.04807692307692308
0 0.25 0.17548076923076922 0.09615384615384616 0.04326923076923077
0 0.22355769230769232 0.21033653846153846 0.06490384615384616 0.038461538461538464
0 0.45552884615384615 0.22235576923076922 0.052884615384615384 0.02403846153846154
0 0.42908653846153844 0.23557692307692307 0.06009615384615385 0.02403846153846154
0 0.4375 0.25961538461538464 0.07692307692307693 0.038461538461538464
0 0.3545673076923077 0.25721153846153844 0.10096153846153846 0.052884615384615384
0 0.3545673076923077 0.3245192307692308 0.14903846153846154 0.08653846153846154
0 0.49158653846153844 0.3112980769230769 0.14903846153846154 0.07211538461538461
0 0.5709134615384616 0.23197115384615385 0.16826923076923078 0.09615384615384616
0 0.5925480769230769 0.3004807692307692 0.20673076923076922 0.07211538461538461
0 0.6670673076923077 0.19951923076923078 0.18990384615384615 0.15865384615384615
0 0.7415865384615384 0.20072115384615385 0.1971153846153846 0.09375
0 0.6514423076923077 0.12860576923076922 0.11298076923076923 0.07692307692307693
0 0.6490384615384616 0.09735576923076923 0.04807692307692308 0.026442307692307692
0 0.7524038461538461 0.15745192307692307 0.22115384615384615 0.1466346153846154
0 0.22596153846153846 0.36778846153846156 0.16826923076923078 0.08653846153846154
0 0.31009615384615385 0.1935096153846154 0.07211538461538461 0.0673076923076923
0 0.375 0.2091346153846154 0.08173076923076923 0.05048076923076923
0 0.23197115384615385 0.41947115384615385 0.12980769230769232 0.057692307692307696
0 0.21995192307692307 0.2920673076923077 0.15384615384615385 0.09134615384615384
0 0.13341346153846154 0.24879807692307693 0.13701923076923078 0.07692307692307693
0 0.09254807692307693 0.30649038461538464 0.13701923076923078 0.08413461538461539
0 0.12740384615384615 0.3762019230769231 0.0889423076923077 0.057692307692307696
0 0.04807692307692308 0.3329326923076923 0.09615384615384616 0.07692307692307693
0 0.042067307692307696 0.25961538461538464 0.08173076923076923 0.08413461538461539
0 0.05048076923076923 0.20072115384615385 0.10096153846153846 0.03365384615384615
5 0.07451923076923077 0.9074519230769231 0.14903846153846154 0.15865384615384615
5 0.08052884615384616 0.7596153846153846 0.16105769230769232 0.14182692307692307
5 0.07451923076923077 0.5697115384615384 0.14903846153846154 0.21153846153846154
5 0.10697115384615384 0.6790865384615384 0.04807692307692308 0.019230769230769232
5 0.07211538461538461 0.578125 0.14423076923076922 0.22355769230769232
1 0.07451923076923077 0.41586538461538464 0.14903846153846154 0.11538461538461539