0 0.796875 0.020432692307692308 0.07932692307692307 0.03365384615384615
0 0.7524038461538461 0.12860576923076922 0.052884615384615384 0.04567307692307692
0 0.765625 0.18870192307692307 0.0889423076923077 0.06009615384615385
0 0.7163461538461539 0.2692307692307692 0.0625 0.04807692307692308
0 0.7283653846153846 0.34134615384615385 0.0673076923076923 0.04807692307692308
0 0.8100961538461539 0.3269230769230769 0.04326923076923077 0.026442307692307692
0 0.8689903846153846 0.44471153846153844 0.052884615384615384 0.038461538461538464
0 0.6081730769230769 0.2956730769230769 0.07932692307692307 0.0625
0 0.6346153846153846 0.25240384615384615 0.0673076923076923 0.038461538461538464
0 0.6021634615384616 0.1814903846153846 0.038461538461538464 0.038461538461538464
0 0.6021634615384616 0.11899038461538461 0.057692307692307696 0.0625
0 0.5637019230769231 0.0985576923076923 0.052884615384615384 0.052884615384615384
0 0.5600961538461539 0.03245192307692308 0.0673076923076923 0.057692307692307696
0 0.5216346153846154 0.06370192307692307 0.052884615384615384 0.06009615384615385
0 0.5180288461538461 0.14302884615384615 0.057692307692307696 0.06009615384615385
0 0.5264423076923077 0.11177884615384616 0.03125 0.026442307692307692
0 0.49759615384615385 0.09975961538461539 0.057692307692307696 0.04807692307692308
0 0.5661057692307693 0.15865384615384615 0.04807692307692308 0.04567307692307692
0 0.5528846153846154 0.20793269230769232 0.052884615384615384 0.04567307692307692
0 0.5264423076923077 0.26802884615384615 0.04326923076923077 0.052884615384615384
0 0.48197115384615385 0.2283653846153846 0.038461538461538464 0.04326923076923077
0 0.3473557692307692 0.07932692307692307 0.052884615384615384 0.0673076923076923
0 0.4026442307692308 0.036057692307692304 0.0673076923076923 0.0625
0 0.25240384615384615 0.06009615384615385 0.0625 0.04567307692307692
0 0.3004807692307692 0.02403846153846154 0.0625 0.04326923076923077
0 0.27884615384615385 0.11899038461538461 0.04326923076923077 0.04807692307692308
0 0.33413461538461536 0.10697115384615384 0.04807692307692308 0.03365384615384615
0 0.3425480769230769 0.07572115384615384 0.04326923076923077 0.052884615384615384
0 0.31009615384615385 0.2247596153846154 0.0625 0.04326923076923077
0 0.18990384615384615 0.14302884615384615 0.052884615384615384 0.038461538461538464
0 0.15745192307692307 0.06610576923076923 0.09615384615384616 0.07211538461538461
0 0.1502403846153846 0.14543269230769232 0.04807692307692308 0.03365384615384615
0 0.09735576923076923 0.10216346153846154 0.04807692307692308 0.06009615384615385
0 0.1310096153846154 0.19230769230769232 0.04326923076923077 0.052884615384615384
0 0.17668269230769232 0.18509615384615385 0.057692307692307696 0.052884615384615384
0 0.14182692307692307 0.23197115384615385 0.08413461538461539 0.04807692307692308
0 0.09495192307692307 0.21153846153846154 0.03125 0.028846153846153848
0 0.10216346153846154 0.28725961538461536 0.057692307692307696 0.052884615384615384
0 0.055288461538461536 0.2439903846153846 0.04807692307692308 0.04807692307692308
0 0.01201923076923077 0.20552884615384615 0.019230769230769232 0.055288461538461536
0 0.22596153846153846 0.3485576923076923 0.0625 0.03365384615384615
0 0.25240384615384615 0.3088942307692308 0.052884615384615384 0.04567307692307692
0 0.29447115384615385 0.33413461538461536 0.0625 0.04807692307692308
0 0.2608173076923077 0.25841346153846156 0.038461538461538464 0.04326923076923077
0 0.28125 0.28725961538461536 0.026442307692307692 0.038461538461538464
0 0.3557692307692308 0.35096153846153844 0.0889423076923077 0.0673076923076923
0 0.30288461538461536 0.3798076923076923 0.038461538461538464 0.03365384615384615
0 0.28365384615384615 0.4230769230769231 0.04326923076923077 0.04567307692307692
0 0.33653846153846156 0.41466346153846156 0.0625 0.04567307692307692
0 0.4026442307692308 0.3870192307692308 0.04807692307692308 0.04807692307692308
0 0.4362980769230769 0.34375 0.052884615384615384 0.07692307692307693
0 0.41586538461538464 0.2824519230769231 0.07211538461538461 0.052884615384615384
0 0.49158653846153844 0.33052884615384615 0.04807692307692308 0.04807692307692308
0 0.5504807692307693 0.3449519230769231 0.0673076923076923 0.07932692307692307
0 0.5 0.390625 0.0625 0.04807692307692308
0 0.46274038461538464 0.4098557692307692 0.07211538461538461 0.04326923076923077
0 0.47596153846153844 0.44711538461538464 0.04807692307692308 0.04807692307692308
0 0.4735576923076923 0.5 0.07211538461538461 0.0625
0 0.5444711538461539 0.4699519230769231 0.057692307692307696 0.04326923076923077
0 0.5336538461538461 0.43028846153846156 0.0673076923076923 0.0673076923076923
0 0.5889423076923077 0.44350961538461536 0.052884615384615384 0.04326923076923077
0 0.6105769230769231 0.4206730769230769 0.0625 0.04326923076923077
0 0.6129807692307693 0.4795673076923077 0.04807692307692308 0.038461538461538464
0 0.6574519230769231 0.49038461538461536 0.052884615384615384 0.04567307692307692
0 0.6478365384615384 0.5324519230769231 0.052884615384615384 0.038461538461538464
0 0.49158653846153844 0.546875 0.04807692307692308 0.038461538461538464
0 0.45552884615384615 0.5697115384615384 0.04807692307692308 0.028846153846153848
0 0.47115384615384615 0.5961538461538461 0.026442307692307692 0.02403846153846154
0 0.41346153846153844 0.5637019230769231 0.057692307692307696 0.04807692307692308
0 0.4182692307692308 0.5204326923076923 0.057692307692307696 0.038461538461538464
0 0.4735576923076923 0.5024038461538461 0.0625 0.052884615384615384
0 0.3449519230769231 0.5336538461538461 0.04807692307692308 0.04807692307692308
0 0.2920673076923077 0.5288461538461539 0.04807692307692308 0.052884615384615384
0 0.3293269230769231 0.48677884615384615 0.057692307692307696 0.04567307692307692
0 0.28125 0.4831730769230769 0.038461538461538464 0.038461538461538464
0 0.23197115384615385 0.5240384615384616 0.0625 0.04567307692307692
0 0.234375 0.47596153846153844 0.057692307692307696 0.04567307692307692
0 0.17668269230769232 0.3798076923076923 0.057692307692307696 0.03365384615384615
0 0.09735576923076923 0.4375 0.0673076923076923 0.04567307692307692
0 0.039663461538461536 0.3870192307692308 0.04807692307692308 0.04807692307692308
0 0.016826923076923076 0.3581730769230769 0.028846153846153848 0.07211538461538461
0 0.03125 0.43149038461538464 0.052884615384615384 0.04807692307692308
0 0.15745192307692307 0.5637019230769231 0.0625 0.04326923076923077
0 0.15264423076923078 0.5360576923076923 0.021634615384615384 0.014423076923076924
0 0.19230769230769232 0.6057692307692307 0.0673076923076923 0.057692307692307696
0 0.16826923076923078 0.6550480769230769 0.04326923076923077 0.04807692307692308
0 0.21033653846153846 0.7283653846153846 0.03125 0.03125
0 0.1310096153846154 0.734375 0.04326923076923077 0.04807692307692308
0 0.12379807692307693 0.6995192307692307 0.038461538461538464 0.03365384615384615
0 0.10216346153846154 0.7319711538461539 0.026442307692307692 0.028846153846153848
0 0.06850961538461539 0.6153846153846154 0.03125 0.038461538461538464
0 0.06850961538461539 0.5793269230769231 0.04326923076923077 0.03365384615384615
0 0.0889423076923077 0.5432692307692307 0.03125 0.04567307692307692
0 0.020432692307692308 0.5805288461538461 0.036057692307692304 0.04567307692307692
0 0.016826923076923076 0.546875 0.028846153846153848 0.036057692307692304
0 0.014423076923076924 0.6346153846153846 0.02403846153846154 0.04807692307692308
0 0.027644230769230768 0.6358173076923077 0.05048076923076923 0.05048076923076923
0 0.06610576923076923 0.7620192307692307 0.038461538461538464 0.02403846153846154
0 0.042067307692307696 0.7379807692307693 0.04326923076923077 0.04326923076923077
0 0.027644230769230768 0.7211538461538461 0.05048076923076923 0.03365384615384615
0 0.02403846153846154 0.7644230769230769 0.04807692307692308 0.03365384615384615
0 0.042067307692307696 0.7872596153846154 0.04326923076923077 0.03365384615384615
0 0.007211538461538462 0.7980769230769231 0.009615384615384616 0.038461538461538464
0 0.020432692307692308 0.8161057692307693 0.036057692307692304 0.036057692307692304
0 0.0889423076923077 0.8774038461538461 0.0625 0.04326923076923077
0 0.17067307692307693 0.8810096153846154 0.0673076923076923 0.04326923076923077
0 0.19951923076923078 0.8942307692307693 0.052884615384615384 0.038461538461538464
0 0.234375 0.9170673076923077 0.04807692307692308 0.052884615384615384
0 0.23197115384615385 0.9699519230769231 0.052884615384615384 0.052884615384615384
0 0.19831730769230768 0.9927884615384616 0.06971153846153846 0.009615384615384616
0 0.5084134615384616 0.7524038461538461 0.07932692307692307 0.04807692307692308
0 0.5973557692307693 0.6814903846153846 0.0673076923076923 0.04807692307692308
0 0.6310096153846154 0.7079326923076923 0.0625 0.03365384615384615
0 0.5889423076923077 0.7451923076923077 0.08413461538461539 0.057692307692307696
0 0.6310096153846154 0.7848557692307693 0.052884615384615384 0.028846153846153848
0 0.6610576923076923 0.7487980769230769 0.04807692307692308 0.057692307692307696
0 0.53125 0.7848557692307693 0.0625 0.038461538461538464
0 0.48677884615384615 0.8016826923076923 0.04807692307692308 0.057692307692307696
0 0.5108173076923077 0.8533653846153846 0.052884615384615384 0.04567307692307692
0 0.5444711538461539 0.8269230769230769 0.057692307692307696 0.04567307692307692
0 0.5973557692307693 0.8413461538461539 0.0673076923076923 0.052884615384615384
0 0.5637019230769231 0.8677884615384616 0.0625 0.038461538461538464
0 0.5024038461538461 0.8930288461538461 0.038461538461538464 0.03365384615384615
0 0.47596153846153844 0.9146634615384616 0.04807692307692308 0.04326923076923077
0 0.46875 0.8846153846153846 0.03125 0.03365384615384615
0 0.42908653846153844 0.8798076923076923 0.057692307692307696 0.04567307692307692
0 0.4182692307692308 0.8377403846153846 0.04807692307692308 0.038461538461538464
0 0.3762019230769231 0.8665865384615384 0.038461538461538464 0.03365384615384615
0 0.35216346153846156 0.890625 0.0625 0.038461538461538464
0 0.296875 0.9338942307692307 0.057692307692307696 0.04326923076923077
0 0.296875 0.9699519230769231 0.038461538461538464 0.02403846153846154
0 0.3449519230769231 0.9579326923076923 0.057692307692307696 0.052884615384615384
0 0.2776442307692308 0.9867788461538461 0.07932692307692307 0.021634615384615384
0 0.3557692307692308 0.9891826923076923 0.028846153846153848 0.016826923076923076
0 0.3870192307692308 0.9314903846153846 0.026442307692307692 0.036057692307692304
0 0.42908653846153844 0.9314903846153846 0.04807692307692308 0.04567307692307692
0 0.5396634615384616 0.9771634615384616 0.09375 0.040865384615384616
0 0.5997596153846154 0.9399038461538461 0.0625 0.04567307692307692
0 0.6189903846153846 0.8846153846153846 0.057692307692307696 0.06490384615384616
0 0.6634615384615384 0.8942307692307693 0.052884615384615384 0.06009615384615385
0 0.6574519230769231 0.8317307692307693 0.052884615384615384 0.057692307692307696
0 0.71875 0.7872596153846154 0.0673076923076923 0.057692307692307696
0 0.6899038461538461 0.7524038461538461 0.052884615384615384 0.0625
0 0.7716346153846154 0.8401442307692307 0.0673076923076923 0.05048076923076923
0 0.7524038461538461 0.890625 0.04326923076923077 0.038461538461538464
0 0.8425480769230769 0.8245192307692307 0.052884615384615384 0.055288461538461536
0 0.8209134615384616 0.9206730769230769 0.08413461538461539 0.06009615384615385
0 0.8137019230769231 0.9699519230769231 0.06971153846153846 0.055288461538461536
0 0.8942307692307693 0.5793269230769231 0.052884615384615384 0.04807692307692308
0 0.8653846153846154 0.609375 0.0673076923076923 0.04326923076923077
0 0.8100961538461539 0.6322115384615384 0.08413461538461539 0.0625
0 0.8557692307692307 0.6550480769230769 0.04807692307692308 0.04807692307692308
0 0.9002403846153846 0.6382211538461539 0.04326923076923077 0.06009615384615385
0 0.8918269230769231 0.7115384615384616 0.04807692307692308 0.06490384615384616
0 0.8389423076923077 0.7091346153846154 0.0673076923076923 0.06009615384615385
0 0.7716346153846154 0.6887019230769231 0.057692307692307696 0.04326923076923077
0 0.7608173076923077 0.6514423076923077 0.04807692307692308 0.03365384615384615
0 0.7259615384615384 0.6682692307692307 0.04326923076923077 0.052884615384615384
0 0.7608173076923077 0.7283653846153846 0.04807692307692308 0.04567307692307692
0 0.8100961538461539 0.765625 0.07211538461538461 0.06009615384615385