0 0.6045673076923077 0.6045673076923077 0.10576923076923077 0.09615384615384616
0 0.4951923076923077 0.6069711538461539 0.10096153846153846 0.09375
0 0.4110576923076923 0.5961538461538461 0.08413461538461539 0.08173076923076923
0 0.3401442307692308 0.5576923076923077 0.08413461538461539 0.07692307692307693
0 0.46033653846153844 0.5216346153846154 0.16346153846153846 0.09375
0 0.6225961538461539 0.5180288461538461 0.15144230769230768 0.09375
0 0.46875 0.578125 0.43990384615384615 0.1971153846153846
0 0.7908653846153846 0.2403846153846154 0.28365384615384615 0.1971153846153846
0 0.5336538461538461 0.28846153846153844 0.15865384615384615 0.11538461538461539
0 0.6045673076923077 0.15384615384615385 0.15144230769230768 0.18269230769230768
0 0.796875 0.44711538461538464 0.4014423076923077 0.33653846153846156
0 0.6069711538461539 0.34975961538461536 0.78125 0.6947115384615384
3 0.35336538461538464 0.6225961538461539 0.6971153846153846 0.3557692307692308