0 0.35216346153846156 0.5600961538461539 0.4807692307692308 0.3004807692307692
0 0.25721153846153844 0.3641826923076923 0.40865384615384615 0.24278846153846154
0 0.3016826923076923 0.12139423076923077 0.4375 0.23557692307692307
0 0.6538461538461539 0.11778846153846154 0.3125 0.2283653846153846
0 0.8701923076923077 0.1141826923076923 0.25 0.22115384615384615
0 0.7752403846153846 0.44471153846153844 0.4375 0.31009615384615385
0 0.6778846153846154 0.3233173076923077 0.4206730769230769 0.2283653846153846
0 0.7608173076923077 0.65625 0.4326923076923077 0.2548076923076923
0 0.9050480769230769 0.7524038461538461 0.1778846153846154 0.31971153846153844
0 0.7572115384615384 0.8942307692307693 0.47596153846153844 0.20673076923076922
0 0.4206730769230769 0.7980769230769231 0.3798076923076923 0.2283653846153846
0 0.40384615384615385 0.9399038461538461 0.27403846153846156 0.11538461538461539
0 0.125 0.859375 0.25 0.2620192307692308
0 0.07692307692307693 0.5997596153846154 0.15384615384615385 0.29086538461538464
0 0.07451923076923077 0.20552884615384615 0.14903846153846154 0.1875
0 0.07091346153846154 0.05048076923076923 0.14182692307692307 0.09375