0 0.33653846153846156 0.5180288461538461 0.3581730769230769 0.21153846153846154
0 0.36778846153846156 0.6286057692307693 0.4735576923076923 0.2980769230769231
0 0.14783653846153846 0.6153846153846154 0.10336538461538461 0.1201923076923077
0 0.18990384615384615 0.765625 0.20432692307692307 0.20192307692307693
0 0.34375 0.7932692307692307 0.28846153846153844 0.3076923076923077
0 0.48677884615384615 0.25 0.1201923076923077 0.17067307692307693
0 0.13221153846153846 0.5673076923076923 0.25721153846153844 0.23557692307692307
0 0.5552884615384616 0.19831730769230768 0.10336538461538461 0.19230769230769232
0 0.6382211538461539 0.21153846153846154 0.1466346153846154 0.14423076923076922
0 0.6959134615384616 0.28846153846153844 0.1778846153846154 0.20673076923076922
0 0.5769230769230769 0.36538461538461536 0.10817307692307693 0.18509615384615385
0 0.6502403846153846 0.49759615384615385 0.1466346153846154 0.21153846153846154
0 0.7283653846153846 0.4050480769230769 0.0889423076923077 0.10817307692307693
0 0.7884615384615384 0.35336538461538464 0.10817307692307693 0.18028846153846154
0 0.8641826923076923 0.4170673076923077 0.2668269230769231 0.2091346153846154