0 0.3485576923076923 0.8257211538461539 0.2548076923076923 0.1346153846153846
0 0.5721153846153846 0.8064903846153846 0.2764423076923077 0.13942307692307693
0 0.28966346153846156 0.7391826923076923 0.3317307692307692 0.11298076923076923
0 0.6418269230769231 0.6237980769230769 0.4567307692307692 0.2403846153846154
0 0.296875 0.6225961538461539 0.3317307692307692 0.14903846153846154
0 0.21754807692307693 0.4987980769230769 0.07692307692307693 0.09134615384615384
0 0.15504807692307693 0.5168269230769231 0.10336538461538461 0.08413461538461539
0 0.14783653846153846 0.43028846153846156 0.10336538461538461 0.08413461538461539
0 0.18629807692307693 0.40865384615384615 0.08173076923076923 0.0625
0 0.36177884615384615 0.5348557692307693 0.31009615384615385 0.2980769230769231
0 0.2860576923076923 0.27403846153846156 0.2548076923076923 0.3269230769230769
0 0.46875 0.49399038461538464 0.22115384615384615 0.1466346153846154
0 0.5480769230769231 0.4519230769230769 0.19951923076923078 0.09134615384615384
0 0.47596153846153844 0.24759615384615385 0.15144230769230768 0.13221153846153846
0 0.5408653846153846 0.3713942307692308 0.2980769230769231 0.11538461538461539
0 0.5685096153846154 0.21153846153846154 0.4326923076923077 0.20432692307692307
0 0.8569711538461539 0.2620192307692308 0.28125 0.11538461538461539
0 0.5721153846153846 0.31971153846153844 0.4423076923076923 0.41346153846153844