0 0.12259615384615384 0.051682692307692304 0.16105769230769232 0.09134615384615384
0 0.038461538461538464 0.06971153846153846 0.06971153846153846 0.12980769230769232
0 0.10817307692307693 0.25721153846153844 0.2091346153846154 0.35096153846153844
0 0.051682692307692304 0.4026442307692308 0.09615384615384616 0.20673076923076922
0 0.015625 0.20673076923076922 0.02403846153846154 0.17548076923076922
0 0.19591346153846154 0.47716346153846156 0.1778846153846154 0.3245192307692308
0 0.09014423076923077 0.5925480769230769 0.17307692307692307 0.25721153846153844
0 0.2403846153846154 0.6286057692307693 0.15865384615384615 0.22596153846153846
0 0.21394230769230768 0.8064903846153846 0.15865384615384615 0.18028846153846154
0 0.10576923076923077 0.78125 0.12740384615384615 0.22115384615384615
0 0.04807692307692308 0.8533653846153846 0.0889423076923077 0.14903846153846154
0 0.03125 0.7391826923076923 0.055288461538461536 0.17067307692307693
0 0.16466346153846154 0.9387019230769231 0.12259615384615384 0.11778846153846154
0 0.08413461538461539 0.9206730769230769 0.052884615384615384 0.0673076923076923
0 0.2620192307692308 0.9230769230769231 0.09375 0.1346153846153846
0 0.3870192307692308 0.8737980769230769 0.1201923076923077 0.15865384615384615
0 0.37740384615384615 0.7319711538461539 0.17067307692307693 0.31971153846153844
0 0.3485576923076923 0.5336538461538461 0.0889423076923077 0.12980769230769232
0 0.33413461538461536 0.38100961538461536 0.16105769230769232 0.18509615384615385
0 0.3329326923076923 0.17307692307692307 0.31971153846153844 0.33653846153846156
0 0.5024038461538461 0.07211538461538461 0.1201923076923077 0.1346153846153846
0 0.4879807692307692 0.24519230769230768 0.13942307692307693 0.23076923076923078
0 0.6502403846153846 0.20072115384615385 0.19951923076923078 0.21634615384615385
0 0.6153846153846154 0.07451923076923077 0.3076923076923077 0.13942307692307693
0 0.8810096153846154 0.14783653846153846 0.23317307692307693 0.2860576923076923
0 0.8100961538461539 0.36899038461538464 0.22596153846153846 0.2644230769230769
0 0.59375 0.4254807692307692 0.20432692307692307 0.2644230769230769
0 0.5637019230769231 0.7067307692307693 0.21153846153846154 0.28846153846153844
0 0.7367788461538461 0.5925480769230769 0.21875 0.25721153846153844
0 0.7331730769230769 0.8064903846153846 0.1658653846153846 0.17067307692307693
0 0.8581730769230769 0.6959134615384616 0.16826923076923078 0.15384615384615385
0 0.8834134615384616 0.5408653846153846 0.2283653846153846 0.2403846153846154
0 0.9471153846153846 0.33653846153846156 0.10096153846153846 0.1778846153846154