0 0.6706730769230769 0.9591346153846154 0.11298076923076923 0.07451923076923077
0 0.5925480769230769 0.9435096153846154 0.09134615384615384 0.08173076923076923
0 0.5432692307692307 0.9747596153846154 0.08653846153846154 0.04326923076923077
0 0.48677884615384615 0.9807692307692307 0.0673076923076923 0.03125
0 0.47716346153846156 0.9362980769230769 0.08653846153846154 0.09615384615384616
0 0.39903846153846156 0.9735576923076923 0.08653846153846154 0.04807692307692308
0 0.5516826923076923 0.8918269230769231 0.11298076923076923 0.10817307692307693
0 0.6526442307692307 0.8353365384615384 0.1201923076923077 0.1201923076923077
0 0.6706730769230769 0.8786057692307693 0.11298076923076923 0.0673076923076923
0 0.6826923076923077 0.9050480769230769 0.09615384615384616 0.057692307692307696
0 0.71875 0.953125 0.036057692307692304 0.08653846153846154
0 0.765625 0.9627403846153846 0.0673076923076923 0.0673076923076923
0 0.5901442307692307 0.7836538461538461 0.08653846153846154 0.10817307692307693
0 0.6598557692307693 0.7584134615384616 0.0625 0.057692307692307696
0 0.7115384615384616 0.7427884615384616 0.11298076923076923 0.09615384615384616
0 0.7367788461538461 0.796875 0.07211538461538461 0.057692307692307696
0 0.6418269230769231 0.6850961538461539 0.0673076923076923 0.10576923076923077
0 0.6887019230769231 0.6586538461538461 0.014423076923076924 0.026442307692307692
0 0.6394230769230769 0.6021634615384616 0.03125 0.0625
0 0.8425480769230769 0.5408653846153846 0.1201923076923077 0.23076923076923078
0 0.7680288461538461 0.5168269230769231 0.11298076923076923 0.19230769230769232
0 0.6935096153846154 0.5324519230769231 0.08653846153846154 0.13942307692307693
0 0.6983173076923077 0.6430288461538461 0.08653846153846154 0.09615384615384616
0 0.7704326923076923 0.6742788461538461 0.1201923076923077 0.09615384615384616
0 0.8173076923076923 0.7487980769230769 0.08653846153846154 0.07692307692307693
0 0.7548076923076923 0.9074519230769231 0.08653846153846154 0.1778846153846154
0 0.6153846153846154 0.07211538461538461 0.20192307692307693 0.14423076923076922
0 0.7728365384615384 0.10817307692307693 0.14423076923076922 0.21634615384615385
0 0.5492788461538461 0.20432692307692307 0.2644230769230769 0.10817307692307693
0 0.6730769230769231 0.32572115384615385 0.46875 0.30528846153846156
0 0.4639423076923077 0.5733173076923077 0.09134615384615384 0.10576923076923077
0 0.47475961538461536 0.5961538461538461 0.0625 0.057692307692307696
0 0.4254807692307692 0.6754807692307693 0.08653846153846154 0.09134615384615384
0 0.36899038461538464 0.7127403846153846 0.14903846153846154 0.05048076923076923
0 0.5132211538461539 0.7548076923076923 0.12980769230769232 0.03365384615384615
0 0.49278846153846156 0.7776442307692307 0.12980769230769232 0.03365384615384615
0 0.43509615384615385 0.7824519230769231 0.15865384615384615 0.07211538461538461
0 0.5673076923076923 0.5516826923076923 0.040865384615384616 0.052884615384615384
0 0.6033653846153846 0.5024038461538461 0.11298076923076923 0.09134615384615384
0 0.45913461538461536 0.5949519230769231 0.31971153846153844 0.3076923076923077
0 0.46634615384615385 0.8317307692307693 0.19230769230769232 0.18269230769230768
0 0.26802884615384615 0.7487980769230769 0.08173076923076923 0.09134615384615384
0 0.234375 0.6778846153846154 0.08653846153846154 0.0673076923076923
0 0.3016826923076923 0.6598557692307693 0.07692307692307693 0.07692307692307693
0 0.24759615384615385 0.6177884615384616 0.11298076923076923 0.06971153846153846
0 0.3269230769230769 0.5865384615384616 0.0673076923076923 0.0625
0 0.3401442307692308 0.5324519230769231 0.08173076923076923 0.052884615384615384
0 0.25 0.5661057692307693 0.08653846153846154 0.07211538461538461
0 0.21394230769230768 0.5480769230769231 0.057692307692307696 0.04807692307692308
0 0.18870192307692307 0.5985576923076923 0.057692307692307696 0.0625
0 0.15985576923076922 0.5612980769230769 0.040865384615384616 0.08173076923076923
0 0.13701923076923078 0.5324519230769231 0.057692307692307696 0.07692307692307693
0 0.1778846153846154 0.49038461538461536 0.08653846153846154 0.06971153846153846
0 0.12139423076923077 0.4675480769230769 0.0673076923076923 0.0625
0 0.14903846153846154 0.41346153846153844 0.040865384615384616 0.038461538461538464
0 0.18028846153846154 0.375 0.052884615384615384 0.052884615384615384
0 0.203125 0.41466346153846156 0.09615384615384616 0.10576923076923077
0 0.2548076923076923 0.43028846153846156 0.0673076923076923 0.10576923076923077
0 0.25 0.5060096153846154 0.057692307692307696 0.038461538461538464
0 0.3245192307692308 0.42908653846153844 0.08173076923076923 0.10817307692307693
0 0.29927884615384615 0.5024038461538461 0.07211538461538461 0.052884615384615384
0 0.3894230769230769 0.42908653846153844 0.036057692307692304 0.0625
0 0.36538461538461536 0.49038461538461536 0.07211538461538461 0.0625
0 0.3737980769230769 0.36899038461538464 0.057692307692307696 0.057692307692307696
0 0.19110576923076922 0.3125 0.0625 0.06971153846153846
0 0.15504807692307693 0.33413461538461536 0.040865384615384616 0.057692307692307696
0 0.13701923076923078 0.27163461538461536 0.07692307692307693 0.0673076923076923
0 0.21153846153846154 0.2668269230769231 0.0625 0.06971153846153846
0 0.2704326923076923 0.3016826923076923 0.09615384615384616 0.0625
0 0.22956730769230768 0.34615384615384615 0.057692307692307696 0.03365384615384615
0 0.2932692307692308 0.35336538461538464 0.08173076923076923 0.04326923076923077
0 0.35336538461538464 0.328125 0.0673076923076923 0.052884615384615384
0 0.31490384615384615 0.2800480769230769 0.09134615384615384 0.0673076923076923
0 0.2608173076923077 0.22956730769230768 0.09615384615384616 0.0889423076923077
0 0.3737980769230769 0.18389423076923078 0.0673076923076923 0.04326923076923077
0 0.3737980769230769 0.23317307692307693 0.07692307692307693 0.057692307692307696
0 0.4050480769230769 0.2800480769230769 0.057692307692307696 0.0673076923076923
0 0.3401442307692308 0.14302884615384615 0.07211538461538461 0.0625
0 0.21153846153846154 0.16466346153846154 0.15384615384615385 0.09615384615384616
0 0.29927884615384615 0.18870192307692307 0.07211538461538461 0.0625
0 0.33774038461538464 0.07572115384615384 0.04807692307692308 0.08173076923076923
0 0.26802884615384615 0.038461538461538464 0.09134615384615384 0.07692307692307693
0 0.2091346153846154 0.037259615384615384 0.1201923076923077 0.07211538461538461
0 0.13701923076923078 0.018028846153846152 0.09134615384615384 0.036057692307692304
0 0.12259615384615384 0.052884615384615384 0.11538461538461539 0.10576923076923077
0 0.234375 0.10216346153846154 0.08653846153846154 0.04326923076923077
0 0.10096153846153846 0.12379807692307693 0.1201923076923077 0.10817307692307693
0 0.07211538461538461 0.18389423076923078 0.125 0.04326923076923077
0 0.09014423076923077 0.21634615384615385 0.17067307692307693 0.03125
0 0.056490384615384616 0.2512019230769231 0.10336538461538461 0.04807692307692308
0 0.05889423076923077 0.2800480769230769 0.10817307692307693 0.08173076923076923
0 0.038461538461538464 0.021634615384615384 0.057692307692307696 0.04326923076923077