0 0.4266826923076923 0.11538461538461539 0.20432692307692307 0.22115384615384615
0 0.3485576923076923 0.1310096153846154 0.21634615384615385 0.18269230769230768
0 0.6310096153846154 0.19951923076923078 0.1778846153846154 0.1875
0 0.5649038461538461 0.055288461538461536 0.019230769230769232 0.014423076923076924
0 0.5444711538461539 0.010817307692307692 0.021634615384615384 0.014423076923076924
0 0.5396634615384616 0.036057692307692304 0.014423076923076924 0.019230769230769232
0 0.5216346153846154 0.03125 0.014423076923076924 0.026442307692307692
0 0.6129807692307693 0.037259615384615384 0.019230769230769232 0.014423076923076924
0 0.6418269230769231 0.026442307692307692 0.021634615384615384 0.026442307692307692
0 0.9290865384615384 0.018028846153846152 0.019230769230769232 0.019230769230769232
0 0.9134615384615384 0.039663461538461536 0.021634615384615384 0.019230769230769232
0 0.90625 0.010817307692307692 0.009615384615384616 0.014423076923076924
0 0.8713942307692307 0.026442307692307692 0.019230769230769232 0.026442307692307692
0 0.8713942307692307 0.0625 0.019230769230769232 0.009615384615384616
0 0.19110576923076922 0.8737980769230769 0.37740384615384615 0.24759615384615385
0 0.1778846153846154 0.7043269230769231 0.27403846153846156 0.2548076923076923
0 0.12620192307692307 0.5372596153846154 0.24519230769230768 0.20432692307692307
0 0.3004807692307692 0.40865384615384615 0.12980769230769232 0.09615384615384616
0 0.25721153846153844 0.49759615384615385 0.11538461538461539 0.08173076923076923
0 0.19831730769230768 0.4110576923076923 0.0673076923076923 0.0673076923076923
0 0.15745192307692307 0.41586538461538464 0.07692307692307693 0.08413461538461539
0 0.14182692307692307 0.3581730769230769 0.08173076923076923 0.03125
0 0.25961538461538464 0.3605769230769231 0.12980769230769232 0.0625
0 0.29086538461538464 0.2932692307692308 0.10096153846153846 0.052884615384615384
0 0.2956730769230769 0.19831730769230768 0.09375 0.08413461538461539
0 0.41346153846153844 0.29086538461538464 0.07211538461538461 0.07692307692307693
0 0.2091346153846154 0.2668269230769231 0.11538461538461539 0.08173076923076923
0 0.42427884615384615 0.453125 0.057692307692307696 0.08173076923076923
0 0.4110576923076923 0.29086538461538464 0.08413461538461539 0.08413461538461539
0 0.49278846153846156 0.33774038461538464 0.07211538461538461 0.036057692307692304
0 0.2824519230769231 0.375 0.5024038461538461 0.4230769230769231
0 0.48197115384615385 0.15504807692307693 0.004807692307692308 0
0 0.46274038461538464 0.2692307692307692 0.14182692307692307 0.09375
0 0.8137019230769231 0.3449519230769231 0.1778846153846154 0.19230769230769232
0 0.7884615384615384 0.23076923076923078 0.10096153846153846 0.08173076923076923
0 0.8557692307692307 0.23317307692307693 0.04807692307692308 0.021634615384615384
0 0.7572115384615384 0.4266826923076923 0.07692307692307693 0.052884615384615384
0 0.9026442307692307 0.2800480769230769 0.0889423076923077 0.1875
0 0.7692307692307693 0.06850961538461539 0.16826923076923078 0.038461538461538464
0 0.8245192307692307 0.09375 0.22596153846153846 0.1778846153846154
0 0.8161057692307693 0.09975961538461539 0.19951923076923078 0.19230769230769232
0 0.8605769230769231 0.1622596153846154 0.08413461538461539 0.057692307692307696
0 0.8161057692307693 0.16466346153846154 0.07692307692307693 0.07211538461538461
0 0.7728365384615384 0.15985576923076922 0.08173076923076923 0.07211538461538461
0 0.7596153846153846 0.16947115384615385 0.0625 0.07211538461538461
0 0.8161057692307693 0.125 0.17307692307692307 0.07211538461538461
0 0.8173076923076923 0.5024038461538461 0.2932692307692308 0.15865384615384615
0 0.7800480769230769 0.625 0.2091346153846154 0.15384615384615385
0 0.7872596153846154 0.7560096153846154 0.15144230769230768 0.15144230769230768
0 0.6646634615384616 0.7824519230769231 0.12980769230769232 0.15144230769230768
0 0.6310096153846154 0.6598557692307693 0.14182692307692307 0.12980769230769232
0 0.6225961538461539 0.5264423076923077 0.1346153846153846 0.1201923076923077
0 0.49759615384615385 0.4375 0.1346153846153846 0.1201923076923077
0 0.6225961538461539 0.38461538461538464 0.1971153846153846 0.16346153846153846
0 0.5048076923076923 0.5552884615384616 0.13942307692307693 0.1346153846153846
0 0.53125 0.7800480769230769 0.12980769230769232 0.16346153846153846
0 0.4579326923076923 0.7572115384615384 0.14182692307692307 0.21634615384615385
0 0.47596153846153844 0.6995192307692307 0.20432692307692307 0.21634615384615385
0 0.42427884615384615 0.6778846153846154 0.11057692307692307 0.16346153846153846
0 0.38461538461538464 0.6935096153846154 0.13942307692307693 0.21153846153846154
0 0.3798076923076923 0.6490384615384616 0.11057692307692307 0.1778846153846154
0 0.34615384615384615 0.578125 0.21153846153846154 0.15865384615384615
0 0.2824519230769231 0.5372596153846154 0.19230769230769232 0.1346153846153846
0 0.375 0.6105769230769231 0.11057692307692307 0.1466346153846154
0 0.65625 0.9447115384615384 0.08173076923076923 0.10576923076923077
0 0.7980769230769231 0.9002403846153846 0.08413461538461539 0.10096153846153846
0 0.9471153846153846 0.8161057692307693 0.09615384615384616 0.0673076923076923