0 0.43028846153846156 0.8557692307692307 0.42788461538461536 0.27884615384615385
0 0.1622596153846154 0.6826923076923077 0.3173076923076923 0.46875
0 0.36538461538461536 0.5 0.375 0.5480769230769231
0 0.15865384615384615 0.21634615384615385 0.3076923076923077 0.4326923076923077
0 0.09615384615384616 0.4411057692307692 0.18509615384615385 0.18028846153846154
0 0.35697115384615385 0.18028846153846154 0.1346153846153846 0.125
0 0.3581730769230769 0.06009615384615385 0.14903846153846154 0.1201923076923077
0 0.5132211538461539 0.19591346153846154 0.34134615384615385 0.3918269230769231
0 0.32211538461538464 0.1778846153846154 0.057692307692307696 0.10817307692307693
0 0.6105769230769231 0.5564903846153846 0.23076923076923078 0.3605769230769231
0 0.8461538461538461 0.7463942307692307 0.30288461538461536 0.5024038461538461
0 0.7776442307692307 0.3449519230769231 0.25961538461538464 0.3701923076923077
0 0.8028846153846154 0.11899038461538461 0.23076923076923078 0.23557692307692307
0 0.6875 0.046875 0.12980769230769232 0.09134615384615384
0 0.9579326923076923 0.17427884615384615 0.07932692307692307 0.2668269230769231
0 0.9362980769230769 0.4651442307692308 0.12259615384615384 0.31490384615384615