0 0.9411057692307693 0.8822115384615384 0.11057692307692307 0.22355769230769232
0 0.8317307692307693 0.9086538461538461 0.14182692307692307 0.17067307692307693
0 0.90625 0.75 0.12740384615384615 0.18269230769230768
0 0.9819711538461539 0.7475961538461539 0.028846153846153848 0.08173076923076923
0 0.9615384615384616 0.6057692307692307 0.07211538461538461 0.19951923076923078
0 0.9194711538461539 0.44711538461538464 0.10096153846153846 0.22355769230769232
0 0.9747596153846154 0.43509615384615385 0.04326923076923077 0.16346153846153846
0 0.953125 0.27884615384615385 0.08653846153846154 0.18269230769230768
0 0.8617788461538461 0.21754807692307693 0.11538461538461539 0.1875
0 0.8858173076923077 0.09375 0.10817307692307693 0.1778846153846154
0 0.9675480769230769 0.1201923076923077 0.057692307692307696 0.1466346153846154
0 0.7487980769230769 0.13581730769230768 0.14423076923076922 0.24759615384615385
0 0.7524038461538461 0.3762019230769231 0.11778846153846154 0.23557692307692307
0 0.6850961538461539 0.4735576923076923 0.07692307692307693 0.1466346153846154
0 0.7271634615384616 0.5913461538461539 0.1201923076923077 0.20673076923076922
0 0.78125 0.7295673076923077 0.1201923076923077 0.1778846153846154
0 0.7283653846153846 0.8533653846153846 0.125 0.21153846153846154
0 0.6887019230769231 0.9411057692307693 0.11778846153846154 0.10576923076923077
0 0.6346153846153846 0.7211538461538461 0.14423076923076922 0.2403846153846154
0 0.609375 0.5180288461538461 0.11538461538461539 0.21153846153846154
0 0.6334134615384616 0.3737980769230769 0.1201923076923077 0.08653846153846154
0 0.6213942307692307 0.2824519230769231 0.125 0.21153846153846154
0 0.6310096153846154 0.12379807692307693 0.09615384615384616 0.1778846153846154
0 0.6586538461538461 0.026442307692307692 0.11778846153846154 0.052884615384615384
0 0.5769230769230769 0.09735576923076923 0.07211538461538461 0.18269230769230768
0 0.546875 0.030048076923076924 0.10336538461538461 0.06009615384615385
0 0.5408653846153846 0.15865384615384615 0.07211538461538461 0.11778846153846154
0 0.5180288461538461 0.2620192307692308 0.10817307692307693 0.1466346153846154
0 0.515625 0.4206730769230769 0.10817307692307693 0.17067307692307693
0 0.4483173076923077 0.5673076923076923 0.1346153846153846 0.23076923076923078
0 0.5384615384615384 0.6442307692307693 0.08173076923076923 0.18269230769230768
0 0.5252403846153846 0.5444711538461539 0.052884615384615384 0.08653846153846154
0 0.5204326923076923 0.7620192307692307 0.09615384615384616 0.17067307692307693
0 0.5685096153846154 0.9002403846153846 0.12740384615384615 0.1875
0 0.5324519230769231 0.9675480769230769 0.1201923076923077 0.052884615384615384
0 0.6382211538461539 0.8617788461538461 0.05048076923076923 0.052884615384615384
0 0.45072115384615385 0.8942307692307693 0.1346153846153846 0.19951923076923078
0 0.4206730769230769 0.7319711538461539 0.1201923076923077 0.18269230769230768
0 0.3605769230769231 0.5673076923076923 0.0673076923076923 0.18269230769230768
0 0.40865384615384615 0.38221153846153844 0.11057692307692307 0.19951923076923078
0 0.4423076923076923 0.19951923076923078 0.125 0.21153846153846154
0 0.46274038461538464 0.05889423076923077 0.10576923076923077 0.11778846153846154
0 0.375 0.046875 0.11057692307692307 0.09375
0 0.31490384615384615 0.09975961538461539 0.14423076923076922 0.19951923076923078
0 0.3137019230769231 0.19110576923076922 0.08653846153846154 0.11057692307692307
0 0.375 0.21153846153846154 0.0625 0.15384615384615385
0 0.296875 0.34375 0.1201923076923077 0.20673076923076922
0 0.21754807692307693 0.44711538461538464 0.125 0.21153846153846154
0 0.2764423076923077 0.65625 0.12740384615384615 0.21634615384615385
0 0.32211538461538464 0.5 0.08413461538461539 0.09375
0 0.34375 0.8269230769230769 0.10096153846153846 0.23076923076923078
0 0.38100961538461536 0.9711538461538461 0.08173076923076923 0.04807692307692308
0 0.2764423076923077 0.8882211538461539 0.1201923076923077 0.21153846153846154
0 0.16826923076923078 0.9326923076923077 0.14182692307692307 0.125
0 0.18389423076923078 0.8677884615384616 0.07692307692307693 0.08653846153846154
0 0.21033653846153846 0.7704326923076923 0.13942307692307693 0.16346153846153846
0 0.09375 0.8882211538461539 0.08653846153846154 0.16346153846153846
0 0.14423076923076922 0.8329326923076923 0.08173076923076923 0.10096153846153846
0 0.10576923076923077 0.7055288461538461 0.125 0.1875
0 0.19831730769230768 0.6262019230769231 0.08173076923076923 0.1346153846153846
0 0.14302884615384615 0.48197115384615385 0.10576923076923077 0.23557692307692307
0 0.1141826923076923 0.5877403846153846 0.09375 0.12980769230769232
0 0.06850961538461539 0.49158653846153844 0.0625 0.15865384615384615
0 0.07572115384615384 0.40865384615384615 0.08413461538461539 0.11057692307692307
0 0.16947115384615385 0.29086538461538464 0.10576923076923077 0.15865384615384615
0 0.23677884615384615 0.30288461538461536 0.04326923076923077 0.10096153846153846
0 0.1814903846153846 0.11177884615384616 0.1346153846153846 0.22355769230769232
0 0.13341346153846154 0.203125 0.038461538461538464 0.07692307692307693
0 0.08413461538461539 0.3004807692307692 0.07451923076923077 0.10576923076923077
0 0.07451923076923077 0.17908653846153846 0.10096153846153846 0.17067307692307693
0 0.0673076923076923 0.09975961538461539 0.08173076923076923 0.07211538461538461
0 0.06850961538461539 0.03245192307692308 0.09615384615384616 0.06490384615384616
0 0.015625 0.17668269230769232 0.028846153846153848 0.19951923076923078
0 0.027644230769230768 0.33653846153846156 0.055288461538461536 0.1201923076923077
0 0.019230769230769232 0.453125 0.038461538461538464 0.18028846153846154
0 0.037259615384615384 0.5793269230769231 0.07451923076923077 0.10096153846153846
0 0.030048076923076924 0.6911057692307693 0.06009615384615385 0.17067307692307693
0 0.04447115384615385 0.8353365384615384 0.0889423076923077 0.18028846153846154
0 0.030048076923076924 0.9591346153846154 0.06009615384615385 0.07211538461538461
0 0.4987980769230769 0.49759615384615385 0.9951923076923077 0.9951923076923077