0 0.4375 0.7800480769230769 0.2620192307692308 0.40865384615384615
0 0.1875 0.7908653846153846 0.2548076923076923 0.40865384615384615
0 0.04927884615384615 0.8293269230769231 0.09134615384615384 0.18269230769230768
0 0.12259615384615384 0.5817307692307693 0.07932692307692307 0.125
0 0.06610576923076923 0.48197115384615385 0.125 0.19951923076923078
0 0.24278846153846154 0.4891826923076923 0.10576923076923077 0.19471153846153846
0 0.46153846153846156 0.4735576923076923 0.09134615384615384 0.18269230769230768
0 0.5625 0.4110576923076923 0.11778846153846154 0.22596153846153846
0 0.6802884615384616 0.6706730769230769 0.20192307692307693 0.3557692307692308
0 0.8689903846153846 0.5817307692307693 0.18509615384615385 0.33653846153846156
0 0.296875 0.35096153846153844 0.06490384615384616 0.11538461538461539
0 0.19471153846153846 0.3485576923076923 0.07211538461538461 0.0889423076923077
0 0.07211538461538461 0.3401442307692308 0.1201923076923077 0.07211538461538461
0 0.4831730769230769 0.1935096153846154 0.04807692307692308 0.04326923076923077
0 0.9663461538461539 0.4651442307692308 0.0625 0.24759615384615385