0 0.7463942307692307 0.1875 0.21153846153846154 0.1346153846153846
0 0.8197115384615384 0.3329326923076923 0.25 0.15625
0 0.8473557692307693 0.5324519230769231 0.21875 0.18509615384615385
0 0.8822115384615384 0.6802884615384616 0.21153846153846154 0.1466346153846154
0 0.8221153846153846 0.8894230769230769 0.17307692307692307 0.21634615384615385
0 0.7235576923076923 0.8365384615384616 0.15865384615384615 0.125
0 0.7175480769230769 0.9507211538461539 0.18509615384615385 0.09375
0 0.9338942307692307 0.8894230769230769 0.1201923076923077 0.11298076923076923
0 0.9098557692307693 0.796875 0.16826923076923078 0.08653846153846154
0 0.6069711538461539 0.8341346153846154 0.0673076923076923 0.11298076923076923
0 0.5877403846153846 0.9459134615384616 0.09134615384615384 0.10096153846153846
0 0.6887019230769231 0.7548076923076923 0.16346153846153846 0.038461538461538464
0 0.5024038461538461 0.8509615384615384 0.14182692307692307 0.12980769230769232
0 0.43990384615384615 0.8930288461538461 0.16826923076923078 0.1201923076923077
0 0.4266826923076923 0.7704326923076923 0.12980769230769232 0.11538461538461539
0 0.3473557692307692 0.7620192307692307 0.125 0.12740384615384615
0 0.4807692307692308 0.6634615384615384 0.16346153846153846 0.14182692307692307
0 0.5877403846153846 0.6478365384615384 0.16826923076923078 0.14423076923076922
0 0.390625 0.6658653846153846 0.038461538461538464 0.06490384615384616
0 0.34975961538461536 0.6105769230769231 0.12980769230769232 0.06490384615384616
0 0.35216346153846156 0.5769230769230769 0.25721153846153844 0.14903846153846154
0 0.4098557692307692 0.43509615384615385 0.0985576923076923 0.1346153846153846
0 0.5240384615384616 0.47115384615384615 0.2956730769230769 0.23076923076923078
0 0.4807692307692308 0.2800480769230769 0.3076923076923077 0.20192307692307693
0 0.234375 0.30408653846153844 0.35096153846153844 0.375