0 0.7487980769230769 0.3581730769230769 0.4495192307692308 0.18990384615384615
0 0.3293269230769231 0.26322115384615385 0.3485576923076923 0.14903846153846154
0 0.33533653846153844 0.453125 0.4423076923076923 0.21875
0 0.7115384615384616 0.5108173076923077 0.32211538461538464 0.15144230769230768
0 0.5204326923076923 0.6394230769230769 0.3701923076923077 0.18269230769230768
0 0.8425480769230769 0.671875 0.30288461538461536 0.18269230769230768
0 0.9435096153846154 0.4891826923076923 0.10096153846153846 0.15144230769230768
0 0.38221153846153844 0.7896634615384616 0.3629807692307692 0.14903846153846154
0 0.6346153846153846 0.15384615384615385 0.3557692307692308 0.17307692307692307
0 0.16346153846153846 0.9375 0.3269230769230769 0.1201923076923077
0 0.046875 0.8509615384615384 0.09375 0.08653846153846154