0 0.11658653846153846 0.7824519230769231 0.15144230769230768 0.22115384615384615
0 0.07211538461538461 0.5817307692307693 0.10096153846153846 0.23317307692307693
0 0.13701923076923078 0.29927884615384615 0.12259615384615384 0.32211538461538464
0 0.23317307692307693 0.13822115384615385 0.10817307692307693 0.25240384615384615
0 0.31490384615384615 0.4963942307692308 0.0625 0.2764423076923077
0 0.22596153846153846 0.53125 0.10096153846153846 0.22115384615384615
0 0.40865384615384615 0.5721153846153846 0.10576923076923077 0.21394230769230768
0 0.5456730769230769 0.42427884615384615 0.11057692307692307 0.24519230769230768
0 0.5324519230769231 0.14783653846153846 0.11057692307692307 0.25961538461538464
0 0.6838942307692307 0.8016826923076923 0.09615384615384616 0.15865384615384615
0 0.5961538461538461 0.6826923076923077 0.09134615384615384 0.16826923076923078
0 0.6526442307692307 0.5504807692307693 0.07692307692307693 0.15865384615384615
0 0.6971153846153846 0.5853365384615384 0.09134615384615384 0.22596153846153846
0 0.7764423076923077 0.7487980769230769 0.08173076923076923 0.21394230769230768
0 0.8257211538461539 0.7103365384615384 0.09134615384615384 0.1778846153846154
0 0.9086538461538461 0.8557692307692307 0.13942307692307693 0.2764423076923077
0 0.9350961538461539 0.6105769230769231 0.12259615384615384 0.3269230769230769
0 0.90625 0.4963942307692308 0.13942307692307693 0.25240384615384615
0 0.9807692307692307 0.4879807692307692 0.03125 0.18269230769230768
0 0.9651442307692307 0.2800480769230769 0.0625 0.24519230769230768
0 0.9699519230769231 0.06971153846153846 0.052884615384615384 0.13942307692307693
0 0.9350961538461539 0.14423076923076922 0.06009615384615385 0.11298076923076923
0 0.8677884615384616 0.0733173076923077 0.10576923076923077 0.14182692307692307
0 0.7860576923076923 0.15144230769230768 0.10096153846153846 0.25240384615384615
0 0.8677884615384616 0.2764423076923077 0.125 0.22596153846153846
0 0.8209134615384616 0.5192307692307693 0.07692307692307693 0.23317307692307693
0 0.7487980769230769 0.3894230769230769 0.1201923076923077 0.25240384615384615
0 0.6478365384615384 0.3076923076923077 0.10817307692307693 0.28846153846153844
0 0.7055288461538461 0.15985576923076922 0.10336538461538461 0.20673076923076922
0 0.6105769230769231 0.15745192307692307 0.0889423076923077 0.1778846153846154