0 0.375 0.7716346153846154 0.37740384615384615 0.3942307692307692
0 0.042067307692307696 0.8569711538461539 0.07932692307692307 0.06971153846153846
0 0.057692307692307696 0.7908653846153846 0.08173076923076923 0.052884615384615384
0 0.01201923076923077 0.7956730769230769 0.019230769230769232 0.04807692307692308
0 0.21754807692307693 0.025240384615384616 0.0985576923076923 0.05048076923076923
0 0.7115384615384616 0.6069711538461539 0.38221153846153844 0.3942307692307692
0 0.2848557692307692 0.40384615384615385 0.33653846153846156 0.33653846153846156
0 0.6995192307692307 0.21153846153846154 0.40384615384615385 0.3942307692307692
0 0.7932692307692307 0.8112980769230769 0.23557692307692307 0.15384615384615385
0 0.9110576923076923 0.9026442307692307 0.16826923076923078 0.1875
0 0.9627403846153846 0.7223557692307693 0.0673076923076923 0.18269230769230768