0 0.6826923076923077 0.10336538461538461 0.42788461538461536 0.19951923076923078
0 0.8966346153846154 0.18509615384615385 0.1971153846153846 0.34134615384615385
0 0.7896634615384616 0.3557692307692308 0.36538461538461536 0.3269230769230769
0 0.8713942307692307 0.6165865384615384 0.24519230769230768 0.4182692307692308
0 0.9423076923076923 0.5360576923076923 0.10336538461538461 0.28846153846153844
0 0.8786057692307693 0.9074519230769231 0.23798076923076922 0.18028846153846154
0 0.5925480769230769 0.8713942307692307 0.6514423076923077 0.25240384615384615
0 0.6418269230769231 0.6454326923076923 0.4423076923076923 0.3076923076923077
0 0.4675480769230769 0.38221153846153844 0.40865384615384615 0.33413461538461536
0 0.4807692307692308 0.1622596153846154 0.3173076923076923 0.30288461538461536
0 0.39302884615384615 0.06129807692307692 0.23076923076923078 0.11538461538461539
0 0.234375 0.21033653846153846 0.3269230769230769 0.22596153846153846
0 0.16706730769230768 0.0733173076923077 0.28846153846153844 0.13942307692307693
0 0.10576923076923077 0.24519230769230768 0.20673076923076922 0.19230769230769232
0 0.1971153846153846 0.4387019230769231 0.16346153846153846 0.20673076923076922
0 0.40384615384615385 0.6418269230769231 0.23076923076923078 0.2644230769230769
0 0.22716346153846154 0.6622596153846154 0.3004807692307692 0.2764423076923077
0 0.296875 0.8798076923076923 0.27163461538461536 0.23557692307692307
0 0.12259615384615384 0.8641826923076923 0.22355769230769232 0.23076923076923078
0 0.10216346153846154 0.6923076923076923 0.19951923076923078 0.28846153846153844
0 0.07692307692307693 0.46033653846153844 0.15384615384615385 0.22115384615384615
0 0.10216346153846154 0.9747596153846154 0.19951923076923078 0.04567307692307692
0 0.4987980769230769 0.5 0.9927884615384616 0.9951923076923077