0 0.35096153846153844 0.7620192307692307 0.3076923076923077 0.28365384615384615
0 0.5901442307692307 0.8052884615384616 0.20192307692307693 0.1201923076923077
0 0.5024038461538461 0.6682692307692307 0.13942307692307693 0.12980769230769232
0 0.44591346153846156 0.5384615384615384 0.20192307692307693 0.23557692307692307
0 0.3269230769230769 0.4423076923076923 0.1201923076923077 0.09615384615384616
0 0.30649038461538464 0.3605769230769231 0.27403846153846156 0.22115384615384615
0 0.15504807692307693 0.42908653846153844 0.10336538461538461 0.07692307692307693
0 0.11298076923076923 0.5120192307692307 0.08173076923076923 0.14423076923076922
0 0.07692307692307693 0.38822115384615385 0.07211538461538461 0.08173076923076923
0 0.10576923076923077 0.28966346153846156 0.18028846153846154 0.15384615384615385
0 0.1310096153846154 0.2800480769230769 0.14903846153846154 0.1201923076923077
0 0.19110576923076922 0.21394230769230768 0.14423076923076922 0.11057692307692307
0 0.13701923076923078 0.13341346153846154 0.08653846153846154 0.07211538461538461
0 0.17908653846153846 0.06850961538461539 0.15144230769230768 0.13221153846153846
0 0.26322115384615385 0.10096153846153846 0.15384615384615385 0.12980769230769232
0 0.3016826923076923 0.21033653846153846 0.10817307692307693 0.10576923076923077
0 0.44350961538461536 0.18509615384615385 0.24759615384615385 0.21634615384615385
0 0.515625 0.1971153846153846 0.22596153846153846 0.16826923076923078
0 0.43149038461538464 0.04447115384615385 0.31971153846153844 0.08413461538461539
0 0.5528846153846154 0.06370192307692307 0.22115384615384615 0.12259615384615384
0 0.7007211538461539 0.13942307692307693 0.21634615384615385 0.1466346153846154
0 0.8064903846153846 0.1814903846153846 0.12980769230769232 0.09134615384615384
0 0.7367788461538461 0.037259615384615384 0.21634615384615385 0.07211538461538461
0 0.7632211538461539 0.2932692307692308 0.3076923076923077 0.16346153846153846
0 0.7608173076923077 0.4483173076923077 0.25240384615384615 0.19230769230769232
0 0.5697115384615384 0.3088942307692308 0.1201923076923077 0.07692307692307693
0 0.48197115384615385 0.3317307692307692 0.09615384615384616 0.06971153846153846
0 0.5 0.38221153846153844 0.08173076923076923 0.06971153846153846
0 0.5228365384615384 0.4651442307692308 0.08653846153846154 0.0889423076923077
0 0.5564903846153846 0.5564903846153846 0.09134615384615384 0.10096153846153846
0 0.6778846153846154 0.6658653846153846 0.12980769230769232 0.09615384615384616
0 0.6262019230769231 0.7379807692307693 0.15865384615384615 0.08653846153846154
0 0.75 0.6394230769230769 0.10817307692307693 0.0889423076923077
0 0.7728365384615384 0.5709134615384616 0.09134615384615384 0.06971153846153846
0 0.6622596153846154 0.5709134615384616 0.12980769230769232 0.09134615384615384
0 0.5949519230769231 0.47836538461538464 0.10817307692307693 0.10096153846153846
0 0.5973557692307693 0.3798076923076923 0.11298076923076923 0.0889423076923077
0 0.3870192307692308 0.38822115384615385 0.1346153846153846 0.09615384615384616
0 0.25 0.5612980769230769 0.25240384615384615 0.22115384615384615