0 0.6514423076923077 0.4170673076923077 0.5649038461538461 0.3004807692307692
0 0.23798076923076922 0.5997596153846154 0.4639423076923077 0.28846153846153844
0 0.21754807692307693 0.2848557692307692 0.4230769230769231 0.34375
0 0.43149038461538464 0.125 0.6730769230769231 0.24278846153846154
0 0.2704326923076923 0.9254807692307693 0.53125 0.14423076923076922
0 0.7211538461538461 0.5961538461538461 0.5528846153846154 0.20192307692307693
0 0.6069711538461539 0.7379807692307693 0.4639423076923077 0.21634615384615385
0 0.6105769230769231 0.9819711538461539 0.16346153846153846 0.03125
0 0.8100961538461539 0.15504807692307693 0.32211538461538464 0.21634615384615385
0 0.8605769230769231 0.03365384615384615 0.24519230769230768 0.06009615384615385
0 0.9711538461538461 0.09014423076923077 0.052884615384615384 0.16105769230769232
0 0.8617788461538461 0.2764423076923077 0.27163461538461536 0.21634615384615385
0 0.9459134615384616 0.4411057692307692 0.10576923076923077 0.21153846153846154
0 0.9146634615384616 0.6526442307692307 0.1658653846153846 0.2283653846153846