0 0.05889423076923077 0.6009615384615384 0.11057692307692307 0.7884615384615384
0 0.10096153846153846 0.39663461538461536 0.10576923076923077 0.34615384615384615
0 0.20432692307692307 0.7007211538461539 0.10336538461538461 0.5865384615384616
0 0.2920673076923077 0.7115384615384616 0.11778846153846154 0.5649038461538461
0 0.37740384615384615 0.6081730769230769 0.15865384615384615 0.7716346153846154
0 0.5204326923076923 0.6274038461538461 0.19230769230769232 0.7331730769230769
0 0.5 0.8100961538461539 0.08173076923076923 0.3701923076923077
0 0.6370192307692307 0.6706730769230769 0.23557692307692307 0.6466346153846154
0 0.6490384615384616 0.6466346153846154 0.3076923076923077 0.6971153846153846
0 0.7115384615384616 0.5793269230769231 0.3076923076923077 0.8317307692307693
0 0.859375 0.6322115384615384 0.2764423076923077 0.625
0 0.8581730769230769 0.7716346153846154 0.057692307692307696 0.10817307692307693
0 0.8365384615384616 0.4182692307692308 0.32211538461538464 0.47115384615384615
0 0.8497596153846154 0.24158653846153846 0.2956730769230769 0.47836538461538464
0 0.9495192307692307 0.23197115384615385 0.09615384615384616 0.16105769230769232
0 0.9098557692307693 0.08653846153846154 0.17548076923076922 0.16826923076923078
0 0.7259615384615384 0.027644230769230768 0.1971153846153846 0.055288461538461536
0 0.5408653846153846 0.09615384615384616 0.3269230769230769 0.1875
0 0.36899038461538464 0.15144230769230768 0.3581730769230769 0.2980769230769231
0 0.15264423076923078 0.2247596153846154 0.30528846153846156 0.44471153846153844