0 0.7091346153846154 0.2764423076923077 0.4807692307692308 0.3269230769230769
0 0.6526442307692307 0.38461538461538464 0.5408653846153846 0.28846153846153844
0 0.6129807692307693 0.4879807692307692 0.5144230769230769 0.28365384615384615
0 0.5853365384615384 0.5600961538461539 0.44711538461538464 0.2403846153846154
0 0.6129807692307693 0.6935096153846154 0.2692307692307692 0.3894230769230769
0 0.43509615384615385 0.7355769230769231 0.24278846153846154 0.42788461538461536
0 0.29927884615384615 0.7139423076923077 0.23557692307692307 0.3701923076923077
0 0.21875 0.6538461538461539 0.2932692307692308 0.24278846153846154
0 0.17668269230769232 0.5757211538461539 0.3485576923076923 0.1658653846153846
0 0.24519230769230768 0.3112980769230769 0.375 0.375
0 0.4098557692307692 0.28966346153846156 0.27403846153846156 0.4326923076923077
0 0.25 0.4110576923076923 0.15865384615384615 0.20432692307692307
0 0.21875 0.23798076923076922 0.33653846153846156 0.2980769230769231
0 0.1778846153846154 0.3112980769230769 0.23076923076923078 0.33653846153846156