0 0.12980769230769232 0.6586538461538461 0.052884615384615384 0.06490384615384616
0 0.15264423076923078 0.6201923076923077 0.08653846153846154 0.06490384615384616
0 0.14783653846153846 0.5685096153846154 0.0985576923076923 0.10576923076923077
0 0.13221153846153846 0.03245192307692308 0.0673076923076923 0.057692307692307696
0 0.17067307692307693 0.051682692307692304 0.08173076923076923 0.09615384615384616
0 0.24879807692307693 0.04447115384615385 0.11538461538461539 0.08173076923076923
0 0.30288461538461536 0.1045673076923077 0.12980769230769232 0.08173076923076923
0 0.23317307692307693 0.09134615384615384 0.07211538461538461 0.038461538461538464
0 0.22596153846153846 0.14302884615384615 0.11057692307692307 0.08653846153846154
0 0.3233173076923077 0.171875 0.13942307692307693 0.09134615384615384
0 0.44350961538461536 0.06490384615384616 0.1201923076923077 0.09134615384615384
0 0.3425480769230769 0.015625 0.0625 0.02403846153846154
0 0.3233173076923077 0.2764423076923077 0.1201923076923077 0.07211538461538461
0 0.2932692307692308 0.2247596153846154 0.07692307692307693 0.04567307692307692
0 0.20192307692307693 0.25240384615384615 0.052884615384615384 0.052884615384615384
0 0.12740384615384615 0.25240384615384615 0.057692307692307696 0.052884615384615384
0 0.3473557692307692 0.4375 0.09375 0.08173076923076923
0 0.390625 0.42908653846153844 0.0673076923076923 0.09615384615384616
0 0.2692307692307692 0.45072115384615385 0.07211538461538461 0.052884615384615384
0 0.3112980769230769 0.5024038461538461 0.125 0.04807692307692308
0 0.2439903846153846 0.5841346153846154 0.10336538461538461 0.0625
0 0.22596153846153846 0.6033653846153846 0.057692307692307696 0.038461538461538464
0 0.30528846153846156 0.5841346153846154 0.125 0.08413461538461539
0 0.35697115384615385 0.5264423076923077 0.1658653846153846 0.09134615384615384
0 0.8653846153846154 0.9699519230769231 0.08653846153846154 0.055288461538461536
0 0.8858173076923077 0.9182692307692307 0.0625 0.05048076923076923
0 0.8545673076923077 0.8641826923076923 0.07211538461538461 0.06490384615384616
0 0.8389423076923077 0.7884615384615384 0.07211538461538461 0.07211538461538461
0 0.8786057692307693 0.7439903846153846 0.04807692307692308 0.052884615384615384
0 0.8605769230769231 0.7079326923076923 0.0625 0.04326923076923077
0 0.8858173076923077 0.6826923076923077 0.052884615384615384 0.04567307692307692
0 0.8269230769230769 0.6622596153846154 0.07692307692307693 0.06490384615384616
0 0.8605769230769231 0.6225961538461539 0.11538461538461539 0.0625
0 0.9098557692307693 0.6237980769230769 0.0985576923076923 0.09615384615384616
0 0.9555288461538461 0.6730769230769231 0.08653846153846154 0.11057692307692307
0 0.9387019230769231 0.6382211538461539 0.11778846153846154 0.07932692307692307
0 0.9567307692307693 0.5661057692307693 0.08173076923076923 0.0889423076923077
0 0.890625 0.5528846153846154 0.07211538461538461 0.052884615384615384
0 0.9555288461538461 0.4831730769230769 0.08653846153846154 0.08173076923076923
0 0.9375 0.4735576923076923 0.07211538461538461 0.0673076923076923
0 0.9483173076923077 0.4375 0.0625 0.026442307692307692
0 0.8834134615384616 0.48677884615384615 0.057692307692307696 0.057692307692307696
0 0.9855769230769231 0.41225961538461536 0.02403846153846154 0.055288461538461536
0 0.9591346153846154 0.3545673076923077 0.07692307692307693 0.06971153846153846
0 0.9519230769230769 0.28966346153846156 0.09134615384615384 0.07451923076923077
0 0.9567307692307693 0.23317307692307693 0.08173076923076923 0.057692307692307696
0 0.8834134615384616 0.2403846153846154 0.08653846153846154 0.0673076923076923
0 0.8269230769230769 0.21033653846153846 0.08653846153846154 0.07692307692307693
0 0.7740384615384616 0.1778846153846154 0.0673076923076923 0.08173076923076923
0 0.7896634615384616 0.12740384615384615 0.08653846153846154 0.06490384615384616
0 0.7848557692307693 0.08413461538461539 0.04807692307692308 0.038461538461538464
0 0.7512019230769231 0.04807692307692308 0.052884615384615384 0.04326923076923077
0 0.7463942307692307 0.09375 0.052884615384615384 0.04807692307692308
0 0.7259615384615384 0.0625 0.03125 0.04326923076923077
0 0.6862980769230769 0.09014423076923077 0.0673076923076923 0.06490384615384616
0 0.6526442307692307 0.051682692307692304 0.11538461538461539 0.04807692307692308
0 0.6298076923076923 0.09495192307692307 0.057692307692307696 0.0625
0 0.6971153846153846 0.025240384615384616 0.057692307692307696 0.04326923076923077
0 0.6237980769230769 0.016826923076923076 0.0985576923076923 0.026442307692307692
0 0.5721153846153846 0.026442307692307692 0.07692307692307693 0.04567307692307692
0 0.5336538461538461 0.057692307692307696 0.125 0.08413461538461539
0 0.5336538461538461 0.10336538461538461 0.10336538461538461 0.08413461538461539
0 0.5829326923076923 0.14903846153846154 0.08653846153846154 0.0625
0 0.6502403846153846 0.140625 0.07692307692307693 0.038461538461538464
0 0.7067307692307693 0.13221153846153846 0.057692307692307696 0.06490384615384616
0 0.6790865384615384 0.16826923076923078 0.09375 0.09134615384615384
0 0.7283653846153846 0.22115384615384615 0.0985576923076923 0.0625
0 0.6658653846153846 0.234375 0.07692307692307693 0.057692307692307696
0 0.6274038461538461 0.19831730769230768 0.07211538461538461 0.0625
0 0.546875 0.1875 0.07692307692307693 0.038461538461538464
0 0.515625 0.2439903846153846 0.057692307692307696 0.0625
0 0.5901442307692307 0.25600961538461536 0.10336538461538461 0.0625
0 0.33052884615384615 0.9483173076923077 0.0985576923076923 0.0985576923076923
0 0.3786057692307692 0.8497596153846154 0.07211538461538461 0.06490384615384616
0 0.3269230769230769 0.8112980769230769 0.1346153846153846 0.08173076923076923
0 0.2644230769230769 0.7728365384615384 0.0625 0.04807692307692308
0 0.2668269230769231 0.7151442307692307 0.07692307692307693 0.03365384615384615
0 0.1814903846153846 0.7439903846153846 0.052884615384615384 0.028846153846153848
0 0.21754807692307693 0.8413461538461539 0.07211538461538461 0.07211538461538461
0 0.13221153846153846 0.7692307692307693 0.057692307692307696 0.09615384615384616
0 0.8425480769230769 0.5673076923076923 0.026442307692307692 0.04326923076923077
0 0.7872596153846154 0.5384615384615384 0.07211538461538461 0.0625
0 0.7223557692307693 0.5096153846153846 0.08653846153846154 0.057692307692307696
0 0.6923076923076923 0.4807692307692308 0.04807692307692308 0.028846153846153848
0 0.7103365384615384 0.4375 0.10336538461538461 0.07211538461538461
0 0.6706730769230769 0.39302884615384615 0.036057692307692304 0.038461538461538464
0 0.6298076923076923 0.37740384615384615 0.04807692307692308 0.09134615384615384
0 0.5757211538461539 0.3701923076923077 0.09375 0.10576923076923077
0 0.5108173076923077 0.3701923076923077 0.08653846153846154 0.0673076923076923
0 0.5072115384615384 0.29447115384615385 0.08173076923076923 0.07692307692307693
0 0.6430288461538461 0.3401442307692308 0.07211538461538461 0.08413461538461539
0 0.6526442307692307 0.28846153846153844 0.03125 0.04326923076923077
0 0.7175480769230769 0.3401442307692308 0.08653846153846154 0.04567307692307692
0 0.7175480769230769 0.3762019230769231 0.0673076923076923 0.057692307692307696
0 0.7668269230769231 0.3701923076923077 0.03125 0.0673076923076923
0 0.7896634615384616 0.39903846153846156 0.04807692307692308 0.08173076923076923
0 0.8317307692307693 0.40625 0.04807692307692308 0.057692307692307696
0 0.8966346153846154 0.4026442307692308 0.08173076923076923 0.07211538461538461
0 0.8137019230769231 0.3269230769230769 0.10336538461538461 0.08173076923076923
0 0.8545673076923077 0.2956730769230769 0.07211538461538461 0.057692307692307696
0 0.7956730769230769 0.25721153846153844 0.07692307692307693 0.057692307692307696
0 0.7283653846153846 0.28846153846153844 0.0985576923076923 0.04807692307692308
0 0.5204326923076923 0.24759615384615385 0.07692307692307693 0.04567307692307692
0 0.5288461538461539 0.4375 0.09375 0.057692307692307696
0 0.44591346153846156 0.4230769230769231 0.07211538461538461 0.07692307692307693
0 0.38822115384615385 0.41586538461538464 0.0625 0.0673076923076923
0 0.3629807692307692 0.5192307692307693 0.15384615384615385 0.09134615384615384
0 0.4326923076923077 0.4651442307692308 0.0673076923076923 0.038461538461538464
0 0.484375 0.47716346153846156 0.08653846153846154 0.04567307692307692
0 0.515625 0.5072115384615384 0.13942307692307693 0.04567307692307692
0 0.6213942307692307 0.46153846153846156 0.11538461538461539 0.08413461538461539
0 0.609375 0.5420673076923077 0.21153846153846154 0.08413461538461539
0 0.5132211538461539 0.5649038461538461 0.125 0.08413461538461539
0 0.6971153846153846 0.6069711538461539 0.11057692307692307 0.0673076923076923
0 0.6141826923076923 0.59375 0.057692307692307696 0.04807692307692308
0 0.6971153846153846 0.6586538461538461 0.08653846153846154 0.04807692307692308
0 0.6550480769230769 0.6814903846153846 0.11057692307692307 0.08653846153846154
0 0.5625 0.6358173076923077 0.07692307692307693 0.07211538461538461
0 0.5108173076923077 0.6262019230769231 0.0673076923076923 0.12259615384615384
0 0.4375 0.65625 0.08653846153846154 0.08413461538461539
0 0.44350961538461536 0.6069711538461539 0.057692307692307696 0.0625
0 0.39663461538461536 0.6262019230769231 0.04807692307692308 0.02403846153846154
0 0.3317307692307692 0.6490384615384616 0.07211538461538461 0.0625
0 0.41466346153846156 0.7463942307692307 0.125 0.125
0 0.5 0.7043269230769231 0.0985576923076923 0.06490384615384616
0 0.5564903846153846 0.7331730769230769 0.12980769230769232 0.10096153846153846
0 0.6394230769230769 0.7632211538461539 0.0985576923076923 0.0673076923076923
0 0.6947115384615384 0.734375 0.0625 0.04807692307692308
0 0.7644230769230769 0.7247596153846154 0.11057692307692307 0.07692307692307693
0 0.7824519230769231 0.6887019230769231 0.0625 0.04326923076923077
0 0.8185096153846154 0.7403846153846154 0.040865384615384616 0.04567307692307692
0 0.7692307692307693 0.8028846153846154 0.08653846153846154 0.06490384615384616
0 0.7127403846153846 0.7884615384615384 0.057692307692307696 0.057692307692307696
0 0.6213942307692307 0.828125 0.09375 0.0625
0 0.5384615384615384 0.8052884615384616 0.07211538461538461 0.04567307692307692
0 0.4891826923076923 0.8401442307692307 0.057692307692307696 0.0625
0 0.4483173076923077 0.8822115384615384 0.057692307692307696 0.038461538461538464
0 0.45072115384615385 0.9350961538461539 0.09375 0.08413461538461539
0 0.5625 0.9447115384615384 0.13942307692307693 0.10336538461538461
0 0.6346153846153846 0.90625 0.11057692307692307 0.06490384615384616
0 0.5805288461538461 0.8605769230769231 0.052884615384615384 0.057692307692307696
0 0.6971153846153846 0.8665865384615384 0.07692307692307693 0.09134615384615384
0 0.6971153846153846 0.9411057692307693 0.1201923076923077 0.0889423076923077
0 0.6394230769230769 0.9507211538461539 0.07692307692307693 0.04567307692307692
0 0.5108173076923077 0.9927884615384616 0.0889423076923077 0.009615384615384616
0 0.7788461538461539 0.9795673076923077 0.10096153846153846 0.036057692307692304
0 0.7932692307692307 0.9290865384615384 0.09375 0.07211538461538461
0 0.7740384615384616 0.8545673076923077 0.08653846153846154 0.0625
0 0.40384615384615385 0.33413461538461536 0.11538461538461539 0.08653846153846154
0 0.45072115384615385 0.25721153846153844 0.0625 0.09615384615384616
0 0.9651442307692307 0.13822115384615385 0.06490384615384616 0.055288461538461536
0 0.5456730769230769 0.5012019230769231 0.9038461538461539 0.9975961538461539