0 0.13701923076923078 0.056490384615384616 0.2620192307692308 0.10576923076923077
0 0.25721153846153844 0.2800480769230769 0.27403846153846156 0.21153846153846154
0 0.3581730769230769 0.49038461538461536 0.37740384615384615 0.2620192307692308
0 0.4567307692307692 0.7487980769230769 0.40865384615384615 0.3557692307692308
0 0.7512019230769231 0.7620192307692307 0.27884615384615385 0.24519230769230768
0 0.40384615384615385 0.9290865384615384 0.21875 0.09134615384615384
0 0.8064903846153846 0.43149038461538464 0.3125 0.22115384615384615
0 0.71875 0.28125 0.21153846153846154 0.15625
0 0.765625 0.11298076923076923 0.3605769230769231 0.21875
0 0.7788461538461539 0.5649038461538461 0.20192307692307693 0.09134615384615384
0 0.9026442307692307 0.2247596153846154 0.18990384615384615 0.1658653846153846
0 0.9579326923076923 0.08413461538461539 0.07932692307692307 0.16346153846153846
0 0.9411057692307693 0.3161057692307692 0.11298076923076923 0.10817307692307693
0 0.9495192307692307 0.45072115384615385 0.09615384615384616 0.16105769230769232