0 0.8870192307692307 0.10697115384615384 0.11057692307692307 0.20192307692307693
0 0.9362980769230769 0.2403846153846154 0.1201923076923077 0.17307692307692307
0 0.9435096153846154 0.3858173076923077 0.10576923076923077 0.18028846153846154
0 0.8894230769230769 0.4567307692307692 0.14903846153846154 0.19230769230769232
0 0.9086538461538461 0.6334134615384616 0.12980769230769232 0.15384615384615385
0 0.9146634615384616 0.8329326923076923 0.1346153846153846 0.21153846153846154
0 0.8341346153846154 0.8737980769230769 0.07692307692307693 0.14182692307692307
0 0.7548076923076923 0.84375 0.14903846153846154 0.23557692307692307
0 0.8004807692307693 0.7235576923076923 0.13942307692307693 0.15865384615384615
0 0.796875 0.5408653846153846 0.12980769230769232 0.1971153846153846
0 0.7487980769230769 0.4098557692307692 0.15865384615384615 0.2091346153846154
0 0.8197115384615384 0.30288461538461536 0.1346153846153846 0.15865384615384615
0 0.8040865384615384 0.15264423076923078 0.14423076923076922 0.1971153846153846
0 0.7415865384615384 0.036057692307692304 0.11057692307692307 0.06009615384615385
0 0.6730769230769231 0.11778846153846154 0.13942307692307693 0.15865384615384615
0 0.6358173076923077 0.030048076923076924 0.125 0.04807692307692308
0 0.5360576923076923 0.109375 0.12740384615384615 0.20673076923076922
0 0.34134615384615385 0.06009615384615385 0.13942307692307693 0.11057692307692307
0 0.39783653846153844 0.046875 0.0673076923076923 0.08173076923076923
0 0.44711538461538464 0.06850961538461539 0.07211538461538461 0.125
0 0.21875 0.046875 0.1466346153846154 0.08173076923076923
0 0.09975961538461539 0.11778846153846154 0.14182692307692307 0.22355769230769232
0 0.03485576923076923 0.39302884615384615 0.06971153846153846 0.20673076923076922
0 0.12139423076923077 0.34975961538461536 0.1346153846153846 0.23076923076923078
0 0.21033653846153846 0.1935096153846154 0.13942307692307693 0.22355769230769232
0 0.24759615384615385 0.3389423076923077 0.125 0.17548076923076922
0 0.2548076923076923 0.47836538461538464 0.14423076923076922 0.21394230769230768
0 0.15985576923076922 0.5793269230769231 0.15384615384615385 0.20673076923076922
0 0.07451923076923077 0.5300480769230769 0.11298076923076923 0.18509615384615385
0 0.09975961538461539 0.7103365384615384 0.04807692307692308 0.12980769230769232
0 0.16947115384615385 0.7403846153846154 0.14903846153846154 0.21153846153846154
0 0.29447115384615385 0.6887019230769231 0.13221153846153846 0.1971153846153846
0 0.3088942307692308 0.5961538461538461 0.16826923076923078 0.0985576923076923
0 0.4254807692307692 0.546875 0.06490384615384616 0.08653846153846154
0 0.453125 0.42908653846153844 0.0985576923076923 0.18028846153846154
0 0.35096153846153844 0.5060096153846154 0.0985576923076923 0.15865384615384615
0 0.12379807692307693 0.890625 0.13221153846153846 0.1971153846153846
0 0.23317307692307693 0.9122596153846154 0.11778846153846154 0.17307692307692307
0 0.31971153846153844 0.96875 0.11538461538461539 0.057692307692307696
0 0.44591346153846156 0.953125 0.14182692307692307 0.09134615384615384
0 0.5997596153846154 0.9122596153846154 0.11538461538461539 0.17307692307692307
0 0.7007211538461539 0.9651442307692307 0.11778846153846154 0.06490384615384616
0 0.8088942307692307 0.96875 0.11298076923076923 0.057692307692307696
0 0.6814903846153846 0.7103365384615384 0.10576923076923077 0.1971153846153846
0 0.5733173076923077 0.7512019230769231 0.1201923076923077 0.19230769230769232
0 0.4891826923076923 0.8473557692307693 0.11298076923076923 0.1971153846153846
0 0.41466346153846156 0.7019230769230769 0.10336538461538461 0.20192307692307693
0 0.3557692307692308 0.8605769230769231 0.11778846153846154 0.16826923076923078
0 0.4230769230769231 0.8497596153846154 0.038461538461538464 0.13701923076923078
0 0.5805288461538461 0.5600961538461539 0.1201923076923077 0.18028846153846154
0 0.6730769230769231 0.5132211538461539 0.12980769230769232 0.17307692307692307
0 0.6550480769230769 0.2704326923076923 0.16105769230769232 0.23557692307692307
0 0.4855769230769231 0.22115384615384615 0.1201923076923077 0.20192307692307693
0 0.5612980769230769 0.328125 0.1346153846153846 0.21875
0 0.36899038461538464 0.1778846153846154 0.12740384615384615 0.15865384615384615
0 0.29086538461538464 0.18028846153846154 0.057692307692307696 0.17307692307692307
0 0.36899038461538464 0.31971153846153844 0.14182692307692307 0.21153846153846154
0 0.48677884615384615 0.6370192307692307 0.11057692307692307 0.19230769230769232
0 0.4326923076923077 0.5540865384615384 0.08173076923076923 0.10336538461538461