0 0.17307692307692307 0.43990384615384615 0.21394230769230768 0.4639423076923077
0 0.14302884615384615 0.8449519230769231 0.1346153846153846 0.1778846153846154
0 0.4495192307692308 0.7800480769230769 0.11298076923076923 0.18990384615384615
0 0.5949519230769231 0.8004807692307693 0.02403846153846154 0.06490384615384616
0 0.5637019230769231 0.7884615384615384 0.03365384615384615 0.06490384615384616
0 0.5336538461538461 0.7800480769230769 0.026442307692307692 0.06009615384615385
0 0.5528846153846154 0.7415865384615384 0.03365384615384615 0.04326923076923077
0 0.5829326923076923 0.7379807692307693 0.03365384615384615 0.04807692307692308
0 0.6201923076923077 0.7944711538461539 0.019230769230769232 0.028846153846153848
0 0.6237980769230769 0.8269230769230769 0.014423076923076924 0.036057692307692304
0 0.6105769230769231 0.8329326923076923 0.01201923076923077 0.04807692307692308
0 0.6418269230769231 0.8365384615384616 0.038461538461538464 0.04326923076923077
0 0.6418269230769231 0.8834134615384616 0.028846153846153848 0.06490384615384616
0 0.6117788461538461 0.9014423076923077 0.028846153846153848 0.06490384615384616
0 0.5853365384615384 0.9194711538461539 0.038461538461538464 0.06490384615384616
0 0.5552884615384616 0.8894230769230769 0.028846153846153848 0.052884615384615384
0 0.5877403846153846 0.8509615384615384 0.028846153846153848 0.06009615384615385
0 0.5600961538461539 0.8305288461538461 0.026442307692307692 0.04326923076923077
0 0.5300480769230769 0.8329326923076923 0.026442307692307692 0.06009615384615385
0 0.2848557692307692 0.8485576923076923 0.15625 0.2932692307692308
0 0.3449519230769231 0.9170673076923077 0.17067307692307693 0.15384615384615385
0 0.33052884615384615 0.49158653846153844 0.06009615384615385 0.17307692307692307
0 0.3713942307692308 0.47596153846153844 0.06971153846153846 0.08173076923076923
0 0.43149038461538464 0.5144230769230769 0.08173076923076923 0.06490384615384616
0 0.4951923076923077 0.35096153846153844 0.125 0.2980769230769231
0 0.33774038461538464 0.30408653846153844 0.20432692307692307 0.34615384615384615
0 0.14302884615384615 0.2764423076923077 0.1875 0.2692307692307692
0 0.10216346153846154 0.12620192307692307 0.18509615384615385 0.24759615384615385
0 0.27884615384615385 0.12620192307692307 0.18269230769230768 0.24759615384615385
0 0.4519230769230769 0.6754807692307693 0.375 0.23076923076923078
0 0.59375 0.5264423076923077 0.0673076923076923 0.16105769230769232
0 0.6550480769230769 0.5 0.0625 0.20192307692307693
0 0.828125 0.8641826923076923 0.3389423076923077 0.2668269230769231
0 0.8221153846153846 0.7560096153846154 0.35096153846153844 0.3004807692307692
0 0.8473557692307693 0.5877403846153846 0.3004807692307692 0.24759615384615385
0 0.8798076923076923 0.4651442307692308 0.23557692307692307 0.19471153846153846
0 0.7932692307692307 0.16826923076923078 0.40865384615384615 0.33653846153846156
0 0.7800480769230769 0.36177884615384615 0.43509615384615385 0.22355769230769232
0 0.5012019230769231 0.11658653846153846 0.31009615384615385 0.23076923076923078