0 0.16346153846153846 0.7728365384615384 0.31971153846153844 0.4519230769230769
0 0.038461538461538464 0.5108173076923077 0.06971153846153846 0.13701923076923078
0 0.09495192307692307 0.3329326923076923 0.18269230769230768 0.3173076923076923
0 0.09615384615384616 0.1141826923076923 0.18509615384615385 0.21875
0 0.3786057692307692 0.16706730769230768 0.31971153846153844 0.32211538461538464
0 0.2439903846153846 0.46153846153846156 0.18269230769230768 0.25721153846153844
0 0.3870192307692308 0.5985576923076923 0.18509615384615385 0.24519230769230768
0 0.4362980769230769 0.7836538461538461 0.24759615384615385 0.20192307692307693
0 0.7091346153846154 0.8076923076923077 0.2932692307692308 0.3798076923076923
0 0.7103365384615384 0.5793269230769231 0.32211538461538464 0.3293269230769231
0 0.4014423076923077 0.8533653846153846 0.34615384615384615 0.28846153846153844
0 0.8786057692307693 0.7223557692307693 0.23798076923076922 0.43028846153846156
0 0.9603365384615384 0.4795673076923077 0.07451923076923077 0.20432692307692307
0 0.8870192307692307 0.4375 0.16826923076923078 0.17307692307692307
0 0.9807692307692307 0.26802884615384615 0.03365384615384615 0.25240384615384615
0 0.8353365384615384 0.3317307692307692 0.3245192307692308 0.41346153846153844
0 0.6346153846153846 0.5192307692307693 0.0985576923076923 0.14182692307692307
0 0.5805288461538461 0.4831730769230769 0.038461538461538464 0.10336538461538461
0 0.6322115384615384 0.39663461538461536 0.08653846153846154 0.11538461538461539
0 0.6057692307692307 0.265625 0.1201923076923077 0.15865384615384615
0 0.5540865384615384 0.36899038461538464 0.0673076923076923 0.13701923076923078
0 0.49759615384615385 0.4074519230769231 0.10096153846153846 0.14903846153846154
0 0.5384615384615384 0.46153846153846156 0.036057692307692304 0.06009615384615385
0 0.5252403846153846 0.5925480769230769 0.1201923076923077 0.21153846153846154
0 0.3942307692307692 0.41586538461538464 0.0985576923076923 0.11057692307692307
0 0.36538461538461536 0.34375 0.0673076923076923 0.08653846153846154
0 0.4423076923076923 0.32572115384615385 0.07692307692307693 0.11538461538461539
0 0.5 0.4098557692307692 0.0985576923076923 0.14182692307692307
0 0.4795673076923077 0.2956730769230769 0.036057692307692304 0.07692307692307693
0 0.5504807692307693 0.32211538461538464 0.03365384615384615 0.04326923076923077
0 0.46875 0.16947115384615385 0.06490384615384616 0.1201923076923077
0 0.40384615384615385 0.12259615384615384 0.057692307692307696 0.11538461538461539
0 0.39302884615384615 0.04326923076923077 0.04326923076923077 0.04326923076923077
0 0.421875 0.02403846153846154 0.028846153846153848 0.038461538461538464
0 0.4495192307692308 0.057692307692307696 0.0673076923076923 0.10336538461538461
0 0.5024038461538461 0.046875 0.036057692307692304 0.07211538461538461
0 0.5456730769230769 0.07932692307692307 0.036057692307692304 0.06009615384615385
0 0.5348557692307693 0.021634615384615384 0.04326923076923077 0.03365384615384615
0 0.5360576923076923 0.16105769230769232 0.052884615384615384 0.07211538461538461
0 0.6129807692307693 0.14423076923076922 0.055288461538461536 0.08173076923076923
0 0.5949519230769231 0.06009615384615385 0.07692307692307693 0.11057692307692307
0 0.6778846153846154 0.051682692307692304 0.0625 0.09134615384615384
0 0.7127403846153846 0.16105769230769232 0.06490384615384616 0.125
0 0.6598557692307693 0.18870192307692307 0.052884615384615384 0.11538461538461539
0 0.7451923076923077 0.051682692307692304 0.08173076923076923 0.09375
0 0.796875 0.18028846153846154 0.2764423076923077 0.35096153846153844