0 0.8064903846153846 0.9158653846153846 0.37740384615384615 0.16105769230769232
0 0.5192307692307693 0.8257211538461539 0.4375 0.28365384615384615
0 0.5817307692307693 0.9759615384615384 0.08173076923076923 0.040865384615384616
0 0.36658653846153844 0.9326923076923077 0.3605769230769231 0.12740384615384615
0 0.3473557692307692 0.8413461538461539 0.10336538461538461 0.052884615384615384
0 0.390625 0.8894230769230769 0.08173076923076923 0.04807692307692308
0 0.8389423076923077 0.7487980769230769 0.3125 0.21875
0 0.7163461538461539 0.6237980769230769 0.3269230769230769 0.22355769230769232
0 0.8858173076923077 0.5096153846153846 0.21875 0.30528846153846156
0 0.9338942307692307 0.21514423076923078 0.1201923076923077 0.31971153846153844
0 0.7596153846153846 0.1622596153846154 0.3701923076923077 0.32211538461538464
0 0.65625 0.375 0.4375 0.29086538461538464
0 0.5925480769230769 0.4891826923076923 0.27884615384615385 0.11298076923076923
0 0.5060096153846154 0.25240384615384615 0.22355769230769232 0.1778846153846154
0 0.5240384615384616 0.08173076923076923 0.17307692307692307 0.16346153846153846
0 0.6069711538461539 0.18509615384615385 0.0673076923076923 0.08653846153846154
0 0.34375 0.7019230769230769 0.49038461538461536 0.2403846153846154
0 0.12259615384615384 0.8377403846153846 0.21153846153846154 0.14182692307692307
0 0.1778846153846154 0.9266826923076923 0.10336538461538461 0.08653846153846154
0 0.1971153846153846 0.9855769230769231 0.11057692307692307 0.021634615384615384
0 0.0985576923076923 0.9543269230769231 0.12980769230769232 0.08413461538461539
0 0.042067307692307696 0.8653846153846154 0.07932692307692307 0.1346153846153846
0 0.036057692307692304 0.9603365384615384 0.07211538461538461 0.07451923076923077
0 0.07572115384615384 0.14903846153846154 0.1466346153846154 0.2980769230769231
0 0.22115384615384615 0.1346153846153846 0.3317307692307692 0.21875
0 0.21875 0.31490384615384615 0.3269230769230769 0.23557692307692307
0 0.03125 0.3112980769230769 0.057692307692307696 0.05048076923076923
0 0.1935096153846154 0.016826923076923076 0.21153846153846154 0.03365384615384615
0 0.36899038461538464 0.078125 0.15865384615384615 0.15625
0 0.03485576923076923 0.8269230769230769 0.06490384615384616 0.20192307692307693
0 0.07211538461538461 0.671875 0.13942307692307693 0.18028846153846154
0 0.1778846153846154 0.5769230769230769 0.25721153846153844 0.19230769230769232
0 0.34375 0.5060096153846154 0.27403846153846156 0.21875
0 0.06971153846153846 0.43990384615384615 0.1346153846153846 0.21153846153846154
0 0.18870192307692307 0.4543269230769231 0.125 0.06490384615384616