0 0.1310096153846154 0.16706730769230768 0.16346153846153846 0.17307692307692307
0 0.039663461538461536 0.13221153846153846 0.07211538461538461 0.08413461538461539
0 0.23076923076923078 0.27524038461538464 0.10817307692307693 0.2548076923076923
0 0.21754807692307693 0.12740384615384615 0.0673076923076923 0.07451923076923077
0 0.28966346153846156 0.16105769230769232 0.07692307692307693 0.04807692307692308
0 0.625 0.13221153846153846 0.10576923076923077 0.08413461538461539
0 0.5396634615384616 0.10817307692307693 0.08173076923076923 0.057692307692307696
0 0.4495192307692308 0.30408653846153844 0.1346153846153846 0.16346153846153846
0 0.30528846153846156 0.3329326923076923 0.16105769230769232 0.2980769230769231
0 0.1502403846153846 0.4735576923076923 0.16346153846153846 0.15384615384615385
0 0.11658653846153846 0.3545673076923077 0.21153846153846154 0.21153846153846154
0 0.040865384615384616 0.42908653846153844 0.07451923076923077 0.14903846153846154
0 0.04326923076923077 0.2644230769230769 0.07932692307692307 0.18028846153846154
0 0.5432692307692307 0.4338942307692308 0.15865384615384615 0.2644230769230769
0 0.44711538461538464 0.46274038461538464 0.07692307692307693 0.15384615384615385
0 0.38221153846153844 0.48677884615384615 0.10576923076923077 0.20192307692307693
0 0.26802884615384615 0.5216346153846154 0.12980769230769232 0.16346153846153846
0 0.140625 0.5877403846153846 0.09375 0.11538461538461539
0 0.046875 0.5612980769230769 0.08653846153846154 0.12740384615384615
0 0.1141826923076923 0.7199519230769231 0.125 0.14903846153846154
0 0.10697115384615384 0.6346153846153846 0.11778846153846154 0.0625
0 0.22235576923076922 0.7091346153846154 0.10096153846153846 0.16826923076923078
0 0.265625 0.6274038461538461 0.15865384615384615 0.15384615384615385
0 0.328125 0.6899038461538461 0.09375 0.14423076923076922
0 0.4098557692307692 0.65625 0.125 0.18990384615384615
0 0.37259615384615385 0.8040865384615384 0.07932692307692307 0.11538461538461539
0 0.45552884615384615 0.8461538461538461 0.13942307692307693 0.18990384615384615
0 0.4831730769230769 0.7512019230769231 0.06009615384615385 0.0625
0 0.5276442307692307 0.6935096153846154 0.11057692307692307 0.15865384615384615
0 0.5805288461538461 0.5901442307692307 0.1346153846153846 0.15384615384615385
0 0.4699519230769231 0.5745192307692307 0.07211538461538461 0.07932692307692307
0 0.6274038461538461 0.3858173076923077 0.10096153846153846 0.13701923076923078
0 0.0829326923076923 0.8629807692307693 0.11298076923076923 0.14903846153846154
0 0.019230769230769232 0.8100961538461539 0.03125 0.10576923076923077
0 0.039663461538461536 0.9387019230769231 0.07211538461538461 0.1201923076923077
0 0.11298076923076923 0.9591346153846154 0.08653846153846154 0.07692307692307693
0 0.19230769230769232 0.9302884615384616 0.1201923076923077 0.1346153846153846
0 0.27884615384615385 0.9507211538461539 0.08653846153846154 0.09375
0 0.6706730769230769 0.9651442307692307 0.0673076923076923 0.0673076923076923
0 0.7355769230769231 0.9122596153846154 0.10096153846153846 0.13221153846153846
0 0.7367788461538461 0.9855769230769231 0.06009615384615385 0.02403846153846154
0 0.7896634615384616 0.9855769230769231 0.05048076923076923 0.02403846153846154
0 0.7788461538461539 0.8413461538461539 0.052884615384615384 0.0625
0 0.7487980769230769 0.8365384615384616 0.038461538461538464 0.052884615384615384
0 0.7475961538461539 0.7836538461538461 0.04807692307692308 0.0625
0 0.8161057692307693 0.8064903846153846 0.08173076923076923 0.09134615384615384
0 0.8221153846153846 0.8858173076923077 0.07211538461538461 0.09134615384615384
0 0.8305288461538461 0.9591346153846154 0.07932692307692307 0.07692307692307693
0 0.8990384615384616 0.9158653846153846 0.0673076923076923 0.09615384615384616
0 0.8954326923076923 0.9795673076923077 0.06490384615384616 0.036057692307692304
0 0.9615384615384616 0.9507211538461539 0.07211538461538461 0.09375
0 0.9627403846153846 0.8545673076923077 0.06971153846153846 0.10336538461538461
0 0.8954326923076923 0.8173076923076923 0.07451923076923077 0.07932692307692307
0 0.8245192307692307 0.5504807692307693 0.07451923076923077 0.08413461538461539
0 0.8653846153846154 0.5745192307692307 0.052884615384615384 0.07932692307692307
0 0.9387019230769231 0.5973557692307693 0.057692307692307696 0.06490384615384616
0 0.9567307692307693 0.625 0.08173076923076923 0.10096153846153846
0 0.9819711538461539 0.5637019230769231 0.03125 0.05048076923076923
0 0.9266826923076923 0.53125 0.0625 0.09134615384615384
0 0.8894230769230769 0.484375 0.04807692307692308 0.0673076923076923
0 0.8449519230769231 0.48197115384615385 0.03365384615384615 0.03125
0 0.8798076923076923 0.4206730769230769 0.04326923076923077 0.0673076923076923
0 0.9435096153846154 0.4423076923076923 0.0673076923076923 0.09134615384615384
0 0.9771634615384616 0.5024038461538461 0.04326923076923077 0.09615384615384616
0 0.96875 0.40024038461538464 0.057692307692307696 0.10336538461538461
0 0.9158653846153846 0.34975961538461536 0.0625 0.09615384615384616
0 0.9699519230769231 0.28725961538461536 0.055288461538461536 0.14182692307692307
0 0.9387019230769231 0.2403846153846154 0.0625 0.11057692307692307