0 0.9747596153846154 0.02283653846153846 0.04567307692307692 0.04567307692307692
0 0.9326923076923077 0.04447115384615385 0.10096153846153846 0.0889423076923077
0 0.8389423076923077 0.051682692307692304 0.09134615384615384 0.10336538461538461
0 0.75 0.040865384615384616 0.07932692307692307 0.08173076923076923
0 0.6995192307692307 0.036057692307692304 0.05048076923076923 0.07211538461538461
0 0.6394230769230769 0.016826923076923076 0.0673076923076923 0.03365384615384615
0 0.5853365384615384 0.06370192307692307 0.06490384615384616 0.12740384615384615
0 0.5637019230769231 0.0985576923076923 0.10576923076923077 0.1971153846153846
0 0.49038461538461536 0.14423076923076922 0.09615384615384616 0.24519230769230768
0 0.3641826923076923 0.3581730769230769 0.10576923076923077 0.14903846153846154
0 0.9411057692307693 0.109375 0.11298076923076923 0.0889423076923077
0 0.8725961538461539 0.16706730769230768 0.10817307692307693 0.11538461538461539
0 0.7752403846153846 0.11778846153846154 0.11538461538461539 0.08173076923076923
0 0.7536057692307693 0.16346153846153846 0.07932692307692307 0.11057692307692307
0 0.7223557692307693 0.22355769230769232 0.08173076923076923 0.1201923076923077
0 0.9651442307692307 0.28365384615384615 0.0673076923076923 0.1201923076923077
0 0.9146634615384616 0.24278846153846154 0.08173076923076923 0.08173076923076923
0 0.9639423076923077 0.18028846153846154 0.05048076923076923 0.07692307692307693
0 0.9879807692307693 0.1875 0.019230769230769232 0.10096153846153846
0 0.8149038461538461 0.30288461538461536 0.09375 0.13701923076923078
0 0.7103365384615384 0.35216346153846156 0.09375 0.13701923076923078
0 0.6322115384615384 0.42908653846153844 0.08173076923076923 0.11538461538461539
0 0.6177884615384616 0.328125 0.07692307692307693 0.11057692307692307
0 0.6466346153846154 0.2920673076923077 0.09134615384615384 0.13701923076923078
0 0.6538461538461539 0.19110576923076922 0.0673076923076923 0.0673076923076923
0 0.8653846153846154 0.28125 0.036057692307692304 0.08173076923076923
0 0.9735576923076923 0.35697115384615385 0.04807692307692308 0.04567307692307692
0 0.9350961538461539 0.33653846153846156 0.057692307692307696 0.07211538461538461
0 0.8822115384615384 0.4074519230769231 0.1201923076923077 0.14903846153846154
0 0.9651442307692307 0.4375 0.0673076923076923 0.12980769230769232
0 0.7848557692307693 0.43149038461538464 0.09134615384615384 0.14182692307692307
0 0.7139423076923077 0.4831730769230769 0.09375 0.14903846153846154
0 0.5504807692307693 0.4206730769230769 0.07932692307692307 0.12980769230769232
0 0.5180288461538461 0.33052884615384615 0.08653846153846154 0.08173076923076923
0 0.5564903846153846 0.2512019230769231 0.11057692307692307 0.11057692307692307
0 0.43990384615384615 0.34134615384615385 0.07692307692307693 0.125
0 0.47475961538461536 0.4266826923076923 0.07211538461538461 0.11057692307692307
0 0.4362980769230769 0.44591346153846156 0.04807692307692308 0.07211538461538461
0 0.4387019230769231 0.5192307692307693 0.057692307692307696 0.08653846153846154
0 0.4723557692307692 0.5408653846153846 0.0673076923076923 0.1201923076923077
0 0.4423076923076923 0.6310096153846154 0.07211538461538461 0.10336538461538461
0 0.4110576923076923 0.5817307692307693 0.038461538461538464 0.07211538461538461
0 0.47115384615384615 0.7079326923076923 0.057692307692307696 0.10336538461538461
0 0.5036057692307693 0.6418269230769231 0.057692307692307696 0.13701923076923078
0 0.5324519230769231 0.7487980769230769 0.07932692307692307 0.12980769230769232
0 0.5600961538461539 0.6370192307692307 0.07692307692307693 0.125
0 0.5348557692307693 0.5360576923076923 0.052884615384615384 0.0985576923076923
0 0.6033653846153846 0.5384615384615384 0.09615384615384616 0.13701923076923078
0 0.6310096153846154 0.6634615384615384 0.07932692307692307 0.15865384615384615
0 0.6081730769230769 0.7536057692307693 0.06490384615384616 0.1201923076923077
0 0.6887019230769231 0.765625 0.10096153846153846 0.1875
0 0.6923076923076923 0.6069711538461539 0.07932692307692307 0.15384615384615385
0 0.7668269230769231 0.6442307692307693 0.07692307692307693 0.14182692307692307
0 0.8004807692307693 0.5877403846153846 0.12980769230769232 0.14903846153846154
0 0.8774038461538461 0.546875 0.14423076923076922 0.15384615384615385
0 0.9699519230769231 0.5576923076923077 0.055288461538461536 0.1346153846153846
0 0.9387019230769231 0.6574519230769231 0.11778846153846154 0.15625
0 0.8533653846153846 0.6935096153846154 0.09134615384615384 0.0985576923076923
0 0.7920673076923077 0.7512019230769231 0.11057692307692307 0.11538461538461539
0 0.8894230769230769 0.7596153846153846 0.1346153846153846 0.0985576923076923