0 0.1466346153846154 0.1201923076923077 0.2932692307692308 0.23076923076923078
0 0.1346153846153846 0.30649038461538464 0.25721153846153844 0.20432692307692307
0 0.4951923076923077 0.5060096153846154 0.5769230769230769 0.4182692307692308
0 0.8810096153846154 0.42908653846153844 0.22596153846153846 0.21634615384615385
0 0.046875 0.4519230769230769 0.09134615384615384 0.125
0 0.13942307692307693 0.4266826923076923 0.14423076923076922 0.1346153846153846
0 0.28125 0.6646634615384616 0.13942307692307693 0.10096153846153846
0 0.18269230769230768 0.5901442307692307 0.13942307692307693 0.10096153846153846
0 0.1935096153846154 0.5072115384615384 0.07692307692307693 0.0673076923076923
0 0.06129807692307692 0.5216346153846154 0.11298076923076923 0.09134615384615384
0 0.015625 0.5600961538461539 0.03125 0.07692307692307693
0 0.07932692307692307 0.5853365384615384 0.08653846153846154 0.08173076923076923
0 0.12860576923076922 0.65625 0.1346153846153846 0.09375
0 0.03125 0.6538461538461539 0.0625 0.10576923076923077
0 0.046875 0.7355769230769231 0.09134615384615384 0.0889423076923077
0 0.17067307692307693 0.7415865384615384 0.15384615384615385 0.10096153846153846
0 0.3112980769230769 0.7716346153846154 0.12980769230769232 0.10096153846153846
0 0.14903846153846154 0.8112980769230769 0.16346153846153846 0.09375
0 0.2548076923076923 0.8689903846153846 0.057692307692307696 0.10817307692307693
0 0.33774038461538464 0.8377403846153846 0.1201923076923077 0.09375
0 0.3713942307692308 0.9038461538461539 0.14423076923076922 0.10817307692307693
0 0.5192307692307693 0.9555288461538461 0.14423076923076922 0.08413461538461539
0 0.4891826923076923 0.8689903846153846 0.1346153846153846 0.08653846153846154
0 0.4795673076923077 0.7704326923076923 0.15384615384615385 0.10576923076923077
0 0.3737980769230769 0.7067307692307693 0.09615384615384616 0.07692307692307693
0 0.6105769230769231 0.8016826923076923 0.08653846153846154 0.10576923076923077
0 0.6286057692307693 0.8954326923076923 0.125 0.09375
0 0.6826923076923077 0.9362980769230769 0.07692307692307693 0.0673076923076923
0 0.7211538461538461 0.8533653846153846 0.11298076923076923 0.07692307692307693
0 0.7007211538461539 0.7163461538461539 0.15384615384615385 0.09615384615384616
0 0.7704326923076923 0.6117788461538461 0.1201923076923077 0.1201923076923077
0 0.8605769230769231 0.53125 0.11298076923076923 0.07211538461538461
0 0.8713942307692307 0.6298076923076923 0.15384615384615385 0.11538461538461539
0 0.8149038461538461 0.7043269230769231 0.08173076923076923 0.05048076923076923
0 0.796875 0.8016826923076923 0.10817307692307693 0.1201923076923077
0 0.8269230769230769 0.8846153846153846 0.13942307692307693 0.0625
0 0.9435096153846154 0.9459134615384616 0.10336538461538461 0.10096153846153846
0 0.96875 0.8245192307692307 0.052884615384615384 0.1346153846153846
0 0.9146634615384616 0.7992788461538461 0.10817307692307693 0.13221153846153846
0 0.96875 0.703125 0.052884615384615384 0.09134615384615384
0 0.9639423076923077 0.6081730769230769 0.0625 0.08173076923076923