0 0.2127403846153846 0.6754807692307693 0.21634615384615385 0.14423076923076922
0 0.36538461538461536 0.7956730769230769 0.20673076923076922 0.20432692307692307
0 0.27163461538461536 0.5757211538461539 0.16346153846153846 0.10096153846153846
0 0.13942307692307693 0.5625 0.11057692307692307 0.17307692307692307
0 0.21875 0.48677884615384615 0.14182692307692307 0.1658653846153846
0 0.16346153846153846 0.4362980769230769 0.16826923076923078 0.13942307692307693
0 0.4362980769230769 0.6418269230769231 0.23076923076923078 0.1971153846153846
0 0.5576923076923077 0.7716346153846154 0.16826923076923078 0.11538461538461539
0 0.6370192307692307 0.6598557692307693 0.1778846153846154 0.1658653846153846
0 0.71875 0.7680288461538461 0.16346153846153846 0.09375
0 0.8257211538461539 0.6923076923076923 0.18990384615384615 0.19951923076923078
0 0.8317307692307693 0.546875 0.13701923076923078 0.10576923076923077
0 0.9411057692307693 0.5901442307692307 0.11298076923076923 0.12740384615384615
0 0.9182692307692307 0.46634615384615385 0.12980769230769232 0.15384615384615385
0 0.9699519230769231 0.43509615384615385 0.055288461538461536 0.1346153846153846
0 0.9555288461538461 0.34375 0.07932692307692307 0.08173076923076923
0 0.8653846153846154 0.3473557692307692 0.14182692307692307 0.11298076923076923
0 0.8293269230769231 0.4206730769230769 0.17307692307692307 0.10096153846153846
0 0.8497596153846154 0.23798076923076922 0.17307692307692307 0.11298076923076923
0 0.7319711538461539 0.3137019230769231 0.15865384615384615 0.12980769230769232
0 0.6634615384615384 0.4014423076923077 0.18990384615384615 0.125
0 0.6021634615384616 0.5204326923076923 0.20673076923076922 0.11298076923076923
0 0.7127403846153846 0.5829326923076923 0.10096153846153846 0.07932692307692307
0 0.7584134615384616 0.5060096153846154 0.125 0.07692307692307693
0 0.5084134615384616 0.4266826923076923 0.16346153846153846 0.14423076923076922
0 0.4182692307692308 0.49038461538461536 0.18269230769230768 0.12980769230769232
0 0.3317307692307692 0.44471153846153844 0.18990384615384615 0.1346153846153846
0 0.3389423076923077 0.3173076923076923 0.19471153846153846 0.1346153846153846
0 0.21634615384615385 0.265625 0.21153846153846154 0.125
0 0.18389423076923078 0.3641826923076923 0.15865384615384615 0.07932692307692307
0 0.53125 0.28725961538461536 0.19951923076923078 0.1346153846153846
0 0.6502403846153846 0.20432692307692307 0.12980769230769232 0.1201923076923077
0 0.4951923076923077 0.19471153846153846 0.15865384615384615 0.11057692307692307
0 0.36899038461538464 0.19831730769230768 0.125 0.10096153846153846