0 0.4987980769230769 0.49759615384615385 0.9951923076923077 0.9951923076923077
0 0.3954326923076923 0.8149038461538461 0.12259615384615384 0.3605769230769231
0 0.7175480769230769 0.8293269230769231 0.15865384615384615 0.3293269230769231
0 0.8786057692307693 0.8173076923076923 0.0673076923076923 0.35336538461538464
0 0.9134615384615384 0.6706730769230769 0.08413461538461539 0.4014423076923077
0 0.9495192307692307 0.9266826923076923 0.09615384615384616 0.1346153846153846
0 0.9735576923076923 0.8233173076923077 0.04807692307692308 0.1778846153846154
0 0.49038461538461536 0.7055288461538461 0.10096153846153846 0.1778846153846154
0 0.4963942307692308 0.4675480769230769 0.1346153846153846 0.33653846153846156
0 0.3954326923076923 0.40625 0.10096153846153846 0.47115384615384615
0 0.3293269230769231 0.26322115384615385 0.11538461538461539 0.5216346153846154