0 0.3401442307692308 0.4879807692307692 0.4951923076923077 0.35096153846153844
0 0.3112980769230769 0.34134615384615385 0.5408653846153846 0.28365384615384615
0 0.26322115384615385 0.7932692307692307 0.18509615384615385 0.18269230769230768
0 0.3918269230769231 0.8509615384615384 0.16346153846153846 0.1658653846153846
0 0.4326923076923077 0.9615384615384616 0.18509615384615385 0.06971153846153846
0 0.5649038461538461 0.8413461538461539 0.33653846153846156 0.3076923076923077
0 0.7115384615384616 0.7860576923076923 0.23557692307692307 0.12740384615384615
0 0.546875 0.7355769230769231 0.125 0.1658653846153846
0 0.7680288461538461 0.6790865384615384 0.14423076923076922 0.15384615384615385
0 0.6490384615384616 0.5985576923076923 0.17548076923076922 0.125
0 0.6370192307692307 0.6790865384615384 0.10817307692307693 0.038461538461538464
0 0.2247596153846154 0.6694711538461539 0.27403846153846156 0.17307692307692307
0 0.31490384615384615 0.9483173076923077 0.10336538461538461 0.09615384615384616
0 0.17307692307692307 0.5288461538461539 0.15865384615384615 0.2403846153846154
0 0.05889423076923077 0.546875 0.09615384615384616 0.08173076923076923
0 0.5288461538461539 0.25841346153846156 0.18028846153846154 0.12980769230769232
0 0.703125 0.296875 0.15865384615384615 0.13942307692307693
0 0.7211538461538461 0.4362980769230769 0.27884615384615385 0.16346153846153846
0 0.7680288461538461 0.5540865384615384 0.18509615384615385 0.12740384615384615
0 0.5925480769230769 0.14423076923076922 0.17548076923076922 0.057692307692307696
0 0.5901442307692307 0.18870192307692307 0.14903846153846154 0.10096153846153846
0 0.48197115384615385 0.18389423076923078 0.09615384615384616 0.05048076923076923
0 0.5132211538461539 0.09615384615384616 0.23076923076923078 0.125
0 0.3401442307692308 0.17908653846153846 0.125 0.0673076923076923
0 0.4206730769230769 0.21634615384615385 0.0673076923076923 0.038461538461538464
0 0.36538461538461536 0.1201923076923077 0.09134615384615384 0.08653846153846154
0 0.28125 0.11538461538461539 0.07692307692307693 0.052884615384615384
0 0.24519230769230768 0.16826923076923078 0.04807692307692308 0.0673076923076923
0 0.36538461538461536 0.038461538461538464 0.08173076923076923 0.07692307692307693
0 0.45913461538461536 0.03125 0.10336538461538461 0.04807692307692308