0 0.6622596153846154 0.08173076923076923 0.11538461538461539 0.036057692307692304
0 0.5348557692307693 0.09495192307692307 0.19230769230769232 0.05048076923076923
0 0.25841346153846156 0.10216346153846154 0.3076923076923077 0.07692307692307693
0 0.4567307692307692 0.14302884615384615 0.21153846153846154 0.052884615384615384
0 0.640625 0.12860576923076922 0.21153846153846154 0.052884615384615384
0 0.6274038461538461 0.17548076923076922 0.21875 0.057692307692307696
0 0.3942307692307692 0.19471153846153846 0.2283653846153846 0.052884615384615384
0 0.24519230769230768 0.171875 0.24519230769230768 0.057692307692307696
0 0.5697115384615384 0.2283653846153846 0.24519230769230768 0.057692307692307696
0 0.31971153846153844 0.2608173076923077 0.21875 0.052884615384615384
0 0.25841346153846156 0.22956730769230768 0.27163461538461536 0.057692307692307696
0 0.5216346153846154 0.28966346153846156 0.20192307692307693 0.04567307692307692
0 0.6754807692307693 0.3233173076923077 0.17548076923076922 0.052884615384615384
0 0.2980769230769231 0.32572115384615385 0.2644230769230769 0.0673076923076923
0 0.6622596153846154 0.3762019230769231 0.18269230769230768 0.057692307692307696
0 0.30649038461538464 0.38461538461538464 0.2283653846153846 0.0625
0 0.4170673076923077 0.41466346153846156 0.2548076923076923 0.052884615384615384
0 0.7283653846153846 0.42427884615384615 0.19230769230769232 0.04567307692307692
0 0.6009615384615384 0.4495192307692308 0.18269230769230768 0.05048076923076923
0 0.7680288461538461 0.49038461538461536 0.23557692307692307 0.07451923076923077
0 0.5528846153846154 0.5228365384615384 0.21153846153846154 0.0625
0 0.35096153846153844 0.48197115384615385 0.24519230769230768 0.0625
0 0.35096153846153844 0.44591346153846156 0.17548076923076922 0.028846153846153848
0 0.5396634615384616 0.5240384615384616 0.20192307692307693 0.057692307692307696
0 0.7415865384615384 0.5637019230769231 0.2548076923076923 0.052884615384615384
0 0.7632211538461539 0.5348557692307693 0.10576923076923077 0.028846153846153848
0 0.7932692307692307 0.6081730769230769 0.20192307692307693 0.057692307692307696
0 0.6802884615384616 0.640625 0.20192307692307693 0.0625
0 0.4338942307692308 0.5949519230769231 0.2548076923076923 0.0673076923076923
0 0.3112980769230769 0.5528846153846154 0.2548076923076923 0.0625
0 0.34615384615384615 0.6298076923076923 0.21875 0.04326923076923077
0 0.37259615384615385 0.6742788461538461 0.3245192307692308 0.06971153846153846
0 0.609375 0.7211538461538461 0.20192307692307693 0.0625
0 0.8161057692307693 0.6850961538461539 0.2283653846153846 0.06009615384615385
0 0.8028846153846154 0.7307692307692307 0.14903846153846154 0.026442307692307692
0 0.78125 0.7668269230769231 0.24519230769230768 0.06490384615384616
0 0.8509615384615384 0.8125 0.2283653846153846 0.052884615384615384
0 0.7235576923076923 0.8509615384615384 0.21875 0.0673076923076923
0 0.8641826923076923 0.8918269230769231 0.20192307692307693 0.052884615384615384
0 0.6622596153846154 0.9338942307692307 0.21875 0.06490384615384616
0 0.37740384615384615 0.9495192307692307 0.2644230769230769 0.06009615384615385
0 0.40384615384615385 0.8810096153846154 0.28125 0.07932692307692307
0 0.359375 0.8221153846153846 0.21153846153846154 0.04807692307692308
0 0.48677884615384615 0.7980769230769231 0.2548076923076923 0.0625
0 0.3557692307692308 0.7524038461538461 0.27163461538461536 0.06490384615384616
0 0.5348557692307693 0.5120192307692307 0.8774038461538461 0.9375