0 0.625 0.7223557692307693 0.6634615384615384 0.5432692307692307
0 0.27884615384615385 0.7800480769230769 0.21394230769230768 0.13942307692307693
0 0.27524038461538464 0.9230769230769231 0.14903846153846154 0.14423076923076922
0 0.13942307692307693 0.9747596153846154 0.16346153846153846 0.040865384615384616
0 0.13581730769230768 0.875 0.1875 0.16826923076923078
0 0.078125 0.7355769230769231 0.14423076923076922 0.12980769230769232
0 0.028846153846153848 0.8545673076923077 0.04326923076923077 0.11057692307692307
0 0.16105769230769232 0.7055288461538461 0.10576923076923077 0.18990384615384615
0 0.057692307692307696 0.6322115384615384 0.10096153846153846 0.125
0 0.08533653846153846 0.5072115384615384 0.15865384615384615 0.1346153846153846
0 0.039663461538461536 0.37259615384615385 0.0625 0.1346153846153846
0 0.24639423076923078 0.5444711538461539 0.36538461538461536 0.35096153846153844
0 0.19230769230769232 0.1778846153846154 0.3701923076923077 0.3557692307692308
0 0.4567307692307692 0.33774038461538464 0.41346153846153844 0.33653846153846156
0 0.8137019230769231 0.2403846153846154 0.3701923076923077 0.4807692307692308
0 0.6322115384615384 0.1201923076923077 0.40865384615384615 0.2403846153846154
0 0.375 0.0625 0.25 0.125
0 0.9459134615384616 0.8305288461538461 0.10576923076923077 0.28125
0 0.9266826923076923 0.7451923076923077 0.14182692307692307 0.5096153846153846