0 0.8774038461538461 0.38822115384615385 0.11057692307692307 0.18028846153846154
0 0.8942307692307693 0.140625 0.12259615384615384 0.1971153846153846
0 0.09495192307692307 0.13341346153846154 0.10096153846153846 0.17067307692307693
0 0.5336538461538461 0.8425480769230769 0.09134615384615384 0.14423076923076922
0 0.3233173076923077 0.8701923076923077 0.08653846153846154 0.1346153846153846
0 0.2692307692307692 0.8112980769230769 0.07451923076923077 0.09134615384615384
0 0.26322115384615385 0.7079326923076923 0.08653846153846154 0.12740384615384615
0 0.057692307692307696 0.7367788461538461 0.07692307692307693 0.12259615384615384
0 0.2932692307692308 0.5456730769230769 0.07211538461538461 0.11057692307692307
0 0.36538461538461536 0.5324519230769231 0.10576923076923077 0.12740384615384615
0 0.4423076923076923 0.5132211538461539 0.10817307692307693 0.14423076923076922
0 0.5192307692307693 0.46033653846153844 0.1201923076923077 0.16346153846153846
0 0.6021634615384616 0.4014423076923077 0.11538461538461539 0.16346153846153846
0 0.6682692307692307 0.3137019230769231 0.10576923076923077 0.14903846153846154
0 0.7091346153846154 0.21754807692307693 0.08173076923076923 0.11538461538461539
0 0.46274038461538464 0.32211538461538464 0.6778846153846154 0.5697115384615384
0 0.5576923076923077 0.5240384615384616 0.5865384615384616 0.75