0 0.20793269230769232 0.6790865384615384 0.22596153846153846 0.1201923076923077
0 0.13341346153846154 0.7019230769230769 0.24519230769230768 0.11538461538461539
0 0.17307692307692307 0.7596153846153846 0.3317307692307692 0.2692307692307692
0 0.03245192307692308 0.6923076923076923 0.052884615384615384 0.13942307692307693
0 0.12740384615384615 0.8882211538461539 0.24519230769230768 0.14423076923076922
0 0.7932692307692307 0.7415865384615384 0.40865384615384615 0.2668269230769231
0 0.7980769230769231 0.07692307692307693 0.21394230769230768 0.11538461538461539
0 0.8149038461538461 0.01201923076923077 0.1778846153846154 0.016826923076923076
0 0.6069711538461539 0.046875 0.18990384615384615 0.08653846153846154
0 0.7295673076923077 0.16947115384615385 0.18509615384615385 0.09615384615384616
0 0.9002403846153846 0.16466346153846154 0.19471153846153846 0.08413461538461539
0 0.7920673076923077 0.0889423076923077 0.3798076923076923 0.09615384615384616
0 0.7740384615384616 0.36899038461538464 0.21394230769230768 0.11057692307692307
0 0.22355769230769232 0.125 0.14903846153846154 0.10336538461538461
0 0.25240384615384615 0.23197115384615385 0.11298076923076923 0.08413461538461539
0 0.28846153846153844 0.054086538461538464 0.2692307692307692 0.10096153846153846
0 0.4050480769230769 0.08052884615384616 0.22596153846153846 0.13942307692307693
0 0.36899038461538464 0.19951923076923078 0.15384615384615385 0.11057692307692307
0 0.07692307692307693 0.14543269230769232 0.12980769230769232 0.14903846153846154
0 0.0829326923076923 0.037259615384615384 0.15384615384615385 0.0673076923076923
0 0.13942307692307693 0.2403846153846154 0.14903846153846154 0.08173076923076923
2 0.7800480769230769 0.3713942307692308 0.20192307692307693 0.10576923076923077
2 0.9459134615384616 0.2980769230769231 0.10576923076923077 0.12740384615384615
2 0.9507211538461539 0.44591346153846156 0.09375 0.11778846153846154
3 0.8858173076923077 0.9747596153846154 0.13701923076923078 0.04567307692307692
5 0.28846153846153844 0.3173076923076923 0.5432692307692307 0.08173076923076923
5 0.23197115384615385 0.39302884615384615 0.4519230769230769 0.06971153846153846