0 0.6634615384615384 0.3870192307692308 0.3894230769230769 0.2644230769230769
0 0.5985576923076923 0.21995192307692307 0.07211538461538461 0.0625
0 0.6286057692307693 0.12740384615384615 0.2956730769230769 0.16826923076923078
0 0.22956730769230768 0.1201923076923077 0.3701923076923077 0.23317307692307693
0 0.8305288461538461 0.296875 0.3173076923076923 0.19230769230769232
0 0.27283653846153844 0.4266826923076923 0.45913461538461536 0.25961538461538464
0 0.6526442307692307 0.6057692307692307 0.18028846153846154 0.1201923076923077
0 0.8557692307692307 0.6346153846153846 0.06009615384615385 0.0625
0 0.8990384615384616 0.6069711538461539 0.07211538461538461 0.05048076923076923
0 0.7379807692307693 0.8197115384615384 0.4375 0.23798076923076922
0 0.4639423076923077 0.8016826923076923 0.3701923076923077 0.1778846153846154
0 0.21033653846153846 0.6947115384615384 0.37740384615384615 0.13221153846153846
0 0.14783653846153846 0.9038461538461539 0.17307692307692307 0.12740384615384615
0 0.8473557692307693 0.9290865384615384 0.22355769230769232 0.13701923076923078