0 0.22596153846153846 0.046875 0.11057692307692307 0.08173076923076923
0 0.3161057692307692 0.036057692307692304 0.09134615384615384 0.0625
0 0.375 0.05889423076923077 0.07692307692307693 0.10817307692307693
0 0.46274038461538464 0.11057692307692307 0.09134615384615384 0.21153846153846154
0 0.25841346153846156 0.27884615384615385 0.16346153846153846 0.5480769230769231
0 0.3894230769230769 0.6213942307692307 0.12980769230769232 0.30288461538461536
0 0.3918269230769231 0.5108173076923077 0.08173076923076923 0.20673076923076922
0 0.3942307692307692 0.4074519230769231 0.09134615384615384 0.125
0 0.3858173076923077 0.24278846153846154 0.13942307692307693 0.3076923076923077
0 0.4675480769230769 0.5252403846153846 0.11538461538461539 0.28846153846153844
0 0.5612980769230769 0.6706730769230769 0.25 0.34134615384615385
0 0.6081730769230769 0.4074519230769231 0.17307692307692307 0.2980769230769231
0 0.5480769230769231 0.26802884615384615 0.10096153846153846 0.15384615384615385
0 0.47836538461538464 0.11899038461538461 0.06971153846153846 0.22596153846153846
0 0.24879807692307693 0.8449519230769231 0.057692307692307696 0.11298076923076923
0 0.2932692307692308 0.7211538461538461 0.038461538461538464 0.07211538461538461
0 0.36658653846153844 0.7451923076923077 0.12980769230769232 0.23076923076923078
0 0.4182692307692308 0.9807692307692307 0.028846153846153848 0.03365384615384615
0 0.19831730769230768 0.5673076923076923 0.03365384615384615 0.052884615384615384
0 0.25240384615384615 0.5132211538461539 0.019230769230769232 0.014423076923076924
0 0.2776442307692308 0.5180288461538461 0.007211538461538462 0.02403846153846154
0 0.2512019230769231 0.44350961538461536 0.014423076923076924 0.019230769230769232
0 0.19831730769230768 0.4891826923076923 0.01201923076923077 0.019230769230769232
0 0.1814903846153846 0.203125 0.02403846153846154 0.02403846153846154
0 0.5216346153846154 0.8485576923076923 0.1875 0.2980769230769231
0 0.6850961538461539 0.8701923076923077 0.16826923076923078 0.2548076923076923
0 0.6983173076923077 0.6442307692307693 0.20673076923076922 0.4230769230769231
0 0.8377403846153846 0.47716346153846156 0.24759615384615385 0.08653846153846154
0 0.6334134615384616 0.38100961538461536 0.20192307692307693 0.3076923076923077