0 0.6334134615384616 0.6466346153846154 0.3076923076923077 0.25721153846153844
0 0.6334134615384616 0.8317307692307693 0.0985576923076923 0.07211538461538461
0 0.6117788461538461 0.9098557692307693 0.09375 0.08413461538461539
0 0.5072115384615384 0.9182692307692307 0.09375 0.052884615384615384
0 0.5252403846153846 0.8557692307692307 0.11057692307692307 0.08173076923076923
0 0.546875 0.796875 0.08413461538461539 0.06009615384615385
0 0.41586538461538464 0.8533653846153846 0.0985576923076923 0.0673076923076923
0 0.44350961538461536 0.7896634615384616 0.08413461538461539 0.08413461538461539
0 0.38822115384615385 0.7512019230769231 0.052884615384615384 0.04807692307692308
0 0.20192307692307693 0.7716346153846154 0.39903846153846156 0.3557692307692308
0 0.5769230769230769 0.734375 0.2932692307692308 0.20192307692307693
0 0.09134615384615384 0.5444711538461539 0.15384615384615385 0.27884615384615385
0 0.32211538461538464 0.4639423076923077 0.34615384615384615 0.5096153846153846
0 0.5120192307692307 0.3317307692307692 0.6298076923076923 0.3557692307692308
0 0.703125 0.2548076923076923 0.38461538461538464 0.3173076923076923
0 0.27163461538461536 0.11658653846153846 0.5384615384615384 0.23317307692307693
0 0.6358173076923077 0.06490384615384616 0.2860576923076923 0.12980769230769232