0 0.9158653846153846 0.9699519230769231 0.1201923076923077 0.052884615384615384
0 0.8737980769230769 0.9050480769230769 0.10817307692307693 0.06971153846153846
0 0.8329326923076923 0.9699519230769231 0.06009615384615385 0.052884615384615384
0 0.7632211538461539 0.9338942307692307 0.07692307692307693 0.125
0 0.8028846153846154 0.8894230769230769 0.10817307692307693 0.11057692307692307
0 0.7848557692307693 0.8100961538461539 0.07211538461538461 0.057692307692307696
0 0.7992788461538461 0.7596153846153846 0.052884615384615384 0.05048076923076923
0 0.7848557692307693 0.7451923076923077 0.08413461538461539 0.09375
0 0.7091346153846154 0.7752403846153846 0.17307692307692307 0.3125
0 0.6850961538461539 0.9242788461538461 0.10096153846153846 0.1466346153846154
0 0.6081730769230769 0.9663461538461539 0.11538461538461539 0.06009615384615385
0 0.6766826923076923 0.7451923076923077 0.15625 0.25
0 0.6141826923076923 0.9038461538461539 0.052884615384615384 0.08653846153846154
0 0.9399038461538461 0.45913461538461536 0.04807692307692308 0.036057692307692304
0 0.9771634615384616 0.4723557692307692 0.040865384615384616 0.05048076923076923
0 0.9495192307692307 0.5036057692307693 0.07692307692307693 0.052884615384615384
0 0.9867788461538461 0.5204326923076923 0.021634615384615384 0.04567307692307692
0 0.9146634615384616 0.33413461538461536 0.1658653846153846 0.16826923076923078
0 0.9507211538461539 0.3605769230769231 0.09375 0.15384615384615385
0 0.28125 0.036057692307692304 0.1346153846153846 0.0673076923076923
0 0.17067307692307693 0.07932692307692307 0.125 0.038461538461538464
0 0.20072115384615385 0.09495192307692307 0.0673076923076923 0.04326923076923077
0 0.1502403846153846 0.11057692307692307 0.04807692307692308 0.04807692307692308
0 0.18870192307692307 0.15264423076923078 0.09134615384615384 0.06009615384615385
0 0.27884615384615385 0.18990384615384615 0.13942307692307693 0.06971153846153846
0 0.2848557692307692 0.2548076923076923 0.11538461538461539 0.052884615384615384
0 0.3798076923076923 0.16346153846153846 0.11538461538461539 0.06971153846153846
0 0.27524038461538464 0.1141826923076923 0.14423076923076922 0.08173076923076923
0 0.3894230769230769 0.08774038461538461 0.10817307692307693 0.08173076923076923
0 0.41586538461538464 0.03485576923076923 0.028846153846153848 0.036057692307692304
0 0.3557692307692308 0.03125 0.08173076923076923 0.057692307692307696
0 0.042067307692307696 0.3894230769230769 0.07211538461538461 0.07692307692307693
0 0.020432692307692308 0.45913461538461536 0.028846153846153848 0.057692307692307696
0 0.042067307692307696 0.27283653846153844 0.06009615384615385 0.07692307692307693
0 0.02403846153846154 0.22956730769230768 0.036057692307692304 0.057692307692307696
0 0.01201923076923077 0.17067307692307693 0.01201923076923077 0.028846153846153848
0 0.2512019230769231 0.35216346153846156 0.10817307692307693 0.04807692307692308
0 0.1971153846153846 0.4026442307692308 0.07211538461538461 0.057692307692307696
0 0.30528846153846156 0.421875 0.1778846153846154 0.09615384615384616
0 0.35336538461538464 0.4795673076923077 0.27403846153846156 0.08653846153846154
0 0.15865384615384615 0.5276442307692307 0.11538461538461539 0.20192307692307693
0 0.09254807692307693 0.6262019230769231 0.028846153846153848 0.052884615384615384
0 0.054086538461538464 0.7067307692307693 0.06009615384615385 0.10336538461538461
0 0.1466346153846154 0.6322115384615384 0.18509615384615385 0.30528846153846156
0 0.04807692307692308 0.7728365384615384 0.04807692307692308 0.036057692307692304
0 0.08052884615384616 0.7896634615384616 0.052884615384615384 0.028846153846153848
0 0.14423076923076922 0.7355769230769231 0.04807692307692308 0.07211538461538461
0 0.17307692307692307 0.6706730769230769 0.036057692307692304 0.02403846153846154
0 0.2091346153846154 0.5733173076923077 0.08413461538461539 0.1971153846153846
0 0.20072115384615385 0.7115384615384616 0.10096153846153846 0.08653846153846154
0 0.2512019230769231 0.7728365384615384 0.13221153846153846 0.05048076923076923
0 0.296875 0.7271634615384616 0.09134615384615384 0.04326923076923077
0 0.2091346153846154 0.8149038461538461 0.09615384615384616 0.052884615384615384
0 0.21514423076923078 0.8653846153846154 0.09615384615384616 0.057692307692307696
0 0.27283653846153844 0.9074519230769231 0.04326923076923077 0.026442307692307692
0 0.3269230769230769 0.9375 0.0673076923076923 0.052884615384615384
0 0.33533653846153844 0.8942307692307693 0.06009615384615385 0.026442307692307692
0 0.4855769230769231 0.9399038461538461 0.09615384615384616 0.11298076923076923
0 0.4338942307692308 0.8990384615384616 0.052884615384615384 0.10096153846153846
0 0.3798076923076923 0.6935096153846154 0.10096153846153846 0.3557692307692308
0 0.33533653846153844 0.7704326923076923 0.08413461538461539 0.21634615384615385
0 0.2848557692307692 0.8605769230769231 0.052884615384615384 0.0673076923076923
0 0.2848557692307692 0.6310096153846154 0.09134615384615384 0.14903846153846154
0 0.25721153846153844 0.5673076923076923 0.036057692307692304 0.17548076923076922
0 0.30288461538461536 0.5396634615384616 0.0673076923076923 0.03365384615384615
0 0.30288461538461536 0.5036057692307693 0.0673076923076923 0.038461538461538464
0 0.4579326923076923 0.6346153846153846 0.09134615384615384 0.2283653846153846
0 0.49759615384615385 0.7295673076923077 0.13221153846153846 0.04326923076923077
0 0.5120192307692307 0.7752403846153846 0.052884615384615384 0.052884615384615384
0 0.46153846153846156 0.8016826923076923 0.06009615384615385 0.09134615384615384
0 0.4735576923076923 0.8521634615384616 0.036057692307692304 0.036057692307692304
0 0.5084134615384616 0.6742788461538461 0.08413461538461539 0.07692307692307693
0 0.5204326923076923 0.6009615384615384 0.036057692307692304 0.15384615384615385
0 0.5564903846153846 0.5793269230769231 0.036057692307692304 0.06009615384615385
0 0.5144230769230769 0.5084134615384616 0.06009615384615385 0.0889423076923077
0 0.9507211538461539 0.21394230769230768 0.09375 0.07211538461538461
0 0.8713942307692307 0.25961538461538464 0.11538461538461539 0.057692307692307696
0 0.8052884615384616 0.2848557692307692 0.09134615384615384 0.0673076923076923
0 0.796875 0.22956730769230768 0.04807692307692308 0.036057692307692304
0 0.8653846153846154 0.18870192307692307 0.09134615384615384 0.07932692307692307
0 0.9254807692307693 0.16706730769230768 0.07692307692307693 0.028846153846153848
0 0.8149038461538461 0.16947115384615385 0.1201923076923077 0.08653846153846154
0 0.8473557692307693 0.11778846153846154 0.16346153846153846 0.07692307692307693
0 0.9495192307692307 0.14543269230769232 0.0673076923076923 0.04807692307692308
0 0.9471153846153846 0.08653846153846154 0.10096153846153846 0.08173076923076923
0 0.7908653846153846 0.057692307692307696 0.10817307692307693 0.08173076923076923
0 0.8293269230769231 0.04326923076923077 0.11538461538461539 0.0673076923076923
0 0.9254807692307693 0.04927884615384615 0.125 0.052884615384615384
0 0.9170673076923077 0.014423076923076924 0.0985576923076923 0.02403846153846154
0 0.8149038461538461 0.009615384615384616 0.11057692307692307 0.014423076923076924
0 0.9771634615384616 0.025240384615384616 0.040865384615384616 0.04567307692307692
0 0.6105769230769231 0.025240384615384616 0.09615384615384616 0.04807692307692308
0 0.78125 0.5384615384615384 0.125 0.11057692307692307
0 0.7692307692307693 0.4963942307692308 0.09134615384615384 0.052884615384615384
0 0.6826923076923077 0.5673076923076923 0.07211538461538461 0.04807692307692308
0 0.6286057692307693 0.5600961538461539 0.09615384615384616 0.06009615384615385
0 0.5685096153846154 0.5216346153846154 0.07211538461538461 0.04807692307692308
0 0.6201923076923077 0.5048076923076923 0.028846153846153848 0.028846153846153848
0 0.6826923076923077 0.5252403846153846 0.08413461538461539 0.04326923076923077
0 0.6766826923076923 0.48197115384615385 0.08413461538461539 0.04326923076923077
0 0.7391826923076923 0.47716346153846156 0.052884615384615384 0.04807692307692308
0 0.6646634615384616 0.41947115384615385 0.10817307692307693 0.0625
0 0.6081730769230769 0.46875 0.09134615384615384 0.04807692307692308
0 0.5721153846153846 0.4519230769230769 0.07692307692307693 0.0625
0 0.5264423076923077 0.4387019230769231 0.07211538461538461 0.04807692307692308
0 0.44591346153846156 0.44350961538461536 0.0673076923076923 0.04807692307692308
0 0.4735576923076923 0.4050480769230769 0.09615384615384616 0.0625
0 0.5384615384615384 0.40024038461538464 0.04807692307692308 0.026442307692307692
0 0.6045673076923077 0.39783653846153844 0.08413461538461539 0.052884615384615384
0 0.5564903846153846 0.3329326923076923 0.1778846153846154 0.08173076923076923
0 0.6262019230769231 0.3449519230769231 0.07692307692307693 0.052884615384615384
0 0.6730769230769231 0.3389423076923077 0.07692307692307693 0.0625
0 0.7247596153846154 0.38100961538461536 0.1201923076923077 0.06009615384615385
0 0.6790865384615384 0.28365384615384615 0.10096153846153846 0.0625
0 0.7127403846153846 0.2620192307692308 0.07211538461538461 0.04807692307692308
0 0.5925480769230769 0.26322115384615385 0.14423076923076922 0.0625
0 0.5144230769230769 0.28966346153846156 0.07211538461538461 0.06971153846153846
0 0.578125 0.19831730769230768 0.09134615384615384 0.07211538461538461
0 0.640625 0.19591346153846154 0.07211538461538461 0.07211538461538461
0 0.5961538461538461 0.16706730769230768 0.052884615384615384 0.04326923076923077