0 0.5336538461538461 0.5072115384615384 0.375 0.2692307692307692
0 0.5108173076923077 0.24759615384615385 0.3701923076923077 0.25961538461538464
0 0.5132211538461539 0.056490384615384616 0.3629807692307692 0.10576923076923077
0 0.23197115384615385 0.13581730769230768 0.30528846153846156 0.2644230769230769
0 0.23677884615384615 0.3942307692307692 0.3173076923076923 0.25240384615384615
0 0.24519230769230768 0.6550480769230769 0.3317307692307692 0.27403846153846156
0 0.2403846153846154 0.890625 0.3317307692307692 0.21394230769230768
0 0.5552884615384616 0.7872596153846154 0.3942307692307692 0.29086538461538464
0 0.5444711538461539 0.9603365384615384 0.31009615384615385 0.07451923076923077
0 0.8449519230769231 0.9038461538461539 0.30528846153846156 0.19230769230769232
0 0.8329326923076923 0.6346153846153846 0.3293269230769231 0.27403846153846156
0 0.8257211538461539 0.36177884615384615 0.34615384615384615 0.28846153846153844
0 0.7944711538461539 0.11899038461538461 0.33653846153846156 0.23076923076923078
0 0.9663461538461539 0.18389423076923078 0.0625 0.18990384615384615