0 0.28125 0.3942307692307692 0.22355769230769232 0.12740384615384615
0 0.36899038461538464 0.21033653846153846 0.15865384615384615 0.11538461538461539
0 0.2764423076923077 0.0889423076923077 0.20192307692307693 0.14903846153846154
0 0.24278846153846154 0.5360576923076923 0.16826923076923078 0.1201923076923077
0 0.4639423076923077 0.5685096153846154 0.11057692307692307 0.08413461538461539
0 0.5024038461538461 0.46033653846153844 0.21875 0.14182692307692307
0 0.5733173076923077 0.5985576923076923 0.15384615384615385 0.10576923076923077
0 0.47836538461538464 0.7091346153846154 0.20192307692307693 0.13942307692307693
0 0.3557692307692308 0.6141826923076923 0.20673076923076922 0.14423076923076922
0 0.8016826923076923 0.5685096153846154 0.3918269230769231 0.41586538461538464
0 0.7199519230769231 0.22596153846153846 0.5552884615384616 0.42788461538461536