0 0.1875 0.11057692307692307 0.16826923076923078 0.21394230769230768
0 0.5985576923076923 0.15985576923076922 0.6778846153846154 0.3125
0 0.9338942307692307 0.12379807692307693 0.12740384615384615 0.23798076923076922
0 0.8581730769230769 0.390625 0.27884615384615385 0.29086538461538464
0 0.5132211538461539 0.48677884615384615 0.4855769230769231 0.3701923076923077
0 0.18990384615384615 0.4423076923076923 0.18269230769230768 0.3605769230769231
0 0.21634615384615385 0.27524038461538464 0.24519230769230768 0.15384615384615385
0 0.20072115384615385 0.6658653846153846 0.20192307692307693 0.21634615384615385
0 0.40384615384615385 0.8353365384615384 0.4951923076923077 0.3269230769230769
0 0.7872596153846154 0.71875 0.4206730769230769 0.38461538461538464
0 0.6610576923076923 0.9350961538461539 0.4375 0.125
0 0.9387019230769231 0.9543269230769231 0.11778846153846154 0.08653846153846154
0 0.15865384615384615 0.9759615384615384 0.11057692307692307 0.04326923076923077
0 0.125 0.8605769230769231 0.0625 0.1875
0 0.5456730769230769 0.5012019230769231 0.9038461538461539 0.9975961538461539