0 0.22716346153846154 0.31009615384615385 0.4495192307692308 0.34134615384615385
0 0.1658653846153846 0.7247596153846154 0.3269230769230769 0.31490384615384615
0 0.4855769230769231 0.6862980769230769 0.5769230769230769 0.4014423076923077
0 0.8473557692307693 0.4855769230769231 0.2932692307692308 0.2548076923076923
0 0.8557692307692307 0.6358173076923077 0.2764423076923077 0.20192307692307693
0 0.6021634615384616 0.3473557692307692 0.41346153846153844 0.2644230769230769
0 0.828125 0.30649038461538464 0.3317307692307692 0.2692307692307692
0 0.2764423076923077 0.09495192307692307 0.3605769230769231 0.18990384615384615
0 0.08052884615384616 0.16346153846153846 0.15625 0.20673076923076922
0 0.026442307692307692 0.44350961538461536 0.04807692307692308 0.09375
0 0.9146634615384616 0.8497596153846154 0.1346153846153846 0.11057692307692307