0 0.18629807692307693 0.17307692307692307 0.3605769230769231 0.33653846153846156
0 0.4098557692307692 0.078125 0.0673076923076923 0.0625
0 0.3858173076923077 0.125 0.06009615384615385 0.0625
0 0.37740384615384615 0.08052884615384616 0.04326923076923077 0.028846153846153848
0 0.41586538461538464 0.18870192307692307 0.15384615384615385 0.057692307692307696
0 0.33653846153846156 0.22355769230769232 0.06009615384615385 0.07692307692307693
0 0.390625 0.25841346153846156 0.07211538461538461 0.036057692307692304
0 0.39302884615384615 0.7259615384615384 0.0673076923076923 0.0625
0 0.7211538461538461 0.052884615384615384 0.21875 0.0985576923076923
0 0.4423076923076923 0.23076923076923078 0.0985576923076923 0.0673076923076923
0 0.4831730769230769 0.19471153846153846 0.04807692307692308 0.038461538461538464
0 0.49399038461538464 0.12860576923076922 0.038461538461538464 0.09134615384615384
0 0.44591346153846156 0.12860576923076922 0.07211538461538461 0.0985576923076923
0 0.5084134615384616 0.23677884615384615 0.0673076923076923 0.036057692307692304
0 0.5192307692307693 0.19831730769230768 0.03365384615384615 0.038461538461538464
0 0.49759615384615385 0.2776442307692308 0.052884615384615384 0.04807692307692308
0 0.546875 0.26322115384615385 0.0673076923076923 0.03365384615384615
0 0.5576923076923077 0.2403846153846154 0.03365384615384615 0.014423076923076924
0 0.6141826923076923 0.2704326923076923 0.09134615384615384 0.038461538461538464
0 0.5516826923076923 0.3088942307692308 0.052884615384615384 0.05048076923076923
0 0.6033653846153846 0.30408653846153844 0.08173076923076923 0.02403846153846154
0 0.6394230769230769 0.3401442307692308 0.021634615384615384 0.02403846153846154
0 0.6201923076923077 0.31971153846153844 0.016826923076923076 0.014423076923076924
0 0.6009615384615384 0.3473557692307692 0.04326923076923077 0.04807692307692308
0 0.5661057692307693 0.3557692307692308 0.028846153846153848 0.05048076923076923
0 0.4375 0.06370192307692307 0.2403846153846154 0.1201923076923077
0 0.7127403846153846 0.1346153846153846 0.19230769230769232 0.08173076923076923
0 0.8137019230769231 0.25961538461538464 0.3701923076923077 0.24519230769230768
0 0.5769230769230769 0.1814903846153846 0.125 0.125
0 0.78125 0.40024038461538464 0.1875 0.10096153846153846
0 0.7512019230769231 0.4567307692307692 0.13701923076923078 0.08413461538461539
0 0.6262019230769231 0.4423076923076923 0.125 0.1201923076923077
0 0.42908653846153844 0.3605769230769231 0.25721153846153844 0.18269230769230768
0 0.4014423076923077 0.5805288461538461 0.25721153846153844 0.25
0 0.21875 0.43990384615384615 0.42788461538461536 0.31971153846153844
0 0.4170673076923077 0.9146634615384616 0.17548076923076922 0.1658653846153846
0 0.7728365384615384 0.9098557692307693 0.43509615384615385 0.17548076923076922
0 0.8016826923076923 0.6959134615384616 0.3918269230769231 0.25721153846153844
0 0.7235576923076923 0.5324519230769231 0.16826923076923078 0.052884615384615384
0 0.5168269230769231 0.8605769230769231 0.09134615384615384 0.0625
0 0.5384615384615384 0.8197115384615384 0.08173076923076923 0.052884615384615384
0 0.5408653846153846 0.7259615384615384 0.0673076923076923 0.052884615384615384
0 0.5600961538461539 0.7728365384615384 0.07211538461538461 0.04807692307692308
0 0.5733173076923077 0.7151442307692307 0.0673076923076923 0.052884615384615384
0 0.5733173076923077 0.6730769230769231 0.052884615384615384 0.028846153846153848
0 0.5901442307692307 0.6237980769230769 0.04326923076923077 0.04807692307692308
0 0.5985576923076923 0.5913461538461539 0.04807692307692308 0.02403846153846154
0 0.5841346153846154 0.5649038461538461 0.04326923076923077 0.02403846153846154
0 0.546875 0.6213942307692307 0.04326923076923077 0.05048076923076923
0 0.46153846153846156 0.7295673076923077 0.06009615384615385 0.0673076923076923
0 0.40384615384615385 0.7512019230769231 0.0673076923076923 0.052884615384615384
0 0.42908653846153844 0.8088942307692307 0.07211538461538461 0.0673076923076923
0 0.4723557692307692 0.7764423076923077 0.06009615384615385 0.04807692307692308
0 0.18269230769230768 0.7908653846153846 0.3605769230769231 0.41346153846153844