0 0.10817307692307693 0.056490384615384616 0.20673076923076922 0.10576923076923077
0 0.38100961538461536 0.21995192307692307 0.3798076923076923 0.4326923076923077
0 0.27283653846153844 0.27403846153846156 0.1971153846153846 0.20192307692307693
0 0.11298076923076923 0.1346153846153846 0.15384615384615385 0.09134615384615384
0 0.028846153846153848 0.14423076923076922 0.04807692307692308 0.057692307692307696
0 0.07692307692307693 0.22596153846153846 0.1346153846153846 0.10576923076923077
0 0.06490384615384616 0.2704326923076923 0.1201923076923077 0.06971153846153846
0 0.3425480769230769 0.2644230769230769 0.44711538461538464 0.34375
0 0.2548076923076923 0.4074519230769231 0.14903846153846154 0.10576923076923077
0 0.3870192307692308 0.3245192307692308 0.18509615384615385 0.13942307692307693
0 0.3425480769230769 0.17548076923076922 0.10817307692307693 0.0889423076923077
0 0.4951923076923077 0.37259615384615385 0.10336538461538461 0.0889423076923077
0 0.5288461538461539 0.22355769230769232 0.27403846153846156 0.21634615384615385
0 0.4074519230769231 0.06971153846153846 0.24759615384615385 0.12980769230769232
0 0.6466346153846154 0.08653846153846154 0.22115384615384615 0.1658653846153846
0 0.8725961538461539 0.09254807692307693 0.25 0.18028846153846154
0 0.7788461538461539 0.1971153846153846 0.24759615384615385 0.1778846153846154
0 0.6983173076923077 0.3701923076923077 0.24278846153846154 0.18509615384615385
0 0.26802884615384615 0.6646634615384616 0.25721153846153844 0.17067307692307693
0 0.12379807692307693 0.6057692307692307 0.125 0.06971153846153846
0 0.07451923076923077 0.5733173076923077 0.07692307692307693 0.05048076923076923
0 0.025240384615384616 0.5829326923076923 0.040865384615384616 0.04807692307692308
0 0.028846153846153848 0.6334134615384616 0.04807692307692308 0.04807692307692308
0 0.0673076923076923 0.6694711538461539 0.10336538461538461 0.057692307692307696
0 0.07932692307692307 0.703125 0.10817307692307693 0.055288461538461536
0 0.02283653846153846 0.7295673076923077 0.036057692307692304 0.06971153846153846
0 0.015625 0.6778846153846154 0.019230769230769232 0.05048076923076923
0 0.12620192307692307 0.8161057692307693 0.24278846153846154 0.18990384615384615
0 0.13942307692307693 0.9435096153846154 0.10336538461538461 0.07451923076923077
0 0.04326923076923077 0.9266826923076923 0.08173076923076923 0.14182692307692307
0 0.2932692307692308 0.7800480769230769 0.125 0.10817307692307693
0 0.45913461538461536 0.8052884615384616 0.22596153846153846 0.17307692307692307
0 0.6754807692307693 0.6887019230769231 0.3076923076923077 0.1658653846153846
0 0.7788461538461539 0.5516826923076923 0.22596153846153846 0.1778846153846154
0 0.9507211538461539 0.5372596153846154 0.09615384615384616 0.1778846153846154
0 0.8846153846153846 0.4831730769230769 0.0673076923076923 0.04807692307692308
0 0.8942307692307693 0.4338942307692308 0.0673076923076923 0.05048076923076923
0 0.8425480769230769 0.42908653846153844 0.0673076923076923 0.052884615384615384
0 0.8425480769230769 0.38461538461538464 0.057692307692307696 0.03365384615384615
0 0.8605769230769231 0.3557692307692308 0.08173076923076923 0.052884615384615384
0 0.8846153846153846 0.3088942307692308 0.08653846153846154 0.052884615384615384
0 0.8221153846153846 0.2932692307692308 0.07692307692307693 0.052884615384615384
0 0.8810096153846154 0.25841346153846156 0.07211538461538461 0.0625
0 0.9387019230769231 0.2620192307692308 0.07211538461538461 0.06971153846153846
0 0.9387019230769231 0.20432692307692307 0.08173076923076923 0.04807692307692308
0 0.9098557692307693 0.16466346153846154 0.04807692307692308 0.03365384615384615
0 0.9627403846153846 0.171875 0.06971153846153846 0.08413461538461539
0 0.9807692307692307 0.12980769230769232 0.03365384615384615 0.07211538461538461
0 0.9903846153846154 0.078125 0.014423076923076924 0.040865384615384616
0 0.9747596153846154 0.04927884615384615 0.04567307692307692 0.055288461538461536
0 0.9831730769230769 0.24158653846153846 0.028846153846153848 0.040865384615384616
0 0.9831730769230769 0.2776442307692308 0.028846153846153848 0.040865384615384616
0 0.9675480769230769 0.31850961538461536 0.06009615384615385 0.06971153846153846
0 0.9350961538461539 0.3473557692307692 0.0673076923076923 0.07692307692307693
0 0.9026442307692307 0.38461538461538464 0.052884615384615384 0.05048076923076923
0 0.9459134615384616 0.39903846153846156 0.04807692307692308 0.04326923076923077
0 0.9507211538461539 0.43990384615384615 0.057692307692307696 0.038461538461538464
0 0.9831730769230769 0.3641826923076923 0.028846153846153848 0.06009615384615385
0 0.9891826923076923 0.4206730769230769 0.019230769230769232 0.04807692307692308
0 0.8978365384615384 0.7127403846153846 0.19951923076923078 0.19951923076923078
0 0.7608173076923077 0.8112980769230769 0.18028846153846154 0.13221153846153846
0 0.6802884615384616 0.8353365384615384 0.21634615384615385 0.14423076923076922
0 0.18509615384615385 0.9002403846153846 0.32211538461538464 0.19471153846153846
0 0.038461538461538464 0.5264423076923077 0.0673076923076923 0.09615384615384616
0 0.7271634615384616 0.921875 0.1466346153846154 0.15144230769230768
0 0.8401442307692307 0.9206730769230769 0.10336538461538461 0.08173076923076923
0 0.8377403846153846 0.8629807692307693 0.057692307692307696 0.04326923076923077
0 0.8737980769230769 0.8257211538461539 0.04807692307692308 0.038461538461538464
0 0.8557692307692307 0.9735576923076923 0.11538461538461539 0.04807692307692308
0 0.9338942307692307 0.9002403846153846 0.12740384615384615 0.19471153846153846
0 0.5721153846153846 0.875 0.07211538461538461 0.0673076923076923
0 0.6310096153846154 0.9098557692307693 0.0673076923076923 0.057692307692307696
0 0.6466346153846154 0.8689903846153846 0.036057692307692304 0.038461538461538464
0 0.6742788461538461 0.9735576923076923 0.05048076923076923 0.04807692307692308
0 0.6201923076923077 0.9651442307692307 0.0673076923076923 0.06490384615384616
0 0.5612980769230769 0.9326923076923077 0.07211538461538461 0.09615384615384616
0 0.515625 0.953125 0.07211538461538461 0.08653846153846154
0 0.5 0.9050480769230769 0.0625 0.04326923076923077
0 0.453125 0.9146634615384616 0.03125 0.04807692307692308
0 0.4483173076923077 0.9579326923076923 0.08173076923076923 0.0625
0 0.39903846153846156 0.9074519230769231 0.0673076923076923 0.06971153846153846
0 0.3425480769230769 0.8954326923076923 0.04807692307692308 0.03125
0 0.3425480769230769 0.9423076923076923 0.09615384615384616 0.0625
0 0.32572115384615385 0.9795673076923077 0.06490384615384616 0.036057692307692304
0 0.2608173076923077 0.9495192307692307 0.0673076923076923 0.052884615384615384
0 0.24759615384615385 0.9855769230769231 0.11538461538461539 0.02403846153846154
0 0.390625 0.9807692307692307 0.09375 0.03365384615384615
0 0.4699519230769231 0.9891826923076923 0.08413461538461539 0.016826923076923076
0 0.5420673076923077 0.9927884615384616 0.06490384615384616 0.009615384615384616
0 0.07211538461538461 0.5036057692307693 0.0625 0.03365384615384615
0 0.10817307692307693 0.53125 0.0625 0.04326923076923077
0 0.14182692307692307 0.5 0.0673076923076923 0.04326923076923077
0 0.18028846153846154 0.47115384615384615 0.052884615384615384 0.03125
0 0.22716346153846154 0.4735576923076923 0.040865384615384616 0.03365384615384615
0 0.21153846153846154 0.5192307692307693 0.0625 0.05048076923076923
0 0.17067307692307693 0.5408653846153846 0.040865384615384616 0.03125
0 0.20072115384615385 0.5637019230769231 0.040865384615384616 0.03125
0 0.23677884615384615 0.5480769230769231 0.040865384615384616 0.03125
0 0.2704326923076923 0.5120192307692307 0.057692307692307696 0.05048076923076923
0 0.28125 0.47475961538461536 0.04807692307692308 0.038461538461538464
0 0.27884615384615385 0.4519230769230769 0.040865384615384616 0.02403846153846154
0 0.27884615384615385 0.5576923076923077 0.0625 0.03365384615384615
0 0.33533653846153844 0.5408653846153846 0.052884615384615384 0.038461538461538464
0 0.31490384615384615 0.5096153846153846 0.019230769230769232 0.02403846153846154
0 0.36538461538461536 0.5060096153846154 0.0625 0.04807692307692308
0 0.3329326923076923 0.4735576923076923 0.057692307692307696 0.04326923076923077
0 0.36899038461538464 0.4483173076923077 0.0673076923076923 0.04807692307692308
0 0.3870192307692308 0.5444711538461539 0.052884615384615384 0.038461538461538464
0 0.43509615384615385 0.5288461538461539 0.057692307692307696 0.038461538461538464
0 0.42788461538461536 0.49399038461538464 0.052884615384615384 0.038461538461538464
0 0.4387019230769231 0.45913461538461536 0.0625 0.038461538461538464
0 0.4951923076923077 0.4206730769230769 0.07211538461538461 0.038461538461538464
0 0.5132211538461539 0.44591346153846156 0.0673076923076923 0.03365384615384615
0 0.5697115384615384 0.4483173076923077 0.04807692307692308 0.03125
0 0.6213942307692307 0.47115384615384615 0.04807692307692308 0.04807692307692308
0 0.6526442307692307 0.5288461538461539 0.057692307692307696 0.0625
0 0.6490384615384616 0.5865384615384616 0.040865384615384616 0.038461538461538464
0 0.6057692307692307 0.5192307692307693 0.057692307692307696 0.05048076923076923
0 0.5721153846153846 0.4831730769230769 0.052884615384615384 0.04807692307692308
0 0.5 0.4879807692307692 0.07211538461538461 0.05048076923076923
0 0.49278846153846156 0.5348557692307693 0.04807692307692308 0.03365384615384615
0 0.5432692307692307 0.5288461538461539 0.04807692307692308 0.038461538461538464
0 0.5853365384615384 0.5600961538461539 0.057692307692307696 0.038461538461538464
0 0.5973557692307693 0.5889423076923077 0.040865384615384616 0.04326923076923077
0 0.5697115384615384 0.6213942307692307 0.04807692307692308 0.03125
0 0.5432692307692307 0.5805288461538461 0.04807692307692308 0.04326923076923077
0 0.5048076923076923 0.5673076923076923 0.040865384615384616 0.038461538461538464
0 0.515625 0.6201923076923077 0.0625 0.057692307692307696
0 0.4483173076923077 0.5661057692307693 0.052884615384615384 0.04326923076923077
0 0.41225961538461536 0.5829326923076923 0.052884615384615384 0.038461538461538464
0 0.36899038461538464 0.5865384615384616 0.057692307692307696 0.04807692307692308
0 0.4050480769230769 0.6213942307692307 0.04807692307692308 0.03125
0 0.453125 0.6105769230769231 0.052884615384615384 0.038461538461538464
0 0.44350961538461536 0.6526442307692307 0.0625 0.04807692307692308
0 0.5 0.6682692307692307 0.052884615384615384 0.052884615384615384
0 0.4567307692307692 0.6935096153846154 0.0673076923076923 0.04326923076923077