0 0.2608173076923077 0.8569711538461539 0.4855769230769231 0.20432692307692307
0 0.10697115384615384 0.9711538461538461 0.20192307692307693 0.052884615384615384
0 0.3317307692307692 0.9158653846153846 0.34375 0.15625
0 0.38341346153846156 0.9747596153846154 0.20192307692307693 0.04567307692307692
0 0.33774038461538464 0.9711538461538461 0.1971153846153846 0.052884615384615384
0 0.4879807692307692 0.9230769230769231 0.2403846153846154 0.052884615384615384
0 0.6262019230769231 0.859375 0.3798076923076923 0.10817307692307693
0 0.6045673076923077 0.9326923076923077 0.1778846153846154 0.12980769230769232
0 0.7271634615384616 0.9302884615384616 0.11538461538461539 0.10576923076923077
0 0.6442307692307693 0.9387019230769231 0.07211538461538461 0.06490384615384616
0 0.7367788461538461 0.9471153846153846 0.3557692307692308 0.10096153846153846
0 0.8870192307692307 0.8521634615384616 0.21634615384615385 0.07211538461538461
0 0.84375 0.7932692307692307 0.09134615384615384 0.07692307692307693
0 0.7151442307692307 0.7776442307692307 0.10576923076923077 0.08413461538461539
0 0.6045673076923077 0.7908653846153846 0.15384615384615385 0.07692307692307693
0 0.6959134615384616 0.6947115384615384 0.33653846153846156 0.12740384615384615
0 0.8701923076923077 0.7019230769230769 0.2548076923076923 0.1875
0 0.8100961538461539 0.5697115384615384 0.1346153846153846 0.1201923076923077
0 0.5925480769230769 0.6165865384615384 0.3605769230769231 0.07692307692307693
0 0.5036057692307693 0.5600961538461539 0.36778846153846156 0.07451923076923077
0 0.6442307692307693 0.5360576923076923 0.2091346153846154 0.057692307692307696
0 0.3004807692307692 0.6418269230769231 0.25721153846153844 0.07211538461538461
0 0.16826923076923078 0.5913461538461539 0.3125 0.11298076923076923
0 0.07932692307692307 0.5721153846153846 0.14903846153846154 0.0673076923076923
0 0.051682692307692304 0.7079326923076923 0.09134615384615384 0.20192307692307693
0 0.17427884615384615 0.7223557692307693 0.12980769230769232 0.19951923076923078
0 0.1622596153846154 0.8293269230769231 0.3125 0.12980769230769232
0 0.34975961538461536 0.7824519230769231 0.3076923076923077 0.12740384615384615
0 0.4110576923076923 0.6935096153846154 0.34375 0.08413461538461539
0 0.2668269230769231 0.4891826923076923 0.44711538461538464 0.0673076923076923
0 0.2704326923076923 0.44350961538461536 0.3317307692307692 0.0673076923076923
0 0.5793269230769231 0.43509615384615385 0.3004807692307692 0.04567307692307692
0 0.6129807692307693 0.4675480769230769 0.25721153846153844 0.038461538461538464
0 0.7608173076923077 0.4567307692307692 0.15865384615384615 0.04326923076923077
0 0.7632211538461539 0.42427884615384615 0.09134615384615384 0.028846153846153848
0 0.8040865384615384 0.40625 0.14903846153846154 0.057692307692307696
0 0.7019230769230769 0.39663461538461536 0.07932692307692307 0.038461538461538464
0 0.4879807692307692 0.36899038461538464 0.3269230769230769 0.07451923076923077
0 0.22115384615384615 0.38822115384615385 0.42788461538461536 0.08653846153846154
0 0.057692307692307696 0.43509615384615385 0.10576923076923077 0.057692307692307696
0 0.1875 0.3245192307692308 0.35096153846153844 0.0673076923076923
0 0.34975961538461536 0.2956730769230769 0.3557692307692308 0.08653846153846154
0 0.5336538461538461 0.33052884615384615 0.08653846153846154 0.0673076923076923
0 0.640625 0.31971153846153844 0.12980769230769232 0.038461538461538464
0 0.7632211538461539 0.3581730769230769 0.2403846153846154 0.057692307692307696
0 0.7728365384615384 0.3076923076923077 0.1971153846153846 0.07451923076923077
0 0.828125 0.30649038461538464 0.17307692307692307 0.08413461538461539
0 0.8653846153846154 0.296875 0.12259615384615384 0.04567307692307692
0 0.8100961538461539 0.24879807692307693 0.0985576923076923 0.04567307692307692
0 0.6322115384615384 0.23557692307692307 0.24519230769230768 0.057692307692307696
0 0.3894230769230769 0.24879807692307693 0.44711538461538464 0.11057692307692307
0 0.10096153846153846 0.25841346153846156 0.1778846153846154 0.08413461538461539
0 0.1814903846153846 0.15985576923076922 0.35096153846153844 0.17067307692307693
0 0.5036057692307693 0.17427884615384615 0.49038461538461536 0.07692307692307693
0 0.3401442307692308 0.18870192307692307 0.375 0.07451923076923077
0 0.23918269230769232 0.07572115384615384 0.46634615384615385 0.0625
0 0.24519230769230768 0.0733173076923077 0.4807692307692308 0.1466346153846154
0 0.46033653846153844 0.07091346153846154 0.3557692307692308 0.1346153846153846
0 0.5432692307692307 0.055288461538461536 0.2764423076923077 0.11057692307692307
0 0.6935096153846154 0.12620192307692307 0.1346153846153846 0.06490384615384616
0 0.7391826923076923 0.17548076923076922 0.2403846153846154 0.08653846153846154
0 0.8125 0.21995192307692307 0.10576923076923077 0.03365384615384615
0 0.7548076923076923 0.109375 0.14903846153846154 0.12980769230769232
0 0.6682692307692307 0.0625 0.08653846153846154 0.028846153846153848
0 0.6165865384615384 0.03245192307692308 0.07932692307692307 0.06490384615384616