0 0.7199519230769231 0.6622596153846154 0.5552884615384616 0.6706730769230769
0 0.5180288461538461 0.9555288461538461 0.13942307692307693 0.08173076923076923
0 0.78125 0.8341346153846154 0.27403846153846156 0.1466346153846154
0 0.7199519230769231 0.8954326923076923 0.5552884615384616 0.20432692307692307
0 0.8701923076923077 0.24278846153846154 0.2548076923076923 0.4855769230769231
0 0.8149038461538461 0.08052884615384616 0.14423076923076922 0.1466346153846154
0 0.7247596153846154 0.21995192307692307 0.08653846153846154 0.11538461538461539
0 0.8221153846153846 0.12980769230769232 0.0673076923076923 0.0673076923076923
0 0.6983173076923077 0.16826923076923078 0.19230769230769232 0.09615384615384616
0 0.6286057692307693 0.2776442307692308 0.125 0.1466346153846154
0 0.7271634615384616 0.32091346153846156 0.040865384615384616 0.06971153846153846
0 0.6550480769230769 0.33774038461538464 0.14423076923076922 0.1346153846153846
0 0.7427884615384616 0.3942307692307692 0.0625 0.052884615384615384
0 0.703125 0.0733173076923077 0.10817307692307693 0.1466346153846154
0 0.6442307692307693 0.11778846153846154 0.052884615384615384 0.1346153846153846
0 0.6189903846153846 0.11538461538461539 0.0625 0.07692307692307693
0 0.5228365384615384 0.20072115384615385 0.20192307692307693 0.1778846153846154
0 0.39903846153846156 0.20072115384615385 0.08653846153846154 0.06971153846153846
0 0.38461538461538464 0.15985576923076922 0.10817307692307693 0.05048076923076923
0 0.3605769230769231 0.2644230769230769 0.07211538461538461 0.0673076923076923
0 0.4891826923076923 0.3701923076923077 0.1346153846153846 0.16826923076923078
0 0.5769230769230769 0.39783653846153844 0.125 0.09134615384615384
0 0.5612980769230769 0.44350961538461536 0.09134615384615384 0.06971153846153846
0 0.5432692307692307 0.5216346153846154 0.12980769230769232 0.10096153846153846
0 0.6153846153846154 0.47836538461538464 0.0673076923076923 0.11538461538461539
0 0.5432692307692307 0.625 0.13942307692307693 0.15384615384615385
0 0.48197115384615385 0.6370192307692307 0.07692307692307693 0.052884615384615384
0 0.4891826923076923 0.5925480769230769 0.08173076923076923 0.04326923076923077
0 0.42788461538461536 0.53125 0.08173076923076923 0.1201923076923077
0 0.3581730769230769 0.5709134615384616 0.1201923076923077 0.08653846153846154
0 0.30649038461538464 0.6911057692307693 0.17067307692307693 0.20192307692307693
0 0.19110576923076922 0.6814903846153846 0.3701923076923077 0.14903846153846154
0 0.05889423076923077 0.8605769230769231 0.10817307692307693 0.2403846153846154
0 0.14182692307692307 0.8653846153846154 0.10817307692307693 0.21634615384615385
0 0.22956730769230768 0.9110576923076923 0.19230769230769232 0.17067307692307693
0 0.30408653846153844 0.8473557692307693 0.16346153846153846 0.12740384615384615
0 0.4206730769230769 0.8317307692307693 0.13942307692307693 0.1658653846153846
0 0.41466346153846156 0.6742788461538461 0.10817307692307693 0.17307692307692307
0 0.44591346153846156 0.7319711538461539 0.10817307692307693 0.057692307692307696
0 0.4387019230769231 0.6334134615384616 0.7524038461538461 0.7259615384615384
0 0.7716346153846154 0.22596153846153846 0.4519230769230769 0.4519230769230769
0 0.43028846153846156 0.07572115384615384 0.5192307692307693 0.14903846153846154
0 0.24278846153846154 0.037259615384615384 0.07211538461538461 0.07211538461538461
0 0.2091346153846154 0.021634615384615384 0.036057692307692304 0.04326923076923077
0 0.3016826923076923 0.038461538461538464 0.07692307692307693 0.07692307692307693
0 0.3581730769230769 0.018028846153846152 0.11057692307692307 0.036057692307692304
0 0.3786057692307692 0.06129807692307692 0.1201923076923077 0.06971153846153846
0 0.11057692307692307 0.04447115384615385 0.08653846153846154 0.0889423076923077
0 0.056490384615384616 0.028846153846153848 0.040865384615384616 0.05048076923076923
0 0.042067307692307696 0.08173076923076923 0.07932692307692307 0.16346153846153846
0 0.10817307692307693 0.1971153846153846 0.10336538461538461 0.1466346153846154
0 0.036057692307692304 0.1875 0.0625 0.08173076923076923
0 0.046875 0.2824519230769231 0.08173076923076923 0.08653846153846154
0 0.040865384615384616 0.38461538461538464 0.07211538461538461 0.1201923076923077
0 0.025240384615384616 0.32211538461538464 0.040865384615384616 0.05048076923076923
0 0.24278846153846154 0.11538461538461539 0.22596153846153846 0.10817307692307693
0 0.18509615384615385 0.3786057692307692 0.3605769230769231 0.4182692307692308
0 0.06490384615384616 0.8509615384615384 0.1201923076923077 0.20432692307692307
0 0.0673076923076923 0.9735576923076923 0.125 0.04807692307692308
0 0.5 0.5 0.9951923076923077 1