0 0.3605769230769231 0.8305288461538461 0.16826923076923078 0.16346153846153846
0 0.5024038461538461 0.8365384615384616 0.16105769230769232 0.1201923076923077
0 0.5060096153846154 0.765625 0.21875 0.08653846153846154
0 0.3942307692307692 0.7536057692307693 0.040865384615384616 0.15384615384615385
0 0.48197115384615385 0.7019230769230769 0.15625 0.15865384615384615
0 0.6394230769230769 0.7211538461538461 0.09615384615384616 0.11057692307692307
0 0.7331730769230769 0.6177884615384616 0.1201923076923077 0.23076923076923078
0 0.8401442307692307 0.5240384615384616 0.08653846153846154 0.12980769230769232
0 0.9158653846153846 0.44591346153846156 0.15384615384615385 0.18028846153846154
0 0.9387019230769231 0.25721153846153844 0.11057692307692307 0.27403846153846156
0 0.7199519230769231 0.36899038461538464 0.09615384615384616 0.15865384615384615
0 0.7091346153846154 0.5060096153846154 0.10096153846153846 0.14903846153846154
0 0.8076923076923077 0.42908653846153844 0.13942307692307693 0.24759615384615385
0 0.7776442307692307 0.2980769230769231 0.05048076923076923 0.20192307692307693
0 0.8677884615384616 0.2403846153846154 0.0625 0.23076923076923078
0 0.8834134615384616 0.13701923076923078 0.10096153846153846 0.1971153846153846
0 0.9387019230769231 0.234375 0.057692307692307696 0.16346153846153846
0 0.6766826923076923 0.04326923076923077 0.2620192307692308 0.07692307692307693
0 0.53125 0.20432692307692307 0.05048076923076923 0.3317307692307692
0 0.5673076923076923 0.2512019230769231 0.04326923076923077 0.20673076923076922
0 0.6141826923076923 0.3137019230769231 0.06490384615384616 0.25721153846153844
0 0.6598557692307693 0.15264423076923078 0.0673076923076923 0.2956730769230769
0 0.43149038461538464 0.10336538461538461 0.12740384615384615 0.1971153846153846
0 0.25961538461538464 0.12620192307692307 0.20673076923076922 0.2403846153846154
0 0.22716346153846154 0.34134615384615385 0.14182692307692307 0.37740384615384615
0 0.23317307692307693 0.5 0.17307692307692307 0.15865384615384615
0 0.15504807692307693 0.5276442307692307 0.1201923076923077 0.28846153846153844
0 0.22355769230769232 0.7103365384615384 0.11298076923076923 0.11057692307692307
0 0.25841346153846156 0.6069711538461539 0.16826923076923078 0.14182692307692307
0 0.3233173076923077 0.6370192307692307 0.08653846153846154 0.08173076923076923
0 0.5060096153846154 0.5685096153846154 0.2548076923076923 0.11057692307692307
0 0.4723557692307692 0.4074519230769231 0.07211538461538461 0.24519230769230768
0 0.39302884615384615 0.39302884615384615 0.16826923076923078 0.052884615384615384
0 0.31850961538461536 0.34975961538461536 0.11298076923076923 0.07692307692307693
0 0.48677884615384615 0.4206730769230769 0.04326923076923077 0.04326923076923077
0 0.609375 0.4483173076923077 0.12740384615384615 0.15384615384615385
0 0.04927884615384615 0.4170673076923077 0.09375 0.18509615384615385
0 0.052884615384615384 0.3245192307692308 0.10096153846153846 0.2932692307692308
0 0.07932692307692307 0.11298076923076923 0.15384615384615385 0.22115384615384615
0 0.15144230769230768 0.12620192307692307 0.08413461538461539 0.1201923076923077
0 0.1141826923076923 0.18269230769230768 0.11298076923076923 0.11538461538461539
0 0.3581730769230769 0.2620192307692308 0.28846153846153844 0.1201923076923077
0 0.25841346153846156 0.3713942307692308 0.15384615384615385 0.1201923076923077
0 0.49759615384615385 0.46153846153846156 0.9903846153846154 0.9134615384615384