0 0.6514423076923077 0.07211538461538461 0.5 0.13701923076923078
0 0.3016826923076923 0.055288461538461536 0.25961538461538464 0.10336538461538461
0 0.1201923076923077 0.03245192307692308 0.10576923076923077 0.057692307692307696
0 0.16105769230769232 0.09134615384615384 0.16826923076923078 0.10096153846153846
0 0.046875 0.10697115384615384 0.09375 0.15384615384615385
0 0.125 0.23677884615384615 0.20673076923076922 0.21394230769230768
0 0.33052884615384615 0.20072115384615385 0.22355769230769232 0.2403846153846154
0 0.5048076923076923 0.21514423076923078 0.20673076923076922 0.16346153846153846
0 0.7259615384615384 0.20192307692307693 0.3076923076923077 0.17548076923076922
0 0.7451923076923077 0.35096153846153844 0.3125 0.24519230769230768
0 0.890625 0.19471153846153846 0.019230769230769232 0.10576923076923077
0 0.8774038461538461 0.3870192307692308 0.036057692307692304 0.11778846153846154
0 0.6045673076923077 0.4182692307692308 0.25961538461538464 0.22596153846153846
0 0.40625 0.41466346153846156 0.25961538461538464 0.3076923076923077
0 0.22355769230769232 0.3641826923076923 0.1346153846153846 0.10336538461538461
0 0.15625 0.390625 0.25961538461538464 0.1346153846153846
0 0.021634615384615384 0.24639423076923078 0.04326923076923077 0.14182692307692307
0 0.018028846153846152 0.38221153846153844 0.036057692307692304 0.16826923076923078
0 0.0733173076923077 0.5480769230769231 0.14423076923076922 0.21634615384615385
0 0.234375 0.5625 0.25 0.21634615384615385
0 0.4639423076923077 0.6778846153846154 0.2692307692307692 0.21153846153846154
0 0.7475961538461539 0.5997596153846154 0.3076923076923077 0.19230769230769232
0 0.8365384615384616 0.46153846153846156 0.13942307692307693 0.09134615384615384
0 0.7367788461538461 0.7896634615384616 0.24519230769230768 0.17548076923076922
0 0.8052884615384616 0.6550480769230769 0.19230769230769232 0.1875
0 0.8617788461538461 0.7752403846153846 0.0673076923076923 0.1466346153846154
0 0.8389423076923077 0.9158653846153846 0.125 0.16346153846153846
0 0.6911057692307693 0.9050480769230769 0.2668269230769231 0.18509615384615385
0 0.6826923076923077 0.8245192307692307 0.11538461538461539 0.10576923076923077
0 0.5120192307692307 0.9507211538461539 0.34615384615384615 0.09375
0 0.3449519230769231 0.8245192307692307 0.4831730769230769 0.34615384615384615
0 0.3329326923076923 0.7403846153846154 0.5721153846153846 0.21394230769230768
0 0.2608173076923077 0.9242788461538461 0.18990384615384615 0.1466346153846154
0 0.08774038461538461 0.8689903846153846 0.17548076923076922 0.25721153846153844
0 0.15985576923076922 0.9507211538461539 0.13221153846153846 0.09375
0 0.10216346153846154 0.7788461538461539 0.20432692307692307 0.15865384615384615
0 0.051682692307692304 0.6694711538461539 0.0625 0.06490384615384616
0 0.4495192307692308 0.5 0.8990384615384616 0.9951923076923077