0 0.9807692307692307 0.21995192307692307 0.03365384615384615 0.3798076923076923
0 0.921875 0.054086538461538464 0.15144230769230768 0.09375
0 0.8870192307692307 0.2980769230769231 0.15865384615384615 0.40865384615384615
0 0.9459134615384616 0.5793269230769231 0.10096153846153846 0.3245192307692308
0 0.8882211538461539 0.5432692307692307 0.036057692307692304 0.07932692307692307
0 0.9242788461538461 0.9483173076923077 0.1466346153846154 0.0985576923076923
0 0.8269230769230769 0.6838942307692307 0.13942307692307693 0.3317307692307692
0 0.7824519230769231 0.44591346153846156 0.13221153846153846 0.3173076923076923
0 0.7728365384615384 0.1622596153846154 0.13942307692307693 0.31009615384615385
0 0.6754807692307693 0.20192307692307693 0.10096153846153846 0.28846153846153844
0 0.7139423076923077 0.4963942307692308 0.11057692307692307 0.28846153846153844
0 0.6730769230769231 0.7548076923076923 0.14423076923076922 0.3317307692307692
0 0.59375 0.546875 0.1201923076923077 0.30288461538461536
0 0.6262019230769231 0.30528846153846156 0.10336538461538461 0.22355769230769232
0 0.5757211538461539 0.8161057692307693 0.11057692307692307 0.25
0 0.5228365384615384 0.6262019230769231 0.04807692307692308 0.1875
0 0.546875 0.4026442307692308 0.0625 0.17307692307692307
0 0.49278846153846156 0.7127403846153846 0.17067307692307693 0.47596153846153844
0 0.47475961538461536 0.5144230769230769 0.07451923076923077 0.1658653846153846
0 0.44591346153846156 0.734375 0.19230769230769232 0.40384615384615385
0 0.39783653846153844 0.7728365384615384 0.18028846153846154 0.3942307692307692
0 0.35216346153846156 0.8052884615384616 0.1778846153846154 0.34615384615384615
0 0.16346153846153846 0.9627403846153846 0.22596153846153846 0.06971153846153846
0 0.22355769230769232 0.9098557692307693 0.24278846153846154 0.10817307692307693
0 0.23557692307692307 0.8269230769230769 0.16826923076923078 0.07211538461538461
0 0.2536057692307692 0.765625 0.07211538461538461 0.05048076923076923
0 0.03485576923076923 0.8377403846153846 0.06971153846153846 0.10817307692307693
0 0.028846153846153848 0.7451923076923077 0.040865384615384616 0.09375
0 0.03125 0.6802884615384616 0.036057692307692304 0.07932692307692307
0 0.0673076923076923 0.6838942307692307 0.040865384615384616 0.23076923076923078
0 0.09735576923076923 0.6298076923076923 0.03125 0.27884615384615385
0 0.13581730769230768 0.6081730769230769 0.036057692307692304 0.22355769230769232
0 0.16706730769230768 0.6153846153846154 0.036057692307692304 0.12259615384615384
0 0.13942307692307693 0.4387019230769231 0.06490384615384616 0.20192307692307693
0 0.18629807692307693 0.5252403846153846 0.036057692307692304 0.21634615384615385
0 0.2091346153846154 0.46033653846153844 0.04807692307692308 0.1875
0 0.2512019230769231 0.47836538461538464 0.04326923076923077 0.13701923076923078
0 0.3016826923076923 0.3701923076923077 0.09615384615384616 0.18028846153846154
0 0.28365384615384615 0.234375 0.11538461538461539 0.18028846153846154
0 0.19951923076923078 0.31971153846153844 0.08653846153846154 0.2091346153846154
0 0.3870192307692308 0.23076923076923078 0.07932692307692307 0.17307692307692307
0 0.36899038461538464 0.10817307692307693 0.08653846153846154 0.1875
0 0.3137019230769231 0.08653846153846154 0.11057692307692307 0.15865384615384615
0 0.41586538461538464 0.05048076923076923 0.03365384615384615 0.08653846153846154
0 0.44350961538461536 0.13701923076923078 0.04807692307692308 0.11538461538461539
0 0.49038461538461536 0.054086538461538464 0.06009615384615385 0.09375
0 0.08413461538461539 0.2692307692307692 0.06971153846153846 0.12259615384615384
0 0.04807692307692308 0.3737980769230769 0.06971153846153846 0.1875
0 0.025240384615384616 0.2127403846153846 0.05048076923076923 0.18028846153846154
0 0.05889423076923077 0.140625 0.06971153846153846 0.1658653846153846
0 0.019230769230769232 0.0673076923076923 0.03365384615384615 0.125
0 0.010817307692307692 0.3269230769230769 0.016826923076923076 0.0673076923076923
0 0.015625 0.4170673076923077 0.03125 0.08653846153846154
0 0.1346153846153846 0.10817307692307693 0.10576923076923077 0.20192307692307693
0 0.19831730769230768 0.04326923076923077 0.08173076923076923 0.07211538461538461
0 0.08533653846153846 0.15144230769230768 0.11057692307692307 0.28846153846153844