0 0.12139423076923077 0.22355769230769232 0.09375 0.12740384615384615
0 0.17307692307692307 0.06370192307692307 0.09375 0.11538461538461539
0 0.14903846153846154 0.13341346153846154 0.06009615384615385 0.08653846153846154
0 0.2127403846153846 0.17548076923076922 0.08173076923076923 0.13942307692307693
0 0.20673076923076922 0.3088942307692308 0.057692307692307696 0.12740384615384615
0 0.14543269230769232 0.3088942307692308 0.07451923076923077 0.11538461538461539
0 0.12860576923076922 0.39663461538461536 0.07932692307692307 0.10096153846153846
0 0.09134615384615384 0.4338942307692308 0.057692307692307696 0.06971153846153846
0 0.15865384615384615 0.44471153846153844 0.07932692307692307 0.10096153846153846
0 0.12860576923076922 0.5264423076923077 0.0625 0.10576923076923077
0 0.19230769230769232 0.5132211538461539 0.057692307692307696 0.10096153846153846
0 0.203125 0.6225961538461539 0.07211538461538461 0.11538461538461539
0 0.14182692307692307 0.6538461538461539 0.08173076923076923 0.11538461538461539
0 0.22596153846153846 0.7367788461538461 0.07692307692307693 0.10096153846153846
0 0.2608173076923077 0.6730769230769231 0.04567307692307692 0.06971153846153846
0 0.2704326923076923 0.037259615384615384 0.057692307692307696 0.0625
0 0.21514423076923078 0.021634615384615384 0.040865384615384616 0.03365384615384615
0 0.25600961538461536 0.07932692307692307 0.06490384615384616 0.07451923076923077
0 0.28125 0.1466346153846154 0.055288461538461536 0.09134615384615384
0 0.25961538461538464 0.23197115384615385 0.040865384615384616 0.10096153846153846
0 0.2704326923076923 0.30288461538461536 0.07211538461538461 0.10576923076923077
0 0.31009615384615385 0.21754807692307693 0.0673076923076923 0.13942307692307693
0 0.3137019230769231 0.39302884615384615 0.08173076923076923 0.11538461538461539
0 0.2403846153846154 0.43028846153846156 0.0625 0.11778846153846154
0 0.19591346153846154 0.41225961538461536 0.03365384615384615 0.09134615384615384
0 0.2932692307692308 0.5 0.07211538461538461 0.09615384615384616
0 0.24278846153846154 0.5348557692307693 0.0673076923076923 0.12259615384615384
0 0.2704326923076923 0.609375 0.057692307692307696 0.12259615384615384
0 0.31490384615384615 0.6971153846153846 0.06971153846153846 0.10576923076923077
0 0.3016826923076923 0.7548076923076923 0.06009615384615385 0.08653846153846154
0 0.2692307692307692 0.8004807692307693 0.07451923076923077 0.07932692307692307
0 0.3016826923076923 0.875 0.052884615384615384 0.06971153846153846
0 0.3545673076923077 0.9038461538461539 0.0673076923076923 0.07451923076923077
0 0.4050480769230769 0.9014423076923077 0.04807692307692308 0.06971153846153846
0 0.3545673076923077 0.8329326923076923 0.08173076923076923 0.07932692307692307
0 0.2980769230769231 0.7980769230769231 0.02403846153846154 0.04326923076923077
0 0.38100961538461536 0.7896634615384616 0.1201923076923077 0.11057692307692307
0 0.3894230769230769 0.6778846153846154 0.08653846153846154 0.15384615384615385
0 0.3317307692307692 0.5829326923076923 0.08173076923076923 0.11057692307692307
0 0.38461538461538464 0.5372596153846154 0.08173076923076923 0.11538461538461539
0 0.3473557692307692 0.484375 0.038461538461538464 0.0625
0 0.40625 0.43028846153846156 0.10576923076923077 0.14903846153846154
0 0.3485576923076923 0.33533653846153844 0.07211538461538461 0.11538461538461539
0 0.31009615384615385 0.4014423076923077 0.08173076923076923 0.10096153846153846
0 0.39783653846153844 0.25240384615384615 0.12259615384615384 0.20673076923076922
0 0.36778846153846156 0.1201923076923077 0.08653846153846154 0.15384615384615385
0 0.31850961538461536 0.055288461538461536 0.0625 0.10096153846153846
0 0.39783653846153844 0.03485576923076923 0.10096153846153846 0.057692307692307696
0 0.4483173076923077 0.09615384615384616 0.08173076923076923 0.11538461538461539
0 0.5264423076923077 0.15745192307692307 0.12740384615384615 0.16346153846153846
0 0.4795673076923077 0.03245192307692308 0.057692307692307696 0.052884615384615384
0 0.4723557692307692 0.2548076923076923 0.04807692307692308 0.11538461538461539
0 0.4651442307692308 0.3701923076923077 0.0625 0.12259615384615384
0 0.46033653846153844 0.5420673076923077 0.10817307692307693 0.14903846153846154
0 0.4567307692307692 0.6358173076923077 0.08653846153846154 0.09134615384615384
0 0.453125 0.6971153846153846 0.057692307692307696 0.052884615384615384
0 0.453125 0.7451923076923077 0.04807692307692308 0.052884615384615384
0 0.43149038461538464 0.8161057692307693 0.07932692307692307 0.10096153846153846
0 0.4519230769230769 0.8858173076923077 0.038461538461538464 0.057692307692307696
0 0.4831730769230769 0.9014423076923077 0.040865384615384616 0.04807692307692308
0 0.5300480769230769 0.9362980769230769 0.052884615384615384 0.052884615384615384
0 0.5913461538461539 0.9362980769230769 0.0625 0.08653846153846154
0 0.6394230769230769 0.9206730769230769 0.055288461538461536 0.08653846153846154
0 0.6730769230769231 0.9014423076923077 0.04807692307692308 0.038461538461538464
0 0.7271634615384616 0.8798076923076923 0.0673076923076923 0.09134615384615384
0 0.6826923076923077 0.8425480769230769 0.07451923076923077 0.07932692307692307
0 0.7163461538461539 0.7824519230769231 0.0673076923076923 0.07451923076923077
0 0.7692307692307693 0.8112980769230769 0.07451923076923077 0.07932692307692307
0 0.8233173076923077 0.7764423076923077 0.04807692307692308 0.03365384615384615
0 0.8581730769230769 0.7319711538461539 0.06009615384615385 0.04807692307692308
0 0.7872596153846154 0.7319711538461539 0.11057692307692307 0.06971153846153846
0 0.8353365384615384 0.6538461538461539 0.0673076923076923 0.12740384615384615
0 0.78125 0.6382211538461539 0.040865384615384616 0.09615384615384616
0 0.8822115384615384 0.6514423076923077 0.03365384615384615 0.06971153846153846
0 0.9350961538461539 0.5697115384615384 0.07211538461538461 0.10817307692307693
0 0.8774038461538461 0.5420673076923077 0.09615384615384616 0.12740384615384615
0 0.796875 0.5396634615384616 0.07692307692307693 0.11298076923076923
0 0.9603365384615384 0.4651442307692308 0.07692307692307693 0.11057692307692307
0 0.8918269230769231 0.44711538461538464 0.07451923076923077 0.07451923076923077
0 0.8269230769230769 0.46274038461538464 0.04807692307692308 0.0625
0 0.7692307692307693 0.44711538461538464 0.09134615384615384 0.12740384615384615
0 0.8581730769230769 0.3701923076923077 0.09615384615384616 0.15384615384615385
0 0.9158653846153846 0.37259615384615385 0.057692307692307696 0.10576923076923077
0 0.96875 0.3641826923076923 0.057692307692307696 0.11298076923076923
0 0.9663461538461539 0.2644230769230769 0.0625 0.10576923076923077
0 0.9122596153846154 0.2608173076923077 0.10096153846153846 0.11538461538461539
0 0.8305288461538461 0.27884615384615385 0.07692307692307693 0.12259615384615384
0 0.7740384615384616 0.3004807692307692 0.10096153846153846 0.1346153846153846
0 0.7427884615384616 0.37740384615384615 0.10576923076923077 0.11778846153846154
0 0.6814903846153846 0.4362980769230769 0.057692307692307696 0.07451923076923077
0 0.6646634615384616 0.3112980769230769 0.0673076923076923 0.10096153846153846
0 0.6899038461538461 0.21754807692307693 0.10576923076923077 0.13942307692307693
0 0.6730769230769231 0.12259615384615384 0.10096153846153846 0.10576923076923077
0 0.6766826923076923 0.04567307692307692 0.057692307692307696 0.07932692307692307
0 0.6057692307692307 0.07211538461538461 0.08653846153846154 0.11057692307692307
0 0.5480769230769231 0.05048076923076923 0.10576923076923077 0.09134615384615384
0 0.5901442307692307 0.20793269230769232 0.09134615384615384 0.15865384615384615
0 0.5444711538461539 0.30288461538461536 0.11057692307692307 0.13942307692307693
0 0.7475961538461539 0.042067307692307696 0.08653846153846154 0.07451923076923077
0 0.7439903846153846 0.10336538461538461 0.0625 0.09134615384615384
0 0.7608173076923077 0.18028846153846154 0.06009615384615385 0.10817307692307693
0 0.8185096153846154 0.15144230769230768 0.10096153846153846 0.14423076923076922
0 0.8449519230769231 0.05889423076923077 0.07211538461538461 0.10576923076923077
0 0.84375 0.06129807692307692 0.11057692307692307 0.10096153846153846
0 0.9014423076923077 0.15985576923076922 0.08653846153846154 0.13942307692307693
0 0.9362980769230769 0.06610576923076923 0.08173076923076923 0.12259615384615384
0 0.9591346153846154 0.15384615384615385 0.04326923076923077 0.08653846153846154
0 0.6045673076923077 0.36658653846153844 0.10576923076923077 0.14903846153846154
0 0.5228365384615384 0.4543269230769231 0.09615384615384616 0.15384615384615385
0 0.5612980769230769 0.6033653846153846 0.11538461538461539 0.16346153846153846
0 0.6213942307692307 0.5 0.11538461538461539 0.14903846153846154
0 0.6923076923076923 0.5348557692307693 0.11538461538461539 0.17548076923076922
0 0.7403846153846154 0.6358173076923077 0.10096153846153846 0.15384615384615385
0 0.6394230769230769 0.6862980769230769 0.11538461538461539 0.15865384615384615
0 0.6550480769230769 0.7896634615384616 0.026442307692307692 0.06971153846153846
0 0.5973557692307693 0.7920673076923077 0.10576923076923077 0.12740384615384615
0 0.5144230769230769 0.7415865384615384 0.0985576923076923 0.1346153846153846
0 0.5432692307692307 0.8725961538461539 0.040865384615384616 0.0625
0 0.5036057692307693 0.8353365384615384 0.09134615384615384 0.09615384615384616
0 0.5973557692307693 0.875 0.06009615384615385 0.057692307692307696