0 0.1622596153846154 0.7079326923076923 0.3173076923076923 0.5721153846153846
0 0.4026442307692308 0.4230769230769231 0.2644230769230769 0.5240384615384616
0 0.5612980769230769 0.8149038461538461 0.2548076923076923 0.3557692307692308
0 0.6694711538461539 0.5 0.22596153846153846 0.43990384615384615
0 0.5817307692307693 0.17307692307692307 0.2403846153846154 0.34615384615384615
0 0.7680288461538461 0.18990384615384615 0.14423076923076922 0.3701923076923077
0 0.17668269230769232 0.15504807692307693 0.32211538461538464 0.31009615384615385
5 0.3894230769230769 0.8125 0.2644230769230769 0.3629807692307692
5 0.16947115384615385 0.9615384615384616 0.2644230769230769 0.06490384615384616
5 0.17668269230769232 0.16105769230769232 0.3076923076923077 0.32211538461538464
5 0.4074519230769231 0.11298076923076923 0.16826923076923078 0.22596153846153846
5 0.5456730769230769 0.17307692307692307 0.16105769230769232 0.3317307692307692
5 0.7079326923076923 0.078125 0.06009615384615385 0.15625
5 0.7235576923076923 0.7584134615384616 0.14903846153846154 0.23076923076923078
5 0.6021634615384616 0.5240384615384616 0.07211538461538461 0.31009615384615385
5 0.7560096153846154 0.39903846153846156 0.1875 0.18990384615384615
5 0.7175480769230769 0.078125 0.04567307692307692 0.15625
5 0.8653846153846154 0.078125 0.14903846153846154 0.15625