0 0.734375 0.7584134615384616 0.08173076923076923 0.07692307692307693
0 0.71875 0.8293269230769231 0.09134615384615384 0.05048076923076923
0 0.6586538461538461 0.8677884615384616 0.09134615384615384 0.052884615384615384
0 0.6262019230769231 0.8221153846153846 0.09134615384615384 0.057692307692307696
0 0.6502403846153846 0.78125 0.07692307692307693 0.06490384615384616
0 0.7019230769230769 0.6947115384615384 0.09134615384615384 0.057692307692307696
0 0.65625 0.7235576923076923 0.0673076923076923 0.036057692307692304
0 0.5516826923076923 0.765625 0.08653846153846154 0.0625
0 0.5492788461538461 0.7944711538461539 0.08173076923076923 0.03365384615384615
0 0.5817307692307693 0.7163461538461539 0.07211538461538461 0.036057692307692304
0 0.46153846153846156 0.8798076923076923 0.3894230769230769 0.23317307692307693
0 0.4098557692307692 0.6838942307692307 0.28365384615384615 0.22596153846153846
0 0.5961538461538461 0.5961538461538461 0.21875 0.20192307692307693
0 0.25961538461538464 0.5576923076923077 0.25721153846153844 0.30288461538461536
0 0.47836538461538464 0.5204326923076923 0.3317307692307692 0.21875
0 0.4014423076923077 0.3786057692307692 0.40865384615384615 0.13942307692307693
0 0.19951923076923078 0.22355769230769232 0.22355769230769232 0.15625
0 0.15264423076923078 0.109375 0.1201923076923077 0.08653846153846154
0 0.057692307692307696 0.14903846153846154 0.07211538461538461 0.11538461538461539
0 0.13822115384615385 0.052884615384615384 0.23317307692307693 0.10096153846153846