0 0.7680288461538461 0.42908653846153844 0.2548076923076923 0.3317307692307692
0 0.71875 0.7019230769230769 0.3557692307692308 0.2668269230769231
0 0.7740384615384616 0.8822115384615384 0.24519230769230768 0.23076923076923078
0 0.46634615384615385 0.8305288461538461 0.6201923076923077 0.3317307692307692
0 0.5180288461538461 0.7307692307692307 0.2548076923076923 0.1346153846153846
0 0.5492788461538461 0.5516826923076923 0.2644230769230769 0.21153846153846154
0 0.8016826923076923 0.125 0.19951923076923078 0.24519230769230768
0 0.7944711538461539 0.21754807692307693 0.07692307692307693 0.07692307692307693
0 0.8701923076923077 0.23076923076923078 0.0625 0.04807692307692308
0 0.7259615384615384 0.27283653846153844 0.0889423076923077 0.07211538461538461
0 0.5697115384615384 0.06009615384615385 0.28846153846153844 0.11538461538461539
0 0.6117788461538461 0.18870192307692307 0.3485576923076923 0.3173076923076923
0 0.3954326923076923 0.08533653846153846 0.2956730769230769 0.1658653846153846
0 0.2608173076923077 0.10336538461538461 0.36538461538461536 0.20673076923076922
0 0.578125 0.20552884615384615 0.39663461538461536 0.40625
0 0.12620192307692307 0.12139423076923077 0.25240384615384615 0.23798076923076922
0 0.052884615384615384 0.33413461538461536 0.10576923076923077 0.16826923076923078
0 0.1466346153846154 0.44350961538461536 0.2932692307692308 0.17067307692307693
0 0.11177884615384616 0.5625 0.22355769230769232 0.14903846153846154
0 0.21875 0.6646634615384616 0.28125 0.18269230769230768
0 0.17427884615384615 0.8569711538461539 0.21394230769230768 0.21875
0 0.3641826923076923 0.6201923076923077 0.2692307692307692 0.3173076923076923
0 0.11778846153846154 0.9711538461538461 0.23557692307692307 0.05048076923076923
0 0.052884615384615384 0.8966346153846154 0.10576923076923077 0.20192307692307693
0 0.055288461538461536 0.7139423076923077 0.11057692307692307 0.19951923076923078
0 0.5889423076923077 0.390625 0.10576923076923077 0.08173076923076923
0 0.5420673076923077 0.4423076923076923 0.08173076923076923 0.0673076923076923
0 0.4795673076923077 0.39903846153846156 0.10576923076923077 0.07211538461538461
0 0.43990384615384615 0.43509615384615385 0.0985576923076923 0.0625
0 0.53125 0.3317307692307692 0.10576923076923077 0.08413461538461539
0 0.43028846153846156 0.2920673076923077 0.11057692307692307 0.07211538461538461
0 0.40865384615384615 0.35096153846153844 0.0889423076923077 0.0673076923076923
0 0.37259615384615385 0.39903846153846156 0.07692307692307693 0.057692307692307696
0 0.46634615384615385 0.265625 0.0889423076923077 0.057692307692307696
0 0.37740384615384615 0.22716346153846154 0.0673076923076923 0.03365384615384615
0 0.34134615384615385 0.265625 0.0985576923076923 0.08173076923076923
0 0.3076923076923077 0.33774038461538464 0.11538461538461539 0.07211538461538461
0 0.2920673076923077 0.39302884615384615 0.08173076923076923 0.0625
0 0.20793269230769232 0.39302884615384615 0.09375 0.0625
0 0.19831730769230768 0.33533653846153844 0.10576923076923077 0.0673076923076923
0 0.13822115384615385 0.3401442307692308 0.036057692307692304 0.052884615384615384
0 0.11778846153846154 0.3173076923076923 0.07692307692307693 0.0673076923076923
0 0.16346153846153846 0.265625 0.0985576923076923 0.08653846153846154
0 0.24278846153846154 0.2403846153846154 0.0889423076923077 0.07692307692307693
0 0.18028846153846154 0.20432692307692307 0.07692307692307693 0.057692307692307696
0 0.26802884615384615 0.18509615384615385 0.0889423076923077 0.08173076923076923
0 0.04447115384615385 0.13581730769230768 0.0673076923076923 0.06490384615384616
0 0.046875 0.19831730769230768 0.04326923076923077 0.052884615384615384
0 0.1045673076923077 0.22115384615384615 0.0625 0.0673076923076923
0 0.453125 0.5 0.90625 0.9951923076923077