0 0.1310096153846154 0.9423076923076923 0.20192307692307693 0.10817307692307693
0 0.042067307692307696 0.9362980769230769 0.07451923076923077 0.1201923076923077
0 0.10697115384615384 0.8149038461538461 0.20192307692307693 0.19230769230769232
0 0.4110576923076923 0.7403846153846154 0.1778846153846154 0.11538461538461539
0 0.25721153846153844 0.9194711538461539 0.12980769230769232 0.11298076923076923
0 0.3786057692307692 0.9675480769230769 0.27403846153846156 0.057692307692307696
0 0.34615384615384615 0.8533653846153846 0.34615384615384615 0.21153846153846154
0 0.5048076923076923 0.9302884615384616 0.11057692307692307 0.10096153846153846
0 0.5721153846153846 0.8629807692307693 0.08413461538461539 0.07211538461538461
0 0.5444711538461539 0.84375 0.07932692307692307 0.08173076923076923
0 0.6658653846153846 0.9399038461538461 0.28365384615384615 0.11298076923076923
0 0.8882211538461539 0.8990384615384616 0.22115384615384615 0.19230769230769232
0 0.7271634615384616 0.8137019230769231 0.23798076923076922 0.14182692307692307
0 0.6310096153846154 0.6983173076923077 0.27403846153846156 0.23317307692307693
0 0.8293269230769231 0.6923076923076923 0.1346153846153846 0.0673076923076923
0 0.8990384615384616 0.6959134615384616 0.1971153846153846 0.21875
0 0.9519230769230769 0.5096153846153846 0.09134615384615384 0.10576923076923077
0 0.8798076923076923 0.5805288461538461 0.23557692307692307 0.19951923076923078
0 0.6826923076923077 0.49759615384615385 0.3269230769230769 0.21634615384615385
0 0.44591346153846156 0.6105769230769231 0.21634615384615385 0.16826923076923078
0 0.23798076923076922 0.6730769230769231 0.23798076923076922 0.1658653846153846
0 0.09615384615384616 0.6262019230769231 0.1346153846153846 0.09615384615384616
0 0.037259615384615384 0.7127403846153846 0.06490384615384616 0.24519230769230768
0 0.0985576923076923 0.4795673076923077 0.1875 0.20432692307692307
0 0.2692307692307692 0.5 0.19230769230769232 0.10096153846153846
0 0.2548076923076923 0.5661057692307693 0.16346153846153846 0.0625
0 0.390625 0.43028846153846156 0.21634615384615385 0.19230769230769232
0 0.5096153846153846 0.39783653846153844 0.06971153846153846 0.11298076923076923
0 0.38100961538461536 0.33774038461538464 0.15865384615384615 0.04807692307692308
0 0.30408653846153844 0.2512019230769231 0.125 0.09134615384615384
0 0.0889423076923077 0.23677884615384615 0.16826923076923078 0.07211538461538461
0 0.042067307692307696 0.32091346153846156 0.07451923076923077 0.16105769230769232
0 0.19591346153846154 0.3329326923076923 0.24278846153846154 0.2091346153846154
0 0.15144230769230768 0.14302884615384615 0.2932692307692308 0.22115384615384615
0 0.06490384615384616 0.026442307692307692 0.1201923076923077 0.052884615384615384
0 0.3233173076923077 0.06610576923076923 0.31009615384615385 0.12740384615384615
0 0.453125 0.2403846153846154 0.2620192307692308 0.22596153846153846
0 0.6514423076923077 0.32091346153846156 0.24278846153846154 0.18509615384615385
0 0.7944711538461539 0.36899038461538464 0.07451923076923077 0.10576923076923077
0 0.8822115384615384 0.3557692307692308 0.23076923076923078 0.21153846153846154
0 0.7728365384615384 0.22235576923076922 0.11057692307692307 0.10817307692307693
0 0.8617788461538461 0.2403846153846154 0.0889423076923077 0.057692307692307696
0 0.6430288461538461 0.23317307692307693 0.15865384615384615 0.057692307692307696
0 0.6490384615384616 0.1141826923076923 0.28846153846153844 0.1971153846153846
0 0.6286057692307693 0.026442307692307692 0.3173076923076923 0.052884615384615384
0 0.8088942307692307 0.0625 0.08413461538461539 0.10096153846153846
0 0.8509615384615384 0.16466346153846154 0.21634615384615385 0.14423076923076922
0 0.9495192307692307 0.21875 0.09615384615384616 0.19230769230769232
0 0.9182692307692307 0.06610576923076923 0.15865384615384615 0.12740384615384615
0 0.7896634615384616 0.014423076923076924 0.09375 0.028846153846153848
0 0.5 0.5 0.9951923076923077 0.9951923076923077