0 0.5745192307692307 0.7175480769230769 0.31009615384615385 0.43509615384615385
0 0.7884615384615384 0.6875 0.34375 0.2932692307692308
0 0.8064903846153846 0.49158653846153844 0.16826923076923078 0.35096153846153844
0 0.17307692307692307 0.22956730769230768 0.22596153846153846 0.17307692307692307
0 0.3161057692307692 0.375 0.21153846153846154 0.2620192307692308
0 0.25961538461538464 0.5805288461538461 0.22115384615384615 0.44711538461538464
0 0.21033653846153846 0.5480769230769231 0.23317307692307693 0.5120192307692307
0 0.1466346153846154 0.5540865384615384 0.25961538461538464 0.40384615384615385
0 0.625 0.22956730769230768 0.25 0.30288461538461536
0 0.5685096153846154 0.20552884615384615 0.25721153846153844 0.2548076923076923
0 0.40625 0.23798076923076922 0.09375 0.16826923076923078
0 0.46875 0.30408653846153844 0.09615384615384616 0.08173076923076923
0 0.5120192307692307 0.4110576923076923 0.10336538461538461 0.1201923076923077
0 0.6334134615384616 0.46153846153846156 0.1875 0.14903846153846154
0 0.28125 0.375 0.28846153846153844 0.23798076923076922