0 0.2620192307692308 0.9603365384615384 0.08173076923076923 0.07211538461538461
0 0.2848557692307692 0.9783653846153846 0.036057692307692304 0.036057692307692304
0 0.23557692307692307 0.9471153846153846 0.09615384615384616 0.09615384615384616
0 0.18629807692307693 0.9627403846153846 0.07211538461538461 0.0673076923076923
0 0.19110576923076922 0.9110576923076923 0.11538461538461539 0.10576923076923077
0 0.13822115384615385 0.9819711538461539 0.026442307692307692 0.026442307692307692
0 0.14182692307692307 0.9471153846153846 0.09615384615384616 0.09615384615384616
0 0.16947115384615385 0.9038461538461539 0.1971153846153846 0.18269230769230768
0 0.055288461538461536 0.9735576923076923 0.04807692307692308 0.04326923076923077
0 0.06610576923076923 0.9314903846153846 0.036057692307692304 0.05048076923076923
0 0.13341346153846154 0.8377403846153846 0.22115384615384615 0.10336538461538461
0 0.109375 0.8269230769230769 0.10096153846153846 0.08173076923076923
0 0.09375 0.8305288461538461 0.04326923076923077 0.0625
0 0.36899038461538464 0.9819711538461539 0.1346153846153846 0.026442307692307692
0 0.3641826923076923 0.9663461538461539 0.125 0.021634615384615384
0 0.3737980769230769 0.9507211538461539 0.1346153846153846 0.026442307692307692
0 0.37740384615384615 0.9266826923076923 0.14182692307692307 0.03125
0 0.33774038461538464 0.890625 0.15144230769230768 0.03125
0 0.375 0.875 0.13942307692307693 0.04567307692307692
0 0.2956730769230769 0.8689903846153846 0.09375 0.03125
0 0.3581730769230769 0.8509615384615384 0.09375 0.03125
0 0.3894230769230769 0.8401442307692307 0.07692307692307693 0.036057692307692304
0 0.421875 0.7752403846153846 0.11538461538461539 0.09375
0 0.33052884615384615 0.7980769230769231 0.12980769230769232 0.10336538461538461
0 0.1201923076923077 0.6887019230769231 0.09615384615384616 0.16105769230769232
0 0.1778846153846154 0.7427884615384616 0.08173076923076923 0.10817307692307693
0 0.20192307692307693 0.6394230769230769 0.0673076923076923 0.0889423076923077
0 0.08052884615384616 0.5444711538461539 0.0625 0.057692307692307696
0 0.09134615384615384 0.5973557692307693 0.038461538461538464 0.057692307692307696
0 0.08052884615384616 0.49158653846153844 0.0625 0.04807692307692308
0 0.14182692307692307 0.5072115384615384 0.052884615384615384 0.0889423076923077
0 0.20673076923076922 0.515625 0.08413461538461539 0.0889423076923077
0 0.15144230769230768 0.578125 0.10576923076923077 0.052884615384615384
0 0.24879807692307693 0.5889423076923077 0.052884615384615384 0.09375
0 0.3137019230769231 0.6177884615384616 0.08413461538461539 0.14182692307692307
0 0.2536057692307692 0.7043269230769231 0.08173076923076923 0.11057692307692307
0 0.3401442307692308 0.6887019230769231 0.08413461538461539 0.07211538461538461
0 0.36899038461538464 0.7175480769230769 0.0625 0.0673076923076923
0 0.40865384615384615 0.6778846153846154 0.0625 0.057692307692307696
0 0.43149038461538464 0.6418269230769231 0.08173076923076923 0.09375
0 0.40024038461538464 0.5625 0.08173076923076923 0.08413461538461539
0 0.3737980769230769 0.6225961538461539 0.07211538461538461 0.07211538461538461
0 0.375 0.4951923076923077 0.0673076923076923 0.11057692307692307
0 0.3173076923076923 0.515625 0.08413461538461539 0.0889423076923077
0 0.27283653846153844 0.49759615384615385 0.04807692307692308 0.052884615384615384
0 0.0733173076923077 0.453125 0.13942307692307693 0.1346153846153846
0 0.06490384615384616 0.421875 0.1201923076923077 0.16826923076923078
0 0.04927884615384615 0.3581730769230769 0.0889423076923077 0.10096153846153846
0 0.10096153846153846 0.02403846153846154 0.052884615384615384 0.04326923076923077
0 0.14423076923076922 0.052884615384615384 0.04807692307692308 0.052884615384615384
0 0.14783653846153846 0.016826923076923076 0.055288461538461536 0.028846153846153848
0 0.1778846153846154 0.07091346153846154 0.04326923076923077 0.052884615384615384
0 0.19951923076923078 0.02403846153846154 0.04326923076923077 0.04326923076923077
0 0.21754807692307693 0.08052884615384616 0.026442307692307692 0.04326923076923077
0 0.24278846153846154 0.0625 0.03125 0.052884615384615384
0 0.2692307692307692 0.051682692307692304 0.021634615384615384 0.03125
0 0.2668269230769231 0.016826923076923076 0.04807692307692308 0.028846153846153848
0 0.2247596153846154 0.01201923076923077 0.040865384615384616 0.019230769230769232
0 0.4338942307692308 0.09134615384615384 0.22596153846153846 0.16346153846153846
0 0.6382211538461539 0.1045673076923077 0.0673076923076923 0.13942307692307693
0 0.6286057692307693 0.09375 0.03125 0.1346153846153846
0 0.6105769230769231 0.08052884615384616 0.021634615384615384 0.15865384615384615
0 0.5805288461538461 0.09375 0.038461538461538464 0.0889423076923077
0 0.5709134615384616 0.051682692307692304 0.021634615384615384 0.10096153846153846
0 0.609375 0.07451923076923077 0.11778846153846154 0.14423076923076922
0 0.7800480769230769 0.07091346153846154 0.0673076923076923 0.11538461538461539
0 0.8377403846153846 0.09615384615384616 0.09375 0.08413461538461539
0 0.8269230769230769 0.03365384615384615 0.0625 0.038461538461538464
0 0.8798076923076923 0.020432692307692308 0.14182692307692307 0.038461538461538464
0 0.7752403846153846 0.01201923076923077 0.06971153846153846 0.019230769230769232
0 0.8401442307692307 0.19591346153846154 0.0889423076923077 0.08173076923076923
0 0.7872596153846154 0.20432692307692307 0.052884615384615384 0.052884615384615384
0 0.6862980769230769 0.16947115384615385 0.23557692307692307 0.04326923076923077
0 0.6694711538461539 0.1935096153846154 0.23557692307692307 0.04807692307692308
0 0.6394230769230769 0.21995192307692307 0.2668269230769231 0.07692307692307693
0 0.8173076923076923 0.24879807692307693 0.0889423076923077 0.052884615384615384
0 0.6887019230769231 0.2848557692307692 0.36538461538461536 0.10576923076923077
0 0.6177884615384616 0.2932692307692308 0.22115384615384615 0.052884615384615384
0 0.7439903846153846 0.34615384615384615 0.22596153846153846 0.052884615384615384
0 0.6862980769230769 0.3485576923076923 0.34134615384615385 0.08413461538461539
0 0.6574519230769231 0.375 0.2932692307692308 0.038461538461538464
0 0.6826923076923077 0.41586538461538464 0.3076923076923077 0.057692307692307696
0 0.8978365384615384 0.3425480769230769 0.08173076923076923 0.07211538461538461
0 0.8846153846153846 0.390625 0.07211538461538461 0.04326923076923077
0 0.8641826923076923 0.4110576923076923 0.04807692307692308 0.057692307692307696
0 0.9555288461538461 0.3329326923076923 0.052884615384615384 0.0625
0 0.9026442307692307 0.27524038461538464 0.11538461538461539 0.07211538461538461
0 0.9314903846153846 0.2512019230769231 0.09375 0.0673076923076923
0 0.9795673076923077 0.15504807692307693 0.038461538461538464 0.21153846153846154
0 0.9507211538461539 0.43990384615384615 0.09615384615384616 0.09615384615384616
0 0.9182692307692307 0.6225961538461539 0.13942307692307693 0.14182692307692307
0 0.6670673076923077 0.45072115384615385 0.2932692307692308 0.07692307692307693
0 0.7019230769230769 0.4795673076923077 0.375 0.08173076923076923
0 0.6959134615384616 0.5132211538461539 0.28846153846153844 0.038461538461538464
0 0.7043269230769231 0.5420673076923077 0.37740384615384615 0.052884615384615384
0 0.6838942307692307 0.5709134615384616 0.33653846153846156 0.0673076923076923
0 0.6622596153846154 0.6021634615384616 0.30288461538461536 0.0673076923076923
0 0.6778846153846154 0.6382211538461539 0.3245192307692308 0.0673076923076923
0 0.6706730769230769 0.6670673076923077 0.31971153846153844 0.04326923076923077
0 0.6670673076923077 0.6983173076923077 0.3557692307692308 0.052884615384615384
0 0.6201923076923077 0.7307692307692307 0.21634615384615385 0.038461538461538464
0 0.7019230769230769 0.7043269230769231 0.22115384615384615 0.014423076923076924
0 0.8449519230769231 0.7776442307692307 0.052884615384615384 0.052884615384615384
0 0.9026442307692307 0.7487980769230769 0.052884615384615384 0.0673076923076923
0 0.8557692307692307 0.7247596153846154 0.057692307692307696 0.0625
0 0.9314903846153846 0.8040865384615384 0.04807692307692308 0.04326923076923077
0 0.9423076923076923 0.8377403846153846 0.026442307692307692 0.057692307692307696
0 0.9038461538461539 0.8461538461538461 0.07692307692307693 0.08413461538461539
0 0.8870192307692307 0.7980769230769231 0.038461538461538464 0.038461538461538464
0 0.8665865384615384 0.8581730769230769 0.0889423076923077 0.0625
0 0.8689903846153846 0.9002403846153846 0.07692307692307693 0.03125
0 0.8353365384615384 0.9194711538461539 0.07211538461538461 0.036057692307692304
0 0.8040865384615384 0.9399038461538461 0.036057692307692304 0.03125
0 0.8401442307692307 0.8293269230769231 0.026442307692307692 0.040865384615384616
0 0.9314903846153846 0.9819711538461539 0.08413461538461539 0.026442307692307692
0 0.890625 0.9507211538461539 0.04807692307692308 0.08173076923076923
0 0.8329326923076923 0.96875 0.09375 0.052884615384615384
0 0.7572115384615384 0.7956730769230769 0.038461538461538464 0.0625
0 0.7560096153846154 0.8533653846153846 0.036057692307692304 0.0625
0 0.7247596153846154 0.8605769230769231 0.04326923076923077 0.09375
0 0.7271634615384616 0.7872596153846154 0.021634615384615384 0.036057692307692304
0 0.7151442307692307 0.8377403846153846 0.026442307692307692 0.057692307692307696
0 0.5817307692307693 0.7848557692307693 0.052884615384615384 0.07692307692307693
0 0.5865384615384616 0.8377403846153846 0.04326923076923077 0.038461538461538464
0 0.5528846153846154 0.8461538461538461 0.03125 0.04807692307692308
0 0.5288461538461539 0.8689903846153846 0.036057692307692304 0.057692307692307696
0 0.5360576923076923 0.8112980769230769 0.038461538461538464 0.057692307692307696
0 0.6286057692307693 0.8173076923076923 0.04807692307692308 0.10576923076923077
0 0.5625 0.9002403846153846 0.09375 0.07692307692307693
0 0.5552884615384616 0.9639423076923077 0.07211538461538461 0.0625
0 0.5961538461538461 0.9735576923076923 0.0625 0.04567307692307692
0 0.6538461538461539 0.9663461538461539 0.052884615384615384 0.04807692307692308
0 0.6286057692307693 0.9266826923076923 0.057692307692307696 0.05048076923076923
0 0.6153846153846154 0.8930288461538461 0.057692307692307696 0.04567307692307692
0 0.6418269230769231 0.8689903846153846 0.038461538461538464 0.07692307692307693
0 0.6706730769230769 0.921875 0.026442307692307692 0.05048076923076923
0 0.40625 0.35096153846153844 0.04807692307692308 0.052884615384615384
0 0.40024038461538464 0.3088942307692308 0.036057692307692304 0.03125
0 0.37740384615384615 0.3401442307692308 0.052884615384615384 0.03125
0 0.3894230769230769 0.2848557692307692 0.021634615384615384 0.052884615384615384
0 0.3870192307692308 0.22235576923076922 0.026442307692307692 0.0625
0 0.23557692307692307 0.2692307692307692 0.1346153846153846 0.09375
0 0.1778846153846154 0.3485576923076923 0.11538461538461539 0.0673076923076923
0 0.19110576923076922 0.3737980769230769 0.0625 0.08173076923076923
0 0.2127403846153846 0.3737980769230769 0.026442307692307692 0.0625
0 0.21754807692307693 0.43509615384615385 0.08173076923076923 0.08173076923076923
0 0.24639423076923078 0.4483173076923077 0.0673076923076923 0.052884615384615384
0 0.1622596153846154 0.27163461538461536 0.08413461538461539 0.04326923076923077
0 0.16706730769230768 0.21995192307692307 0.038461538461538464 0.04807692307692308
0 0.20432692307692307 0.19591346153846154 0.0625 0.026442307692307692
0 0.19110576923076922 0.14423076923076922 0.0889423076923077 0.0673076923076923
0 0.12860576923076922 0.12860576923076922 0.026442307692307692 0.026442307692307692
0 0.10216346153846154 0.15144230769230768 0.036057692307692304 0.04326923076923077
0 0.11057692307692307 0.21153846153846154 0.026442307692307692 0.07692307692307693
0 0.11298076923076923 0.2512019230769231 0.03125 0.07692307692307693
0 0.15384615384615385 0.2247596153846154 0.057692307692307696 0.0673076923076923
0 0.27163461538461536 0.18629807692307693 0.0625 0.0625
0 0.2848557692307692 0.125 0.026442307692307692 0.11538461538461539
0 0.25721153846153844 0.12860576923076922 0.026442307692307692 0.026442307692307692
0 0.24879807692307693 0.10216346153846154 0.036057692307692304 0.036057692307692304
0 0.32211538461538464 0.20673076923076922 0.03125 0.021634615384615384
0 0.3269230769230769 0.22716346153846154 0.0673076923076923 0.0625
0 0.30408653846153844 0.2644230769230769 0.057692307692307696 0.057692307692307696
0 0.23317307692307693 0.27283653846153844 0.1201923076923077 0.09375
0 0.2668269230769231 0.36658653846153844 0.0625 0.07692307692307693
0 0.3485576923076923 0.3112980769230769 0.15384615384615385 0.25
0 0.2247596153846154 0.375 0.2091346153846154 0.17307692307692307
0 0.20432692307692307 0.2283653846153846 0.1971153846153846 0.22596153846153846