0 0.34975961538461536 0.17668269230769232 0.34375 0.3485576923076923
0 0.36538461538461536 0.34975961538461536 0.1201923076923077 0.1201923076923077
0 0.5745192307692307 0.21634615384615385 0.125 0.125
0 0.6658653846153846 0.22956730769230768 0.125 0.11057692307692307
0 0.1622596153846154 0.23798076923076922 0.07692307692307693 0.13701923076923078
0 0.15144230769230768 0.3713942307692308 0.12740384615384615 0.14182692307692307
0 0.5600961538461539 0.48677884615384615 0.17307692307692307 0.23076923076923078
0 0.4074519230769231 0.49399038461538464 0.13942307692307693 0.14903846153846154
0 0.36778846153846156 0.4338942307692308 0.125 0.13701923076923078
0 0.25961538461538464 0.5132211538461539 0.08413461538461539 0.1201923076923077
0 0.2800480769230769 0.4098557692307692 0.11057692307692307 0.1201923076923077
3 0.9146634615384616 0.49759615384615385 0.16346153846153846 0.9951923076923077
2 0.4254807692307692 0.4987980769230769 0.8461538461538461 0.9927884615384616