0 0.7103365384615384 0.4362980769230769 0.15384615384615385 0.09615384615384616
0 0.6442307692307693 0.3605769230769231 0.12980769230769232 0.11057692307692307
0 0.5408653846153846 0.3605769230769231 0.17307692307692307 0.08653846153846154
0 0.49399038461538464 0.2548076923076923 0.14903846153846154 0.11057692307692307
0 0.4182692307692308 0.15985576923076922 0.13701923076923078 0.09615384615384616
0 0.28966346153846156 0.15865384615384615 0.1201923076923077 0.0673076923076923
0 0.26802884615384615 0.25240384615384615 0.15384615384615385 0.1201923076923077
0 0.3713942307692308 0.2512019230769231 0.08653846153846154 0.09615384615384616
0 0.43149038461538464 0.32572115384615385 0.15384615384615385 0.0673076923076923
0 0.34134615384615385 0.3762019230769231 0.16826923076923078 0.0985576923076923
0 0.22716346153846154 0.34134615384615385 0.10336538461538461 0.125
0 0.2704326923076923 0.4387019230769231 0.18028846153846154 0.08413461538461539
0 0.2127403846153846 0.5024038461538461 0.15384615384615385 0.09615384615384616
0 0.2403846153846154 0.578125 0.11057692307692307 0.06490384615384616
0 0.22956730769230768 0.6658653846153846 0.14182692307692307 0.11778846153846154
0 0.33052884615384615 0.6310096153846154 0.07211538461538461 0.0985576923076923
0 0.34975961538461536 0.5600961538461539 0.12980769230769232 0.08653846153846154
0 0.390625 0.5108173076923077 0.16826923076923078 0.11298076923076923
0 0.4230769230769231 0.46033653846153844 0.04807692307692308 0.038461538461538464
0 0.5192307692307693 0.43509615384615385 0.15384615384615385 0.08413461538461539
0 0.7019230769230769 0.4963942307692308 0.04807692307692308 0.052884615384615384
0 0.6370192307692307 0.5 0.10336538461538461 0.0673076923076923
0 0.4807692307692308 0.8521634615384616 0.1201923076923077 0.1201923076923077
0 0.3629807692307692 0.875 0.09134615384615384 0.08413461538461539
0 0.2512019230769231 0.8605769230769231 0.17307692307692307 0.0985576923076923
0 0.31971153846153844 0.8040865384615384 0.16826923076923078 0.09615384615384616
0 0.24639423076923078 0.7632211538461539 0.1201923076923077 0.09615384615384616
0 0.3605769230769231 0.7127403846153846 0.1875 0.10096153846153846
0 0.40384615384615385 0.6418269230769231 0.0985576923076923 0.09134615384615384
0 0.49759615384615385 0.5540865384615384 0.1875 0.12740384615384615
0 0.6286057692307693 0.5853365384615384 0.1201923076923077 0.11538461538461539
0 0.6862980769230769 0.5913461538461539 0.09134615384615384 0.11298076923076923
0 0.6201923076923077 0.6658653846153846 0.06009615384615385 0.07211538461538461
0 0.546875 0.6730769230769231 0.14182692307692307 0.08173076923076923
0 0.5492788461538461 0.7439903846153846 0.15865384615384615 0.09134615384615384