0 0.10697115384615384 0.3245192307692308 0.1201923076923077 0.375
0 0.056490384615384616 0.37259615384615385 0.10576923076923077 0.2932692307692308
0 0.06370192307692307 0.4879807692307692 0.1201923076923077 0.1201923076923077
0 0.15985576923076922 0.5240384615384616 0.08173076923076923 0.12980769230769232
0 0.11658653846153846 0.6105769230769231 0.0673076923076923 0.10096153846153846
0 0.15865384615384615 0.625 0.0625 0.08173076923076923
0 0.2127403846153846 0.5600961538461539 0.0673076923076923 0.1201923076923077
0 0.2548076923076923 0.5360576923076923 0.04326923076923077 0.07211538461538461
0 0.1935096153846154 0.125 0.3004807692307692 0.25
0 0.14783653846153846 0.3545673076923077 0.0625 0.2548076923076923
0 0.21875 0.31009615384615385 0.11057692307692307 0.23798076923076922
0 0.16826923076923078 0.36658653846153844 0.057692307692307696 0.07692307692307693
0 0.18389423076923078 0.4495192307692308 0.10096153846153846 0.10096153846153846
0 0.20673076923076922 0.6430288461538461 0.03365384615384615 0.04807692307692308
0 0.2536057692307692 0.6189903846153846 0.0673076923076923 0.10576923076923077
0 0.296875 0.5625 0.06009615384615385 0.0889423076923077
0 0.3401442307692308 0.5829326923076923 0.0673076923076923 0.07211538461538461
0 0.33533653846153844 0.6274038461538461 0.0625 0.07692307692307693
0 0.2932692307692308 0.6514423076923077 0.026442307692307692 0.028846153846153848
0 0.3918269230769231 0.6334134615384616 0.05048076923076923 0.06490384615384616
0 0.4014423076923077 0.5829326923076923 0.057692307692307696 0.07211538461538461
0 0.4182692307692308 0.49399038461538464 0.07692307692307693 0.10576923076923077
0 0.46875 0.5600961538461539 0.08173076923076923 0.09615384615384616
0 0.46033653846153844 0.6394230769230769 0.08173076923076923 0.125
0 0.48677884615384615 0.7295673076923077 0.07211538461538461 0.0889423076923077
0 0.5096153846153846 0.6694711538461539 0.04807692307692308 0.10096153846153846
0 0.24278846153846154 0.6959134615384616 0.3870192307692308 0.08173076923076923
0 0.2548076923076923 0.7680288461538461 0.46153846153846156 0.10576923076923077
0 0.3137019230769231 0.8269230769230769 0.4182692307692308 0.09615384615384616
0 0.3016826923076923 0.9050480769230769 0.47596153846153844 0.1778846153846154
0 0.7463942307692307 0.7079326923076923 0.42788461538461536 0.1201923076923077
0 0.5949519230769231 0.7620192307692307 0.14423076923076922 0.06009615384615385
0 0.6730769230769231 0.7920673076923077 0.4519230769230769 0.06009615384615385
0 0.7163461538461539 0.8629807692307693 0.31971153846153844 0.07211538461538461
0 0.5817307692307693 0.5769230769230769 0.2644230769230769 0.1778846153846154
0 0.6694711538461539 0.5865384615384616 0.08173076923076923 0.10096153846153846
0 0.5805288461538461 0.5420673076923077 0.1346153846153846 0.14423076923076922
0 0.5 0.4495192307692308 0.09375 0.125
0 0.5348557692307693 0.35697115384615385 0.25 0.1778846153846154
0 0.44471153846153844 0.2920673076923077 0.12980769230769232 0.15384615384615385
0 0.3762019230769231 0.25 0.052884615384615384 0.10576923076923077
0 0.31971153846153844 0.25841346153846156 0.09375 0.16105769230769232
0 0.25841346153846156 0.2704326923076923 0.038461538461538464 0.052884615384615384
0 0.25721153846153844 0.3425480769230769 0.07211538461538461 0.10096153846153846
0 0.4230769230769231 0.14302884615384615 0.08653846153846154 0.10576923076923077
0 0.36658653846153844 0.12259615384615384 0.06009615384615385 0.0889423076923077
0 0.34375 0.07692307692307693 0.038461538461538464 0.04807692307692308
0 0.4567307692307692 0.0829326923076923 0.052884615384615384 0.06009615384615385
0 0.5036057692307693 0.1310096153846154 0.07211538461538461 0.09615384615384616
0 0.6550480769230769 0.09014423076923077 0.29086538461538464 0.18028846153846154
0 0.5877403846153846 0.14302884615384615 0.09134615384615384 0.1201923076923077
0 0.5444711538461539 0.23197115384615385 0.09615384615384616 0.10576923076923077
0 0.6935096153846154 0.23557692307692307 0.20673076923076922 0.24519230769230768
0 0.8930288461538461 0.33052884615384615 0.21153846153846154 0.6009615384615384
0 0.8653846153846154 0.4254807692307692 0.12980769230769232 0.22115384615384615
0 0.7788461538461539 0.5889423076923077 0.14903846153846154 0.23798076923076922
0 0.9194711538461539 0.6105769230769231 0.13942307692307693 0.23076923076923078
0 0.6237980769230769 0.41947115384615385 0.13942307692307693 0.17307692307692307
0 0.7331730769230769 0.35096153846153844 0.1201923076923077 0.1201923076923077
0 0.6622596153846154 0.35697115384615385 0.07692307692307693 0.10576923076923077
0 0.7247596153846154 0.4495192307692308 0.09134615384615384 0.125