0 0.6622596153846154 0.45913461538461536 0.45913461538461536 0.4951923076923077
0 0.8918269230769231 0.1935096153846154 0.20673076923076922 0.375
0 0.9230769230769231 0.5949519230769231 0.1466346153846154 0.44711538461538464
0 0.9098557692307693 0.8112980769230769 0.17307692307692307 0.22115384615384615
0 0.5985576923076923 0.8016826923076923 0.3173076923076923 0.36538461538461536
0 0.7415865384615384 0.8978365384615384 0.0889423076923077 0.19951923076923078
0 0.8209134615384616 0.9627403846153846 0.18990384615384615 0.06971153846153846
0 0.43990384615384615 0.9134615384615384 0.17307692307692307 0.16826923076923078
0 0.3942307692307692 0.9266826923076923 0.14903846153846154 0.14182692307692307
0 0.47836538461538464 0.5853365384615384 0.2403846153846154 0.3870192307692308
0 0.6622596153846154 0.13701923076923078 0.38221153846153844 0.2644230769230769
0 0.47716346153846156 0.18870192307692307 0.23557692307692307 0.36538461538461536
0 0.2668269230769231 0.42788461538461536 0.4014423076923077 0.35096153846153844
0 0.203125 0.23197115384615385 0.28846153846153844 0.27884615384615385
0 0.0985576923076923 0.12620192307692307 0.1971153846153846 0.24278846153846154
0 0.2920673076923077 0.07932692307692307 0.1971153846153846 0.14903846153846154
0 0.052884615384615384 0.5673076923076923 0.10576923076923077 0.38461538461538464
0 0.21634615384615385 0.8245192307692307 0.30288461538461536 0.23557692307692307