0 0.9278846153846154 0.3173076923076923 0.13701923076923078 0.25
0 0.8774038461538461 0.13822115384615385 0.15144230769230768 0.21153846153846154
0 0.9747596153846154 0.09134615384615384 0.04326923076923077 0.17067307692307693
0 0.8882211538461539 0.046875 0.007211538461538462 0.004807692307692308
0 0.9302884615384616 0.021634615384615384 0.09615384615384616 0.03365384615384615
0 0.8004807692307693 0.04927884615384615 0.11057692307692307 0.0889423076923077
0 0.7283653846153846 0.10817307692307693 0.14903846153846154 0.20432692307692307
0 0.6478365384615384 0.2764423076923077 0.15144230769230768 0.24278846153846154
0 0.7271634615384616 0.2403846153846154 0.05048076923076923 0.0625
0 0.7932692307692307 0.3449519230769231 0.1346153846153846 0.22596153846153846
0 0.890625 0.453125 0.16346153846153846 0.2644230769230769
0 0.9591346153846154 0.6081730769230769 0.07692307692307693 0.1658653846153846
0 0.9747596153846154 0.4831730769230769 0.04326923076923077 0.10576923076923077
0 0.8557692307692307 0.6466346153846154 0.1658653846153846 0.23317307692307693
0 0.9735576923076923 0.8894230769230769 0.04807692307692308 0.1971153846153846
0 0.8689903846153846 0.8677884615384616 0.15384615384615385 0.23076923076923078
0 0.7800480769230769 0.7211538461538461 0.10817307692307693 0.21634615384615385
0 0.7896634615384616 0.5276442307692307 0.0625 0.12740384615384615
0 0.6995192307692307 0.5252403846153846 0.16346153846153846 0.24278846153846154
0 0.6081730769230769 0.453125 0.11538461538461539 0.14423076923076922
0 0.5841346153846154 0.6189903846153846 0.14903846153846154 0.1971153846153846
0 0.6959134615384616 0.6742788461538461 0.08173076923076923 0.1201923076923077
0 0.6346153846153846 0.7596153846153846 0.08173076923076923 0.12740384615384615
0 0.7139423076923077 0.8088942307692307 0.11057692307692307 0.17067307692307693
0 0.7331730769230769 0.9399038461538461 0.12980769230769232 0.11538461538461539
0 0.5769230769230769 0.9326923076923077 0.19230769230769232 0.12980769230769232
0 0.5612980769230769 0.8257211538461539 0.1658653846153846 0.21634615384615385
0 0.4699519230769231 0.6105769230769231 0.09134615384615384 0.10576923076923077
0 0.5036057692307693 0.49399038461538464 0.08653846153846154 0.19230769230769232
0 0.4987980769230769 0.33653846153846156 0.07692307692307693 0.1658653846153846
0 0.5576923076923077 0.25721153846153844 0.10817307692307693 0.25
0 0.5841346153846154 0.055288461538461536 0.14182692307692307 0.10096153846153846
0 0.5612980769230769 0.11899038461538461 0.12259615384615384 0.10576923076923077
0 0.484375 0.0829326923076923 0.1201923076923077 0.15384615384615385
0 0.4230769230769231 0.26802884615384615 0.1778846153846154 0.25961538461538464
0 0.41225961538461536 0.48677884615384615 0.1346153846153846 0.22115384615384615
0 0.3485576923076923 0.546875 0.15144230769230768 0.24278846153846154
0 0.34375 0.7572115384615384 0.1201923076923077 0.22115384615384615
0 0.4567307692307692 0.6706730769230769 0.10817307692307693 0.08173076923076923
0 0.4423076923076923 0.8064903846153846 0.10096153846153846 0.1971153846153846
0 0.44591346153846156 0.90625 0.09375 0.0673076923076923
0 0.44471153846153844 0.9639423076923077 0.09134615384615384 0.0625
0 0.32572115384615385 0.9699519230769231 0.11057692307692307 0.04807692307692308
0 0.3293269230769231 0.8954326923076923 0.10576923076923077 0.11057692307692307
0 0.24639423076923078 0.8485576923076923 0.1201923076923077 0.17067307692307693
0 0.18269230769230768 0.9266826923076923 0.12980769230769232 0.14182692307692307
0 0.07692307692307693 0.8533653846153846 0.1346153846153846 0.18269230769230768
0 0.040865384615384616 0.9411057692307693 0.07692307692307693 0.11298076923076923
0 0.09735576923076923 0.9663461538461539 0.036057692307692304 0.055288461538461536
0 0.04807692307692308 0.7055288461538461 0.09134615384615384 0.18990384615384615
0 0.14783653846153846 0.6911057692307693 0.10096153846153846 0.13221153846153846
0 0.17668269230769232 0.7848557692307693 0.08653846153846154 0.14423076923076922
0 0.2512019230769231 0.734375 0.07211538461538461 0.0673076923076923
0 0.24879807692307693 0.6298076923076923 0.11538461538461539 0.15384615384615385
0 0.22716346153846154 0.45913461538461536 0.10817307692307693 0.1658653846153846
0 0.2860576923076923 0.3762019230769231 0.08413461538461539 0.1778846153846154
0 0.19591346153846154 0.28125 0.11298076923076923 0.1658653846153846
0 0.2536057692307692 0.18509615384615385 0.1201923076923077 0.19471153846153846
0 0.3473557692307692 0.09375 0.14903846153846154 0.1778846153846154
0 0.24278846153846154 0.04447115384615385 0.0985576923076923 0.07692307692307693
0 0.1201923076923077 0.07211538461538461 0.1346153846153846 0.13221153846153846
0 0.15144230769230768 0.140625 0.09375 0.12740384615384615
0 0.06850961538461539 0.25721153846153844 0.12980769230769232 0.18269230769230768
0 0.04807692307692308 0.0829326923076923 0.09134615384615384 0.15625
0 0.015625 0.18269230769230768 0.026442307692307692 0.125
0 0.12379807692307693 0.3954326923076923 0.0985576923076923 0.14903846153846154
0 0.14423076923076922 0.5492788461538461 0.11538461538461539 0.18269230769230768
0 0.037259615384615384 0.5288461538461539 0.06971153846153846 0.24519230769230768
0 0.036057692307692304 0.3713942307692308 0.0673076923076923 0.0985576923076923
0 0.4987980769230769 0.5012019230769231 0.9975961538461539 0.9927884615384616