0 0.14182692307692307 0.08052884615384616 0.27403846153846156 0.15384615384615385
0 0.09014423076923077 0.21033653846153846 0.17067307692307693 0.18269230769230768
0 0.13942307692307693 0.38822115384615385 0.2692307692307692 0.23557692307692307
0 0.028846153846153848 0.5168269230769231 0.04807692307692308 0.16346153846153846
0 0.21153846153846154 0.6117788461538461 0.24759615384615385 0.20432692307692307
0 0.0673076923076923 0.6177884615384616 0.125 0.16346153846153846
0 0.04326923076923077 0.7259615384615384 0.07692307692307693 0.13942307692307693
0 0.0673076923076923 0.7932692307692307 0.125 0.12740384615384615
0 0.21875 0.7716346153846154 0.21153846153846154 0.125
0 0.2439903846153846 0.90625 0.2091346153846154 0.18269230769230768
0 0.09014423076923077 0.9170673076923077 0.17548076923076922 0.16105769230769232
0 0.48197115384615385 0.8822115384615384 0.27403846153846156 0.1875
0 0.3798076923076923 0.9795673076923077 0.18269230769230768 0.036057692307692304
0 0.4326923076923077 0.7163461538461539 0.27884615384615385 0.20432692307692307
0 0.46875 0.5408653846153846 0.28846153846153844 0.22355769230769232
0 0.31971153846153844 0.4675480769230769 0.125 0.16346153846153846
0 0.4411057692307692 0.296875 0.33653846153846156 0.2692307692307692
0 0.265625 0.22596153846153846 0.20192307692307693 0.21153846153846154
0 0.5024038461538461 0.1141826923076923 0.3245192307692308 0.17307692307692307
0 0.484375 0.040865384615384616 0.3701923076923077 0.07211538461538461
0 0.2932692307692308 0.06610576923076923 0.09134615384615384 0.125
0 0.78125 0.18509615384615385 0.375 0.2692307692307692
0 0.8774038461538461 0.11778846153846154 0.2403846153846154 0.23076923076923078
0 0.7295673076923077 0.019230769230769232 0.0673076923076923 0.03125
0 0.9927884615384616 0.3605769230769231 0.009615384615384616 0.17307692307692307
0 0.9831730769230769 0.27163461538461536 0.028846153846153848 0.11538461538461539
0 0.7632211538461539 0.4579326923076923 0.4230769230769231 0.35096153846153844
0 0.7836538461538461 0.6682692307692307 0.34134615384615385 0.16826923076923078
0 0.5925480769230769 0.640625 0.09134615384615384 0.08653846153846154
0 0.734375 0.7896634615384616 0.2644230769230769 0.18269230769230768
0 0.5949519230769231 0.7235576923076923 0.0673076923076923 0.09615384615384616
0 0.6033653846153846 0.9543269230769231 0.11538461538461539 0.08653846153846154
0 0.5192307692307693 0.9807692307692307 0.08173076923076923 0.03365384615384615
0 0.8112980769230769 0.9242788461538461 0.31490384615384615 0.14903846153846154
0 0.9338942307692307 0.8329326923076923 0.12740384615384615 0.23798076923076922
0 0.9543269230769231 0.6370192307692307 0.08653846153846154 0.25961538461538464
0 0.9807692307692307 0.9771634615384616 0.03365384615384615 0.040865384615384616