0 0.08413461538461539 0.953125 0.15865384615384615 0.08173076923076923
0 0.028846153846153848 0.8629807692307693 0.05048076923076923 0.2620192307692308
0 0.15985576923076922 0.8713942307692307 0.23317307692307693 0.18028846153846154
0 0.12860576923076922 0.9338942307692307 0.20673076923076922 0.1201923076923077
0 0.29447115384615385 0.7680288461538461 0.28365384615384615 0.23557692307692307
0 0.15985576923076922 0.5769230769230769 0.3125 0.4423076923076923
0 0.14182692307692307 0.28725961538461536 0.17307692307692307 0.24519230769230768
0 0.046875 0.4098557692307692 0.08653846153846154 0.16346153846153846
0 0.05048076923076923 0.25721153846153844 0.09615384615384616 0.17307692307692307
0 0.05048076923076923 0.09014423076923077 0.09615384615384616 0.18028846153846154
0 0.22596153846153846 0.19110576923076922 0.15865384615384615 0.1971153846153846
0 0.15985576923076922 0.13341346153846154 0.13942307692307693 0.09134615384615384
0 0.1875 0.04447115384615385 0.2932692307692308 0.0889423076923077
0 0.3329326923076923 0.055288461538461536 0.07932692307692307 0.11057692307692307
0 0.36899038461538464 0.2403846153846154 0.24519230769230768 0.2956730769230769
0 0.33052884615384615 0.4074519230769231 0.2620192307692308 0.28846153846153844
0 0.5324519230769231 0.8137019230769231 0.23076923076923078 0.3605769230769231
0 0.44711538461538464 0.9290865384615384 0.057692307692307696 0.12980769230769232
0 0.390625 0.9399038461538461 0.10576923076923077 0.11057692307692307
0 0.3016826923076923 0.9399038461538461 0.10096153846153846 0.11057692307692307
0 0.7019230769230769 0.8305288461538461 0.20192307692307693 0.3269230769230769
0 0.8040865384615384 0.9591346153846154 0.1875 0.07211538461538461
0 0.8581730769230769 0.7680288461538461 0.14423076923076922 0.37740384615384615
0 0.7944711538461539 0.765625 0.0985576923076923 0.3269230769230769
0 0.6442307692307693 0.6478365384615384 0.22596153846153846 0.28846153846153844
0 0.53125 0.5516826923076923 0.12980769230769232 0.3942307692307692
0 0.6418269230769231 0.5276442307692307 0.14182692307692307 0.24519230769230768
0 0.7740384615384616 0.49759615384615385 0.14423076923076922 0.23076923076923078
0 0.7067307692307693 0.27884615384615385 0.14903846153846154 0.40384615384615385
0 0.5060096153846154 0.20432692307692307 0.2692307692307692 0.39903846153846156
0 0.578125 0.14182692307692307 0.15384615384615385 0.27403846153846156
0 0.6346153846153846 0.10697115384615384 0.17067307692307693 0.21153846153846154
0 0.7620192307692307 0.057692307692307696 0.17067307692307693 0.11538461538461539
0 0.8341346153846154 0.24639423076923078 0.12740384615384615 0.49038461538461536
0 0.8894230769230769 0.44591346153846156 0.11298076923076923 0.10336538461538461
0 0.9471153846153846 0.7716346153846154 0.10096153846153846 0.4519230769230769
0 0.8894230769230769 0.9507211538461539 0.038461538461538464 0.08653846153846154
0 0.9435096153846154 0.59375 0.10817307692307693 0.25
0 0.9314903846153846 0.6526442307692307 0.04326923076923077 0.07211538461538461
0 0.9362980769230769 0.38221153846153844 0.08413461538461539 0.2403846153846154
0 0.9867788461538461 0.4338942307692308 0.02403846153846154 0.18028846153846154
0 0.9567307692307693 0.30288461538461536 0.08173076923076923 0.11538461538461539
0 0.9362980769230769 0.14182692307692307 0.12259615384615384 0.28365384615384615
0 0.9807692307692307 0.14903846153846154 0.03365384615384615 0.2980769230769231