0 0.6418269230769231 0.7139423076923077 0.45913461538461536 0.13221153846153846
0 0.5612980769230769 0.5733173076923077 0.34134615384615385 0.1346153846153846
0 0.484375 0.33052884615384615 0.18509615384615385 0.33653846153846156
0 0.6009615384615384 0.4098557692307692 0.17067307692307693 0.12980769230769232
0 0.7475961538461539 0.4651442307692308 0.21634615384615385 0.14423076923076922
0 0.8557692307692307 0.35096153846153844 0.1971153846153846 0.1466346153846154
0 0.6490384615384616 0.28725961538461536 0.17548076923076922 0.12740384615384615
0 0.7680288461538461 0.23197115384615385 0.18509615384615385 0.15384615384615385
4 0.3894230769230769 0.8762019230769231 0.3245192307692308 0.2403846153846154
2 0.14903846153846154 0.9615384615384616 0.22596153846153846 0.06971153846153846
2 0.12139423076923077 0.8497596153846154 0.23076923076923078 0.10817307692307693
2 0.16466346153846154 0.6983173076923077 0.18509615384615385 0.03125
2 0.3269230769230769 0.4170673076923077 0.13942307692307693 0.038461538461538464
2 0.33774038461538464 0.3858173076923077 0.13942307692307693 0.038461538461538464
2 0.3473557692307692 0.34975961538461536 0.14903846153846154 0.04326923076923077
2 0.3581730769230769 0.31490384615384615 0.14903846153846154 0.04326923076923077
2 0.3629807692307692 0.27163461538461536 0.15865384615384615 0.05048076923076923
2 0.3762019230769231 0.23557692307692307 0.15384615384615385 0.052884615384615384
3 0.453125 0.8125 0.16346153846153846 0.1201923076923077
1 0.20673076923076922 0.5769230769230769 0.34134615384615385 0.1346153846153846
1 0.36899038461538464 0.18509615384615385 0.18028846153846154 0.08653846153846154
1 0.41225961538461536 0.140625 0.18509615384615385 0.09615384615384616
1 0.4230769230769231 0.0889423076923077 0.18509615384615385 0.10096153846153846
1 0.28125 0.06971153846153846 0.39663461538461536 0.13942307692307693