0 0.04807692307692308 0.9302884615384616 0.0889423076923077 0.1201923076923077
0 0.056490384615384616 0.8293269230769231 0.0673076923076923 0.07211538461538461
0 0.040865384615384616 0.7007211538461539 0.07211538461538461 0.20673076923076922
0 0.07572115384615384 0.6310096153846154 0.08173076923076923 0.13942307692307693
0 0.019230769230769232 0.5612980769230769 0.03125 0.09134615384615384
0 0.13942307692307693 0.5673076923076923 0.06971153846153846 0.08173076923076923
0 0.08533653846153846 0.5228365384615384 0.08653846153846154 0.09615384615384616
0 0.025240384615384616 0.47115384615384615 0.04326923076923077 0.08653846153846154
0 0.07932692307692307 0.43028846153846156 0.07211538461538461 0.08653846153846154
0 0.03245192307692308 0.3786057692307692 0.057692307692307696 0.08653846153846154
0 0.03245192307692308 0.3016826923076923 0.057692307692307696 0.0673076923076923
0 0.06370192307692307 0.21394230769230768 0.1201923076923077 0.14903846153846154
0 0.10096153846153846 0.12139423076923077 0.09134615384615384 0.13942307692307693
0 0.025240384615384616 0.10336538461538461 0.04326923076923077 0.11298076923076923
0 0.08533653846153846 0.025240384615384616 0.125 0.040865384615384616
0 0.040865384615384616 0.6935096153846154 0.07211538461538461 0.15865384615384615
0 0.953125 0.8966346153846154 0.07692307692307693 0.08173076923076923
0 0.9867788461538461 0.8149038461538461 0.021634615384615384 0.10576923076923077
0 0.9170673076923077 0.8245192307692307 0.10576923076923077 0.10336538461538461
0 0.8942307692307693 0.8918269230769231 0.03365384615384615 0.03125
0 0.8653846153846154 0.8918269230769231 0.11538461538461539 0.11298076923076923
0 0.7427884615384616 0.9627403846153846 0.14903846153846154 0.06971153846153846
0 0.671875 0.9278846153846154 0.125 0.1346153846153846
0 0.6009615384615384 0.9567307692307693 0.057692307692307696 0.0673076923076923
0 0.7740384615384616 0.8846153846153846 0.08173076923076923 0.07692307692307693
0 0.7223557692307693 0.8269230769230769 0.10817307692307693 0.1201923076923077
0 0.8185096153846154 0.8112980769230769 0.07692307692307693 0.057692307692307696
0 0.8653846153846154 0.7524038461538461 0.052884615384615384 0.08173076923076923
0 0.9387019230769231 0.7091346153846154 0.11778846153846154 0.17307692307692307
0 0.8317307692307693 0.6526442307692307 0.09615384615384616 0.13942307692307693
0 0.7704326923076923 0.71875 0.12740384615384615 0.17067307692307693
0 0.9326923076923077 0.5612980769230769 0.09615384615384616 0.15384615384615385
0 0.8689903846153846 0.4567307692307692 0.125 0.17067307692307693
0 0.7896634615384616 0.5360576923076923 0.1346153846153846 0.125
0 0.7127403846153846 0.6081730769230769 0.10576923076923077 0.09134615384615384
0 0.6850961538461539 0.6802884615384616 0.0673076923076923 0.11298076923076923
0 0.9242788461538461 0.3942307692307692 0.12740384615384615 0.09615384615384616
0 0.8822115384615384 0.2860576923076923 0.11057692307692307 0.1201923076923077
0 0.9747596153846154 0.24639423076923078 0.04567307692307692 0.12259615384615384
0 0.9543269230769231 0.14903846153846154 0.08653846153846154 0.16826923076923078
0 0.890625 0.09375 0.21394230769230768 0.1778846153846154
0 0.8209134615384616 0.18509615384615385 0.1875 0.23557692307692307
0 0.4338942307692308 0.24519230769230768 0.15865384615384615 0.18028846153846154
0 0.5024038461538461 0.06971153846153846 0.16346153846153846 0.12980769230769232
0 0.4519230769230769 0.14182692307692307 0.10096153846153846 0.14903846153846154
0 0.36899038461538464 0.11298076923076923 0.08173076923076923 0.125
0 0.3016826923076923 0.09495192307692307 0.08653846153846154 0.09615384615384616
0 0.2620192307692308 0.040865384615384616 0.052884615384615384 0.07211538461538461
0 0.2283653846153846 0.07932692307692307 0.06971153846153846 0.13942307692307693
0 0.3473557692307692 0.036057692307692304 0.07692307692307693 0.0625
0 0.17908653846153846 0.15745192307692307 0.0889423076923077 0.13942307692307693
0 0.15985576923076922 0.24759615384615385 0.0673076923076923 0.11298076923076923
0 0.30649038461538464 0.2247596153846154 0.11057692307692307 0.17067307692307693
0 0.23918269230769232 0.24278846153846154 0.038461538461538464 0.040865384615384616
0 0.23317307692307693 0.2860576923076923 0.05048076923076923 0.09615384615384616
0 0.27403846153846156 0.3293269230769231 0.038461538461538464 0.040865384615384616
0 0.4050480769230769 0.3786057692307692 0.12980769230769232 0.14903846153846154
0 0.3317307692307692 0.35336538461538464 0.07692307692307693 0.10817307692307693
0 0.2608173076923077 0.4254807692307692 0.1346153846153846 0.15865384615384615
0 0.33413461538461536 0.43028846153846156 0.04326923076923077 0.0673076923076923
0 0.1622596153846154 0.453125 0.10096153846153846 0.07211538461538461
0 0.10216346153846154 0.3557692307692308 0.10576923076923077 0.125
0 0.21634615384615385 0.49759615384615385 0.09134615384615384 0.10817307692307693
0 0.3088942307692308 0.5588942307692307 0.10096153846153846 0.1201923076923077
0 0.39783653846153844 0.5745192307692307 0.10096153846153846 0.1201923076923077
0 0.21634615384615385 0.5973557692307693 0.06971153846153846 0.07211538461538461
0 0.17548076923076922 0.75 0.057692307692307696 0.09615384615384616
0 0.14302884615384615 0.8329326923076923 0.11538461538461539 0.07692307692307693
0 0.11057692307692307 0.7427884615384616 0.07211538461538461 0.08173076923076923
0 0.10216346153846154 0.6574519230769231 0.057692307692307696 0.08653846153846154
0 0.1346153846153846 0.6598557692307693 0.0625 0.07211538461538461
0 0.17427884615384615 0.6670673076923077 0.08653846153846154 0.08653846153846154
0 0.23798076923076922 0.75 0.08173076923076923 0.12980769230769232
0 0.17067307692307693 0.9543269230769231 0.12980769230769232 0.08653846153846154
0 0.0985576923076923 0.9807692307692307 0.07692307692307693 0.03365384615384615
0 0.16466346153846154 0.8810096153846154 0.08173076923076923 0.07211538461538461
0 0.09254807692307693 0.8942307692307693 0.04807692307692308 0.0673076923076923
0 0.22355769230769232 0.8918269230769231 0.038461538461538464 0.07211538461538461
0 0.26802884615384615 0.9675480769230769 0.08413461538461539 0.06009615384615385
0 0.3317307692307692 0.9711538461538461 0.038461538461538464 0.036057692307692304
0 0.28966346153846156 0.9302884615384616 0.052884615384615384 0.04807692307692308
0 0.29927884615384615 0.8762019230769231 0.08173076923076923 0.0625
0 0.3762019230769231 0.9459134615384616 0.057692307692307696 0.057692307692307696
0 0.43028846153846156 0.9387019230769231 0.0673076923076923 0.09134615384615384
0 0.5 0.9278846153846154 0.0889423076923077 0.09134615384615384
0 0.4879807692307692 0.9747596153846154 0.019230769230769232 0.03125
0 0.5324519230769231 0.9663461538461539 0.03125 0.02403846153846154
0 0.5661057692307693 0.9278846153846154 0.026442307692307692 0.03125
0 0.6177884615384616 0.8401442307692307 0.07692307692307693 0.10336538461538461
0 0.5829326923076923 0.8990384615384616 0.04807692307692308 0.0673076923076923
0 0.5564903846153846 0.8112980769230769 0.04807692307692308 0.04807692307692308
0 0.515625 0.8533653846153846 0.0673076923076923 0.0673076923076923
0 0.4483173076923077 0.8401442307692307 0.06971153846153846 0.08173076923076923
0 0.5024038461538461 0.8040865384615384 0.0625 0.07211538461538461
0 0.4423076923076923 0.7548076923076923 0.0889423076923077 0.10817307692307693
0 0.38461538461538464 0.8581730769230769 0.0673076923076923 0.1201923076923077
0 0.31490384615384615 0.7992788461538461 0.0889423076923077 0.09134615384615384
0 0.31850961538461536 0.7163461538461539 0.0889423076923077 0.09134615384615384
0 0.37259615384615385 0.7632211538461539 0.026442307692307692 0.07211538461538461
0 0.6430288461538461 0.06129807692307692 0.10576923076923077 0.11298076923076923
0 0.7391826923076923 0.038461538461538464 0.07211538461538461 0.0673076923076923
0 0.6430288461538461 0.14903846153846154 0.1201923076923077 0.1346153846153846
0 0.5697115384615384 0.27283653846153844 0.0889423076923077 0.16346153846153846
0 0.5564903846153846 0.15745192307692307 0.052884615384615384 0.07692307692307693
0 0.6694711538461539 0.234375 0.11057692307692307 0.10817307692307693
0 0.7043269230769231 0.36899038461538464 0.1971153846153846 0.24278846153846154
0 0.7920673076923077 0.3112980769230769 0.08653846153846154 0.07692307692307693
0 0.6141826923076923 0.4411057692307692 0.10817307692307693 0.17067307692307693
0 0.5216346153846154 0.5048076923076923 0.1466346153846154 0.11298076923076923
0 0.515625 0.5793269230769231 0.08173076923076923 0.0673076923076923
0 0.4579326923076923 0.6081730769230769 0.05048076923076923 0.052884615384615384
0 0.6274038461538461 0.5564903846153846 0.12740384615384615 0.10336538461538461
0 0.5793269230769231 0.6213942307692307 0.03125 0.04807692307692308
0 0.6057692307692307 0.6730769230769231 0.08653846153846154 0.1201923076923077
0 0.5661057692307693 0.7608173076923077 0.08173076923076923 0.07692307692307693
0 0.5 0.7139423076923077 0.08173076923076923 0.08653846153846154
0 0.5372596153846154 0.6598557692307693 0.08653846153846154 0.09134615384615384
0 0.4387019230769231 0.6670673076923077 0.08173076923076923 0.07692307692307693
0 0.3629807692307692 0.6466346153846154 0.06971153846153846 0.036057692307692304
0 0.5 0.5 0.9951923076923077 0.9951923076923077