0 0.8846153846153846 0.2704326923076923 0.22355769230769232 0.4831730769230769
0 0.6826923076923077 0.28725961538461536 0.20673076923076922 0.5625
0 0.7055288461538461 0.6526442307692307 0.25 0.2692307692307692
0 0.5721153846153846 0.7007211538461539 0.15865384615384615 0.31009615384615385
0 0.8737980769230769 0.6237980769230769 0.23076923076923078 0.3605769230769231
0 0.9122596153846154 0.32572115384615385 0.17067307692307693 0.5841346153846154
0 0.39783653846153844 0.3701923076923077 0.375 0.7307692307692307
0 0.5120192307692307 0.8185096153846154 0.3701923076923077 0.3605769230769231
0 0.6598557692307693 0.8449519230769231 0.1346153846153846 0.2980769230769231
0 0.2692307692307692 0.8040865384615384 0.11778846153846154 0.16105769230769232
0 0.14182692307692307 0.8725961538461539 0.27884615384615385 0.25
0 0.15144230769230768 0.46875 0.2980769230769231 0.9254807692307693