0 0.6225961538461539 0.1658653846153846 0.21875 0.15625
0 0.7319711538461539 0.13581730769230768 0.25 0.18509615384615385
0 0.7788461538461539 0.22956730769230768 0.13701923076923078 0.08173076923076923
0 0.5709134615384616 0.32572115384615385 0.3894230769230769 0.16346153846153846
0 0.5132211538461539 0.2439903846153846 0.1875 0.11057692307692307
0 0.7512019230769231 0.32572115384615385 0.14903846153846154 0.11298076923076923
0 0.8365384615384616 0.3125 0.052884615384615384 0.08653846153846154
0 0.8173076923076923 0.40865384615384615 0.18028846153846154 0.11298076923076923
0 0.6286057692307693 0.40384615384615385 0.17307692307692307 0.11057692307692307
0 0.42908653846153844 0.41947115384615385 0.21153846153846154 0.07692307692307693
0 0.41225961538461536 0.5853365384615384 0.28846153846153844 0.15865384615384615
0 0.4206730769230769 0.5132211538461539 0.20673076923076922 0.11057692307692307
0 0.5817307692307693 0.5396634615384616 0.14903846153846154 0.0673076923076923
0 0.5961538461538461 0.49038461538461536 0.15384615384615385 0.07211538461538461
0 0.7211538461538461 0.49038461538461536 0.11057692307692307 0.21153846153846154
0 0.7920673076923077 0.5072115384615384 0.07692307692307693 0.14182692307692307
0 0.8473557692307693 0.5673076923076923 0.17307692307692307 0.11057692307692307
0 0.8882211538461539 0.5685096153846154 0.14903846153846154 0.04807692307692308
0 0.8521634615384616 0.5024038461538461 0.04326923076923077 0.08173076923076923
0 0.34375 0.6983173076923077 0.25 0.1875
0 0.15264423076923078 0.6382211538461539 0.1971153846153846 0.0985576923076923
0 0.5925480769230769 0.6478365384615384 0.18028846153846154 0.13942307692307693
0 0.5084134615384616 0.7163461538461539 0.1201923076923077 0.10096153846153846
0 0.6225961538461539 0.7512019230769231 0.11057692307692307 0.08413461538461539
0 0.6177884615384616 0.7848557692307693 0.1201923076923077 0.125
0 0.6586538461538461 0.7800480769230769 0.04807692307692308 0.11298076923076923
0 0.7379807692307693 0.8149038461538461 0.2403846153846154 0.21153846153846154
0 0.8064903846153846 0.6394230769230769 0.19230769230769232 0.125