0 0.34375 0.13581730769230768 0.14423076923076922 0.10336538461538461
0 0.39903846153846156 0.10697115384615384 0.1201923076923077 0.09134615384615384
0 0.4951923076923077 0.15865384615384615 0.08173076923076923 0.07211538461538461
0 0.265625 0.1971153846153846 0.16826923076923078 0.11778846153846154
0 0.3076923076923077 0.24639423076923078 0.15625 0.10336538461538461
0 0.4170673076923077 0.2247596153846154 0.09375 0.08413461538461539
0 0.5516826923076923 0.22956730769230768 0.08173076923076923 0.0673076923076923
0 0.53125 0.30288461538461536 0.1875 0.08173076923076923
0 0.5 0.26322115384615385 0.125 0.08413461538461539
0 0.6454326923076923 0.3125 0.052884615384615384 0.08413461538461539
0 0.5444711538461539 0.38221153846153844 0.15144230769230768 0.11538461538461539
0 0.390625 0.41947115384615385 0.16826923076923078 0.11538461538461539
0 0.3954326923076923 0.3245192307692308 0.15625 0.09134615384615384
0 0.23197115384615385 0.32211538461538464 0.16105769230769232 0.11057692307692307
0 0.23677884615384615 0.45552884615384615 0.18269230769230768 0.1346153846153846
0 0.3485576923076923 0.5168269230769231 0.14423076923076922 0.11778846153846154
0 0.2548076923076923 0.5588942307692307 0.15625 0.09615384615384616
0 0.2920673076923077 0.6622596153846154 0.1875 0.11057692307692307
0 0.39903846153846156 0.6045673076923077 0.15144230769230768 0.10336538461538461
0 0.5024038461538461 0.515625 0.18269230769230768 0.15865384615384615
0 0.41947115384615385 0.7139423076923077 0.19230769230769232 0.12980769230769232
0 0.28846153846153844 0.7439903846153846 0.1201923076923077 0.0625
0 0.36177884615384615 0.8317307692307693 0.17307692307692307 0.11538461538461539
0 0.5132211538461539 0.8088942307692307 0.13942307692307693 0.11538461538461539
0 0.4266826923076923 0.9086538461538461 0.15625 0.10576923076923077
0 0.49759615384615385 0.9146634615384616 0.1201923076923077 0.10336538461538461
0 0.6117788461538461 0.8028846153846154 0.0673076923076923 0.057692307692307696
0 0.5697115384615384 0.7403846153846154 0.1201923076923077 0.0673076923076923
0 0.546875 0.6778846153846154 0.07211538461538461 0.07211538461538461
0 0.6358173076923077 0.6009615384615384 0.14423076923076922 0.11778846153846154
0 0.6225961538461539 0.6826923076923077 0.07692307692307693 0.04567307692307692
0 0.7235576923076923 0.5853365384615384 0.04326923076923077 0.04807692307692308
0 0.6983173076923077 0.5072115384615384 0.14423076923076922 0.09134615384615384
0 0.6069711538461539 0.4639423076923077 0.0985576923076923 0.08173076923076923
0 0.6634615384615384 0.4050480769230769 0.0889423076923077 0.10096153846153846