0 0.3112980769230769 0.859375 0.17067307692307693 0.12740384615384615
0 0.5180288461538461 0.8942307692307693 0.14903846153846154 0.1346153846153846
0 0.9182692307692307 0.7824519230769231 0.15865384615384615 0.17067307692307693
0 0.8605769230769231 0.8653846153846154 0.10336538461538461 0.11538461538461539
0 0.765625 0.8353365384615384 0.18028846153846154 0.15144230769230768
0 0.5973557692307693 0.7860576923076923 0.17548076923076922 0.14903846153846154
0 0.6394230769230769 0.875 0.08173076923076923 0.05048076923076923
0 0.4206730769230769 0.7956730769230769 0.18028846153846154 0.08653846153846154
0 0.41225961538461536 0.7379807692307693 0.16346153846153846 0.13942307692307693
0 0.3112980769230769 0.6694711538461539 0.15865384615384615 0.14423076923076922
0 0.47716346153846156 0.640625 0.15865384615384615 0.12980769230769232
0 0.5492788461538461 0.5805288461538461 0.09615384615384616 0.08173076923076923
0 0.5252403846153846 0.7283653846153846 0.08173076923076923 0.08173076923076923
0 0.7163461538461539 0.7259615384615384 0.09134615384615384 0.09134615384615384
0 0.6466346153846154 0.6502403846153846 0.19230769230769232 0.14423076923076922
0 0.7992788461538461 0.5516826923076923 0.23557692307692307 0.1466346153846154
0 0.6189903846153846 0.4735576923076923 0.25721153846153844 0.14903846153846154
0 0.3942307692307692 0.5324519230769231 0.21153846153846154 0.16346153846153846
0 0.4254807692307692 0.3786057692307692 0.27403846153846156 0.1466346153846154
0 0.2548076923076923 0.3858173076923077 0.12980769230769232 0.13942307692307693
0 0.18028846153846154 0.49278846153846156 0.1971153846153846 0.1201923076923077
0 0.1778846153846154 0.8317307692307693 0.34615384615384615 0.2283653846153846
0 0.028846153846153848 0.6935096153846154 0.04807692307692308 0.1201923076923077
0 0.051682692307692304 0.7824519230769231 0.09134615384615384 0.0673076923076923
0 0.12139423076923077 0.5961538461538461 0.23076923076923078 0.38221153846153844
0 0.10336538461538461 0.36899038461538464 0.1346153846153846 0.1346153846153846
0 0.15264423076923078 0.328125 0.07692307692307693 0.125
0 0.3762019230769231 0.25721153846153844 0.1346153846153846 0.0889423076923077
0 0.32211538461538464 0.2920673076923077 0.07692307692307693 0.07211538461538461
0 0.2247596153846154 0.203125 0.22115384615384615 0.14423076923076922
0 0.23677884615384615 0.30528846153846156 0.10336538461538461 0.0625
0 0.09254807692307693 0.25721153846153844 0.10336538461538461 0.07211538461538461
0 0.09495192307692307 0.16826923076923078 0.1201923076923077 0.11057692307692307
0 0.22716346153846154 0.12980769230769232 0.14423076923076922 0.057692307692307696
0 0.38100961538461536 0.1814903846153846 0.10336538461538461 0.06971153846153846
0 0.47716346153846156 0.21634615384615385 0.13942307692307693 0.10817307692307693
0 0.4891826923076923 0.14903846153846154 0.11298076923076923 0.08173076923076923
0 0.5973557692307693 0.0985576923076923 0.10336538461538461 0.11057692307692307
0 0.5180288461538461 0.06009615384615385 0.1201923076923077 0.11057692307692307
0 0.39903846153846156 0.09615384615384616 0.1201923076923077 0.11538461538461539
0 0.3112980769230769 0.12139423076923077 0.057692307692307696 0.057692307692307696
0 0.2620192307692308 0.054086538461538464 0.16346153846153846 0.10336538461538461
0 0.1466346153846154 0.06610576923076923 0.1201923076923077 0.11538461538461539
0 0.39903846153846156 0.037259615384615384 0.1201923076923077 0.04326923076923077
0 0.8629807692307693 0.39903846153846156 0.25240384615384615 0.24278846153846154
0 0.8533653846153846 0.6526442307692307 0.20192307692307693 0.23076923076923078
0 0.8485576923076923 0.31971153846153844 0.2980769230769231 0.23557692307692307
0 0.8040865384615384 0.3088942307692308 0.27884615384615385 0.19230769230769232
0 0.8653846153846154 0.23918269230769232 0.17548076923076922 0.125
0 0.796875 0.25721153846153844 0.3870192307692308 0.28846153846153844
0 0.7704326923076923 0.22235576923076922 0.36538461538461536 0.25961538461538464
0 0.5829326923076923 0.38221153846153844 0.0625 0.0625
0 0.8762019230769231 0.09615384615384616 0.16346153846153846 0.10817307692307693
0 0.7067307692307693 0.22596153846153846 0.3605769230769231 0.20432692307692307
0 0.6935096153846154 0.16826923076923078 0.44711538461538464 0.28846153846153844
0 0.7295673076923077 0.10576923076923077 0.15865384615384615 0.12740384615384615
0 0.6466346153846154 0.1502403846153846 0.20192307692307693 0.16346153846153846