0 0.07451923076923077 0.8209134615384616 0.13942307692307693 0.1346153846153846
0 0.19831730769230768 0.7079326923076923 0.23076923076923078 0.18269230769230768
0 0.12860576923076922 0.23197115384615385 0.24759615384615385 0.24759615384615385
0 0.2860576923076923 0.8894230769230769 0.10817307692307693 0.0889423076923077
0 0.3629807692307692 0.9290865384615384 0.10817307692307693 0.0889423076923077
0 0.2932692307692308 0.9675480769230769 0.23557692307692307 0.057692307692307696
0 0.18509615384615385 0.9783653846153846 0.16346153846153846 0.036057692307692304
0 0.36538461538461536 0.8245192307692307 0.10336538461538461 0.0889423076923077
0 0.36538461538461536 0.8762019230769231 0.052884615384615384 0.02403846153846154
0 0.44350961538461536 0.8689903846153846 0.10336538461538461 0.08653846153846154
0 0.44350961538461536 0.9459134615384616 0.09134615384615384 0.0625
0 0.5793269230769231 0.9290865384615384 0.22115384615384615 0.1346153846153846
0 0.4411057692307692 0.9783653846153846 0.057692307692307696 0.036057692307692304
0 0.5288461538461539 0.8942307692307693 0.0673076923076923 0.0673076923076923
0 0.5180288461538461 0.8317307692307693 0.1201923076923077 0.0673076923076923
0 0.4170673076923077 0.7740384615384616 0.08173076923076923 0.05048076923076923
0 0.6213942307692307 0.8341346153846154 0.09615384615384616 0.10096153846153846
0 0.7884615384615384 0.8701923076923077 0.35096153846153844 0.25240384615384615
0 0.8629807692307693 0.8557692307692307 0.20192307692307693 0.09615384615384616
0 0.4230769230769231 0.2512019230769231 0.23557692307692307 0.19230769230769232
0 0.3737980769230769 0.4338942307692308 0.12980769230769232 0.08173076923076923
0 0.3557692307692308 0.5 0.08173076923076923 0.07211538461538461
0 0.5228365384615384 0.6682692307692307 0.42788461538461536 0.2692307692307692
0 0.43028846153846156 0.4651442307692308 0.10817307692307693 0.0889423076923077
0 0.44591346153846156 0.5348557692307693 0.07692307692307693 0.04326923076923077
0 0.3425480769230769 0.375 0.07692307692307693 0.04807692307692308
0 0.4326923076923077 0.3786057692307692 0.10336538461538461 0.06971153846153846
0 0.5204326923076923 0.49399038461538464 0.1346153846153846 0.07692307692307693
0 0.5408653846153846 0.5348557692307693 0.10336538461538461 0.0673076923076923
0 0.5 0.4206730769230769 0.11298076923076923 0.07692307692307693
0 0.5252403846153846 0.36899038461538464 0.09134615384615384 0.0673076923076923
0 0.6081730769230769 0.4423076923076923 0.10336538461538461 0.08173076923076923
0 0.6442307692307693 0.5192307692307693 0.10336538461538461 0.07211538461538461
0 0.6526442307692307 0.5216346153846154 0.1201923076923077 0.10817307692307693
0 0.7091346153846154 0.45913461538461536 0.09615384615384616 0.11538461538461539
0 0.6466346153846154 0.3798076923076923 0.14903846153846154 0.057692307692307696
0 0.6105769230769231 0.2956730769230769 0.21153846153846154 0.1346153846153846
0 0.6466346153846154 0.08533653846153846 0.10817307692307693 0.08653846153846154
0 0.546875 0.1971153846153846 0.08173076923076923 0.06971153846153846
0 0.35096153846153844 0.01201923076923077 0.10336538461538461 0.02403846153846154
0 0.8040865384615384 0.5120192307692307 0.14423076923076922 0.057692307692307696
0 0.7295673076923077 0.5793269230769231 0.27403846153846156 0.10817307692307693
0 0.7728365384615384 0.45913461538461536 0.10336538461538461 0.038461538461538464
0 0.9086538461538461 0.6009615384615384 0.1778846153846154 0.2644230769230769
0 0.8978365384615384 0.39783653846153844 0.19951923076923078 0.17067307692307693
0 0.8557692307692307 0.29927884615384615 0.15384615384615385 0.17307692307692307
0 0.7475961538461539 0.3954326923076923 0.125 0.0889423076923077
0 0.7475961538461539 0.3161057692307692 0.15384615384615385 0.13942307692307693
0 0.8064903846153846 0.17427884615384615 0.18028846153846154 0.16346153846153846
0 0.7848557692307693 0.054086538461538464 0.19951923076923078 0.10336538461538461
0 0.6286057692307693 0.021634615384615384 0.10336538461538461 0.04326923076923077
0 0.7067307692307693 0.11057692307692307 0.09134615384615384 0.09615384615384616
0 0.71875 0.1875 0.057692307692307696 0.1201923076923077
0 0.6754807692307693 0.17908653846153846 0.09134615384615384 0.09615384615384616
0 0.6153846153846154 0.1814903846153846 0.07692307692307693 0.10096153846153846
0 0.5829326923076923 0.1971153846153846 0.08173076923076923 0.07692307692307693
0 0.5360576923076923 0.021634615384615384 0.16346153846153846 0.04326923076923077
0 0.5649038461538461 0.10576923076923077 0.0673076923076923 0.1201923076923077
0 0.4951923076923077 0.1045673076923077 0.07211538461538461 0.125
0 0.4411057692307692 0.078125 0.0889423076923077 0.15144230769230768
0 0.35336538461538464 0.042067307692307696 0.1201923076923077 0.0625
0 0.36538461538461536 0.11778846153846154 0.1346153846153846 0.0889423076923077