0 0.22115384615384615 0.33413461538461536 0.17548076923076922 0.375
0 0.08533653846153846 0.3125 0.13942307692307693 0.15384615384615385
0 0.11057692307692307 0.20793269230769232 0.21153846153846154 0.19230769230769232
0 0.2704326923076923 0.1310096153846154 0.08653846153846154 0.0625
0 0.35096153846153844 0.1875 0.14423076923076922 0.1971153846153846
0 0.43028846153846156 0.2800480769230769 0.25240384615384615 0.2283653846153846
0 0.3557692307692308 0.4423076923076923 0.16346153846153846 0.15865384615384615
0 0.48197115384615385 0.43028846153846156 0.20192307692307693 0.25
0 0.5564903846153846 0.2764423076923077 0.18509615384615385 0.21153846153846154
0 0.6550480769230769 0.14423076923076922 0.21634615384615385 0.08173076923076923
0 0.48197115384615385 0.13701923076923078 0.12980769230769232 0.07211538461538461
0 0.8701923076923077 0.19230769230769232 0.2548076923076923 0.15384615384615385
0 0.78125 0.2932692307692308 0.34615384615384615 0.11538461538461539
0 0.6670673076923077 0.34375 0.0673076923076923 0.0625
0 0.8449519230769231 0.4014423076923077 0.3076923076923077 0.125
0 0.9254807692307693 0.35096153846153844 0.13942307692307693 0.07692307692307693
0 0.8269230769230769 0.5036057692307693 0.10817307692307693 0.10576923076923077
0 0.6826923076923077 0.45913461538461536 0.19230769230769232 0.16826923076923078
0 0.6033653846153846 0.5120192307692307 0.08173076923076923 0.057692307692307696
0 0.7367788461538461 0.5697115384615384 0.14423076923076922 0.12740384615384615
0 0.6346153846153846 0.5709134615384616 0.08173076923076923 0.10817307692307693
0 0.48197115384615385 0.5769230769230769 0.31490384615384615 0.1201923076923077
0 0.203125 0.6009615384615384 0.24278846153846154 0.21153846153846154
0 0.09735576923076923 0.5372596153846154 0.1346153846153846 0.06971153846153846
0 0.19591346153846154 0.6502403846153846 0.2692307692307692 0.09615384615384616
0 0.11057692307692307 0.5889423076923077 0.057692307692307696 0.04326923076923077
0 0.18269230769230768 0.7355769230769231 0.12980769230769232 0.08173076923076923
0 0.27283653846153844 0.7896634615384616 0.10336538461538461 0.07211538461538461
0 0.3173076923076923 0.7331730769230769 0.14903846153846154 0.09134615384615384
0 0.4411057692307692 0.7644230769230769 0.14903846153846154 0.06971153846153846
0 0.44591346153846156 0.6887019230769231 0.31490384615384615 0.1201923076923077
0 0.49278846153846156 0.6814903846153846 0.19230769230769232 0.09615384615384616
0 0.6189903846153846 0.6838942307692307 0.125 0.11538461538461539
0 0.6057692307692307 0.7836538461538461 0.20192307692307693 0.10096153846153846
0 0.7548076923076923 0.7680288461538461 0.10817307692307693 0.0625
0 0.7836538461538461 0.6622596153846154 0.1971153846153846 0.1971153846153846
0 0.8245192307692307 0.5697115384615384 0.07211538461538461 0.057692307692307696
0 0.9891826923076923 0.7127403846153846 0.019230769230769232 0.03365384615384615
0 0.9675480769230769 0.6430288461538461 0.06009615384615385 0.10817307692307693
0 0.9927884615384616 0.5745192307692307 0.009615384615384616 0.02403846153846154