0 0.33774038461538464 0.2824519230769231 0.20192307692307693 0.21634615384615385
0 0.49759615384615385 0.15865384615384615 0.19230769230769232 0.09134615384615384
0 0.453125 0.22355769230769232 0.07211538461538461 0.04807692307692308
0 0.3762019230769231 0.21995192307692307 0.22596153846153846 0.4326923076923077
0 0.4411057692307692 0.24759615384615385 0.24278846153846154 0.3076923076923077
0 0.5360576923076923 0.4206730769230769 0.08173076923076923 0.0625
0 0.5949519230769231 0.3918269230769231 0.04807692307692308 0.05048076923076923
0 0.5925480769230769 0.4483173076923077 0.03125 0.038461538461538464
0 0.5540865384615384 0.4651442307692308 0.04807692307692308 0.03365384615384615
0 0.48677884615384615 0.36538461538461536 0.057692307692307696 0.0673076923076923
0 0.4050480769230769 0.4206730769230769 0.09615384615384616 0.07692307692307693
0 0.43509615384615385 0.4807692307692308 0.15865384615384615 0.10576923076923077
0 0.3293269230769231 0.4170673076923077 0.040865384615384616 0.052884615384615384
0 0.33533653846153844 0.49038461538461536 0.0625 0.13942307692307693
0 0.36899038461538464 0.5 0.0673076923076923 0.12740384615384615
0 0.3581730769230769 0.5769230769230769 0.02403846153846154 0.0673076923076923
0 0.3401442307692308 0.5925480769230769 0.03125 0.05048076923076923
0 0.3557692307692308 0.6274038461538461 0.019230769230769232 0.03365384615384615
0 0.3293269230769231 0.640625 0.03125 0.038461538461538464
0 0.49278846153846156 0.5576923076923077 0.17067307692307693 0.1875
0 0.5769230769230769 0.5564903846153846 0.052884615384615384 0.052884615384615384
0 0.5745192307692307 0.546875 0.09615384615384616 0.18269230769230768
0 0.5901442307692307 0.6694711538461539 0.04807692307692308 0.07211538461538461
0 0.5492788461538461 0.6658653846153846 0.04807692307692308 0.07211538461538461
0 0.5132211538461539 0.6838942307692307 0.07692307692307693 0.08653846153846154
0 0.5673076923076923 0.7295673076923077 0.10336538461538461 0.06971153846153846
0 0.5925480769230769 0.7475961538461539 0.052884615384615384 0.03365384615384615
0 0.5901442307692307 0.7740384615384616 0.0673076923076923 0.05048076923076923
0 0.546875 0.7067307692307693 0.040865384615384616 0.16826923076923078
0 0.47716346153846156 0.7139423076923077 0.0673076923076923 0.09134615384615384
0 0.32211538461538464 0.7331730769230769 0.20192307692307693 0.18509615384615385
0 0.6778846153846154 0.9230769230769231 0.47115384615384615 0.14903846153846154
0 0.46875 0.8209134615384616 0.09134615384615384 0.14903846153846154
0 0.43509615384615385 0.65625 0.10817307692307693 0.18509615384615385