0 0.22956730769230768 0.5733173076923077 0.45913461538461536 0.4423076923076923
0 0.3557692307692308 0.4579326923076923 0.3076923076923077 0.5384615384615384
0 0.49278846153846156 0.4014423076923077 0.09615384615384616 0.16826923076923078
0 0.5853365384615384 0.5516826923076923 0.21153846153846154 0.5096153846153846
0 0.7067307692307693 0.5853365384615384 0.125 0.32211538461538464
0 0.7632211538461539 0.4519230769230769 0.17548076923076922 0.3245192307692308
4 0.13701923076923078 0.14423076923076922 0.27403846153846156 0.28365384615384615
4 0.11057692307692307 0.37259615384615385 0.22115384615384615 0.1658653846153846
4 0.17067307692307693 0.6526442307692307 0.34134615384615385 0.34134615384615385
4 0.3762019230769231 0.8978365384615384 0.7524038461538461 0.1971153846153846
4 0.6394230769230769 0.7860576923076923 0.2692307692307692 0.07211538461538461
4 0.8377403846153846 0.4206730769230769 0.17067307692307693 0.3798076923076923
4 0.8245192307692307 0.6658653846153846 0.1346153846153846 0.11057692307692307
4 0.6490384615384616 0.2668269230769231 0.2692307692307692 0.1466346153846154
4 0.5913461538461539 0.0985576923076923 0.8125 0.19230769230769232
4 0.46875 0.2608173076923077 0.15384615384615385 0.15865384615384615
4 0.18269230769230768 0.3473557692307692 0.10817307692307693 0.11538461538461539
4 0.2548076923076923 0.43028846153846156 0.07692307692307693 0.11057692307692307
4 0.9278846153846154 0.38822115384615385 0.1346153846153846 0.46634615384615385
4 0.7932692307692307 0.21754807692307693 0.14423076923076922 0.057692307692307696
4 0.7475961538461539 0.8978365384615384 0.3293269230769231 0.1971153846153846
4 0.8449519230769231 0.7584134615384616 0.17548076923076922 0.09615384615384616
4 0.8810096153846154 0.6911057692307693 0.16346153846153846 0.052884615384615384
4 0.9387019230769231 0.6430288461538461 0.09134615384615384 0.04326923076923077