0 0.4338942307692308 0.4362980769230769 0.1875 0.3629807692307692
0 0.2403846153846154 0.47596153846153844 0.11057692307692307 0.28365384615384615
0 0.5132211538461539 0.5637019230769231 0.14903846153846154 0.33653846153846156
0 0.4098557692307692 0.7211538461538461 0.125 0.23557692307692307
0 0.6598557692307693 0.6911057692307693 0.13942307692307693 0.1875
0 0.5516826923076923 0.234375 0.1346153846153846 0.21634615384615385
0 0.7355769230769231 0.34615384615384615 0.09134615384615384 0.23557692307692307
0 0.4699519230769231 0.921875 0.0889423076923077 0.15144230769230768
0 0.6105769230769231 0.8786057692307693 0.12980769230769232 0.1201923076923077
0 0.35697115384615385 0.859375 0.12980769230769232 0.1875
0 0.3293269230769231 0.7283653846153846 0.05048076923076923 0.10096153846153846
0 0.3004807692307692 0.7019230769230769 0.07211538461538461 0.13942307692307693
0 0.3545673076923077 0.5841346153846154 0.06490384615384616 0.14903846153846154
0 0.2920673076923077 0.5132211538461539 0.10096153846153846 0.28846153846153844
0 0.30649038461538464 0.3786057692307692 0.09615384615384616 0.18269230769230768
0 0.22716346153846154 0.3786057692307692 0.07692307692307693 0.20673076923076922
0 0.28365384615384615 0.2512019230769231 0.04807692307692308 0.07211538461538461
0 0.3389423076923077 0.21153846153846154 0.11778846153846154 0.06009615384615385
0 0.3713942307692308 0.28846153846153844 0.15865384615384615 0.21634615384615385
0 0.4723557692307692 0.23798076923076922 0.06490384615384616 0.19471153846153846
0 0.5516826923076923 0.3762019230769231 0.09615384615384616 0.10576923076923077
0 0.6730769230769231 0.33533653846153844 0.0889423076923077 0.2548076923076923
0 0.6057692307692307 0.44350961538461536 0.10336538461538461 0.1875
0 0.6189903846153846 0.265625 0.09615384615384616 0.20673076923076922
0 0.6370192307692307 0.6274038461538461 0.15865384615384615 0.22115384615384615
0 0.71875 0.5504807692307693 0.057692307692307696 0.16105769230769232
0 0.7800480769230769 0.47596153846153844 0.04326923076923077 0.2283653846153846
0 0.7596153846153846 0.640625 0.08653846153846154 0.06009615384615385
0 0.7463942307692307 0.7247596153846154 0.09615384615384616 0.0673076923076923
0 0.7019230769230769 0.7980769230769231 0.08173076923076923 0.1346153846153846
0 0.640625 0.7956730769230769 0.03365384615384615 0.04807692307692308
0 0.6057692307692307 0.8149038461538461 0.04326923076923077 0.07211538461538461
0 0.5625 0.7824519230769231 0.0673076923076923 0.07211538461538461
0 0.5012019230769231 0.8088942307692307 0.08173076923076923 0.12740384615384615
2 0.5048076923076923 0.5024038461538461 0.7644230769230769 0.9903846153846154