0 0.3293269230769231 0.5552884615384616 0.0985576923076923 0.13942307692307693
0 0.7151442307692307 0.5024038461538461 0.07451923076923077 0.08653846153846154
0 0.6310096153846154 0.59375 0.04807692307692308 0.04807692307692308
0 0.6262019230769231 0.6490384615384616 0.4014423076923077 0.04807692307692308
0 0.8786057692307693 0.6021634615384616 0.22596153846153846 0.0889423076923077
0 0.8317307692307693 0.48677884615384615 0.3269230769230769 0.10576923076923077
0 0.8786057692307693 0.36778846153846156 0.23317307692307693 0.13221153846153846
0 0.8413461538461539 0.17908653846153846 0.21634615384615385 0.3485576923076923
0 0.953125 0.15745192307692307 0.08413461538461539 0.3076923076923077
0 0.953125 0.11899038461538461 0.08413461538461539 0.23076923076923078
0 0.7848557692307693 0.6959134615384616 0.4206730769230769 0.0985576923076923
0 0.7475961538461539 0.7512019230769231 0.1201923076923077 0.11538461538461539
0 0.8545673076923077 0.8473557692307693 0.15865384615384615 0.1875
0 0.6045673076923077 0.7920673076923077 0.44471153846153844 0.4110576923076923
0 0.8473557692307693 0.9771634615384616 0.11298076923076923 0.040865384615384616
0 0.5168269230769231 0.4639423076923077 0.25721153846153844 0.24519230769230768
0 0.65625 0.20192307692307693 0.21153846153846154 0.3870192307692308
0 0.6430288461538461 0.09134615384615384 0.14423076923076922 0.17307692307692307
0 0.5492788461538461 0.23557692307692307 0.3317307692307692 0.15865384615384615
0 0.5673076923076923 0.0829326923076923 0.125 0.15865384615384615
0 0.390625 0.09375 0.3125 0.10096153846153846
0 0.43028846153846156 0.036057692307692304 0.1778846153846154 0.0625
0 0.2548076923076923 0.5528846153846154 0.16346153846153846 0.6634615384615384
0 0.2644230769230769 0.3557692307692308 0.17307692307692307 0.13942307692307693
0 0.32211538461538464 0.7980769230769231 0.33653846153846156 0.22596153846153846
0 0.31490384615384615 0.7596153846153846 0.16346153846153846 0.35336538461538464
0 0.14903846153846154 0.5997596153846154 0.22596153846153846 0.31490384615384615
0 0.10096153846153846 0.5913461538461539 0.20192307692307693 0.1778846153846154
0 0.09014423076923077 0.5396634615384616 0.17548076923076922 0.11778846153846154
0 0.10697115384615384 0.40384615384615385 0.2091346153846154 0.19230769230769232
0 0.11658653846153846 0.25721153846153844 0.2283653846153846 0.15384615384615385
0 0.18028846153846154 0.12379807692307693 0.23076923076923078 0.23798076923076922
0 0.06490384615384616 0.8353365384615384 0.125 0.07451923076923077
0 0.4987980769230769 0.5504807692307693 0.9927884615384616 0.41346153846153844
0 0.49278846153846156 0.47836538461538464 0.8557692307692307 0.9495192307692307
0 0.6009615384615384 0.9603365384615384 0.6057692307692307 0.07451923076923077