0 0.6838942307692307 0.5673076923076923 0.15384615384615385 0.3293269230769231
0 0.7584134615384616 0.6189903846153846 0.08173076923076923 0.2980769230769231
0 0.8317307692307693 0.6574519230769231 0.0889423076923077 0.3245192307692308
0 0.7067307692307693 0.7451923076923077 0.08653846153846154 0.20192307692307693
0 0.6237980769230769 0.7247596153846154 0.0889423076923077 0.36538461538461536
0 0.5288461538461539 0.5901442307692307 0.16826923076923078 0.375
0 0.5673076923076923 0.47115384615384615 0.06971153846153846 0.21153846153846154
0 0.4495192307692308 0.6153846153846154 0.20432692307692307 0.33653846153846156
0 0.41466346153846156 0.7115384615384616 0.12740384615384615 0.2692307692307692
0 0.5324519230769231 0.9050480769230769 0.18509615384615385 0.18028846153846154
0 0.2704326923076923 0.6310096153846154 0.1778846153846154 0.39663461538461536
0 0.171875 0.6490384615384616 0.0673076923076923 0.1346153846153846
0 0.09014423076923077 0.7451923076923077 0.08173076923076923 0.2932692307692308
0 0.19591346153846154 0.2403846153846154 0.3918269230769231 0.4807692307692308
0 0.1045673076923077 0.296875 0.20673076923076922 0.5913461538461539
0 0.375 0.15745192307692307 0.20673076923076922 0.31490384615384615
0 0.546875 0.20673076923076922 0.23557692307692307 0.41346153846153844
0 0.5408653846153846 0.4206730769230769 0.125 0.20192307692307693
0 0.5540865384615384 0.2091346153846154 0.25961538461538464 0.4182692307692308
0 0.7824519230769231 0.24519230769230768 0.40384615384615385 0.49038461538461536
0 0.9014423076923077 0.36899038461538464 0.1875 0.19230769230769232