0 0.18509615384615385 0.4579326923076923 0.08173076923076923 0.038461538461538464
0 0.15384615384615385 0.29447115384615385 0.09134615384615384 0.04807692307692308
0 0.140625 0.37740384615384615 0.07692307692307693 0.08173076923076923
0 0.11778846153846154 0.17668269230769232 0.0625 0.0673076923076923
0 0.06370192307692307 0.14783653846153846 0.09615384615384616 0.04807692307692308
0 0.09014423076923077 0.05048076923076923 0.09615384615384616 0.052884615384615384
0 0.02283653846153846 0.1201923076923077 0.04567307692307692 0.052884615384615384
0 0.028846153846153848 0.21875 0.057692307692307696 0.07211538461538461
0 0.09254807692307693 0.26322115384615385 0.052884615384615384 0.0625
0 0.054086538461538464 0.3076923076923077 0.09615384615384616 0.05048076923076923
0 0.06129807692307692 0.36778846153846156 0.08173076923076923 0.052884615384615384
0 0.07932692307692307 0.4230769230769231 0.09615384615384616 0.052884615384615384
0 0.09014423076923077 0.4651442307692308 0.08653846153846154 0.04807692307692308
0 0.1201923076923077 0.5252403846153846 0.057692307692307696 0.057692307692307696
0 0.06610576923076923 0.5228365384615384 0.052884615384615384 0.06971153846153846
0 0.10216346153846154 0.5769230769230769 0.0625 0.04807692307692308
0 0.09975961538461539 0.6370192307692307 0.08653846153846154 0.057692307692307696
0 0.12860576923076922 0.6899038461538461 0.08173076923076923 0.038461538461538464
0 0.09735576923076923 0.7439903846153846 0.07211538461538461 0.04807692307692308
0 0.03125 0.7319711538461539 0.0625 0.02403846153846154
0 0.018028846153846152 0.6826923076923077 0.036057692307692304 0.038461538461538464
0 0.036057692307692304 0.6478365384615384 0.03125 0.052884615384615384
0 0.03125 0.6971153846153846 0.0625 0.038461538461538464
0 0.07932692307692307 0.7115384615384616 0.04567307692307692 0.03365384615384615
0 0.015625 0.6201923076923077 0.03125 0.0625
0 0.040865384615384616 0.5793269230769231 0.052884615384615384 0.057692307692307696
0 0.020432692307692308 0.5228365384615384 0.040865384615384616 0.06971153846153846
0 0.020432692307692308 0.4651442307692308 0.040865384615384616 0.04807692307692308
0 0.026442307692307692 0.4266826923076923 0.052884615384615384 0.05048076923076923
0 0.020432692307692308 0.3870192307692308 0.040865384615384616 0.04807692307692308
0 0.013221153846153846 0.3389423076923077 0.02403846153846154 0.04326923076923077
0 0.15865384615384615 0.9471153846153846 0.09134615384615384 0.05048076923076923
0 0.31850961538461536 0.9579326923076923 0.07211538461538461 0.04807692307692308
0 0.3329326923076923 0.8233173076923077 0.08173076923076923 0.03365384615384615
0 0.3894230769230769 0.8377403846153846 0.0625 0.04807692307692308
0 0.4254807692307692 0.8774038461538461 0.07211538461538461 0.03365384615384615
0 0.4387019230769231 0.7908653846153846 0.057692307692307696 0.04807692307692308
0 0.4050480769230769 0.75 0.040865384615384616 0.04326923076923077
0 0.39783653846153844 0.7151442307692307 0.0673076923076923 0.028846153846153848
0 0.4182692307692308 0.6742788461538461 0.0673076923076923 0.04807692307692308
0 0.4723557692307692 0.6514423076923077 0.052884615384615384 0.06971153846153846
0 0.5360576923076923 0.5973557692307693 0.057692307692307696 0.04807692307692308
0 0.5877403846153846 0.6081730769230769 0.0673076923076923 0.052884615384615384
0 0.5817307692307693 0.5348557692307693 0.07692307692307693 0.038461538461538464
0 0.8353365384615384 0.6262019230769231 0.07211538461538461 0.05048076923076923
0 0.9050480769230769 0.7307692307692307 0.0673076923076923 0.057692307692307696
0 0.5588942307692307 0.7319711538461539 0.07211538461538461 0.04807692307692308
0 0.45913461538461536 0.7572115384615384 0.04567307692307692 0.05048076923076923
0 0.5024038461538461 0.7788461538461539 0.052884615384615384 0.052884615384615384
0 0.5432692307692307 0.8473557692307693 0.0625 0.05048076923076923
0 0.5612980769230769 0.796875 0.057692307692307696 0.057692307692307696
0 0.5516826923076923 0.9086538461538461 0.07692307692307693 0.04326923076923077
0 0.5697115384615384 0.9471153846153846 0.08173076923076923 0.036057692307692304
0 0.7920673076923077 0.8870192307692307 0.40384615384615385 0.21875
0 0.1658653846153846 0.13942307692307693 0.3317307692307692 0.27403846153846156
0 0.19471153846153846 0.7379807692307693 0.3894230769230769 0.5144230769230769
0 0.4387019230769231 0.8822115384615384 0.3942307692307692 0.2283653846153846
0 0.5024038461538461 0.052884615384615384 0.2764423076923077 0.10576923076923077
0 0.8569711538461539 0.4230769230769231 0.10096153846153846 0.052884615384615384
0 0.7439903846153846 0.4206730769230769 0.052884615384615384 0.0673076923076923
0 0.8149038461538461 0.3545673076923077 0.0625 0.04326923076923077
0 0.9230769230769231 0.3641826923076923 0.0625 0.07692307692307693
0 0.8978365384615384 0.30649038461538464 0.08173076923076923 0.04807692307692308
0 0.9002403846153846 0.25240384615384615 0.08653846153846154 0.06971153846153846
0 0.9639423076923077 0.27884615384615385 0.0625 0.07692307692307693
0 0.9747596153846154 0.2091346153846154 0.040865384615384616 0.052884615384615384
0 0.9435096153846154 0.18629807692307693 0.08173076923076923 0.07692307692307693
0 0.828125 0.14543269230769232 0.0673076923076923 0.057692307692307696
0 0.6923076923076923 0.45913461538461536 0.052884615384615384 0.05048076923076923
0 0.7199519230769231 0.046875 0.0673076923076923 0.07692307692307693
0 0.6766826923076923 0.0985576923076923 0.07211538461538461 0.0673076923076923
0 0.6286057692307693 0.15745192307692307 0.12980769230769232 0.08173076923076923
0 0.8725961538461539 0.04447115384615385 0.07692307692307693 0.08413461538461539
0 0.7920673076923077 0.08774038461538461 0.11778846153846154 0.07211538461538461
0 0.8028846153846154 0.2824519230769231 0.11778846153846154 0.052884615384615384
0 0.6286057692307693 0.25721153846153844 0.057692307692307696 0.0673076923076923
0 0.4891826923076923 0.21514423076923078 0.07692307692307693 0.0889423076923077
0 0.5336538461538461 0.3737980769230769 0.10096153846153846 0.05048076923076923
0 0.9002403846153846 0.5625 0.057692307692307696 0.06971153846153846
0 0.7259615384615384 0.24639423076923078 0.5384615384615384 0.47596153846153844
0 0.7199519230769231 0.6670673076923077 0.5480769230769231 0.40384615384615385
0 0.33653846153846156 0.04447115384615385 0.17307692307692307 0.08413461538461539
0 0.36899038461538464 0.38341346153846156 0.4206730769230769 0.5673076923076923
0 0.5252403846153846 0.29086538461538464 0.04567307692307692 0.052884615384615384
0 0.47716346153846156 0.2980769230769231 0.052884615384615384 0.0625
0 0.4567307692307692 0.2620192307692308 0.052884615384615384 0.057692307692307696
0 0.44350961538461536 0.3076923076923077 0.057692307692307696 0.05048076923076923
0 0.4230769230769231 0.3317307692307692 0.07692307692307693 0.057692307692307696
0 0.39783653846153844 0.28725961538461536 0.057692307692307696 0.052884615384615384
0 0.4050480769230769 0.23798076923076922 0.0625 0.05048076923076923
0 0.35697115384615385 0.25600961538461536 0.057692307692307696 0.052884615384615384
0 0.35697115384615385 0.20192307692307693 0.0673076923076923 0.038461538461538464
0 0.4254807692307692 0.203125 0.0625 0.04326923076923077
0 0.3954326923076923 0.16706730769230768 0.07211538461538461 0.038461538461538464
0 0.38221153846153844 0.13221153846153846 0.0673076923076923 0.04807692307692308