0 0.6045673076923077 0.5 0.5456730769230769 0.9951923076923077
0 0.2127403846153846 0.3112980769230769 0.23076923076923078 0.6153846153846154
0 0.07091346153846154 0.2704326923076923 0.12980769230769232 0.5336538461538461
0 0.07451923076923077 0.6370192307692307 0.13942307692307693 0.7211538461538461
0 0.17427884615384615 0.8305288461538461 0.27403846153846156 0.33653846153846156
0 0.32211538461538464 0.7800480769230769 0.3269230769230769 0.39663461538461536
0 0.3894230769230769 0.9435096153846154 0.21153846153846154 0.10817307692307693
0 0.5168269230769231 0.8209134615384616 0.4230769230769231 0.35336538461538464
0 0.6177884615384616 0.6838942307692307 0.0985576923076923 0.24759615384615385
0 0.8137019230769231 0.6057692307692307 0.3701923076923077 0.3894230769230769
0 0.7596153846153846 0.4230769230769231 0.3389423076923077 0.4110576923076923
0 0.71875 0.3076923076923077 0.2692307692307692 0.22115384615384615
0 0.8810096153846154 0.3485576923076923 0.23317307692307693 0.3076923076923077
0 0.9170673076923077 0.15504807692307693 0.16105769230769232 0.30528846153846156
0 0.7271634615384616 0.15504807692307693 0.20673076923076922 0.30288461538461536
0 0.5733173076923077 0.09975961538461539 0.16346153846153846 0.19230769230769232
0 0.9399038461538461 0.8930288461538461 0.1201923076923077 0.2091346153846154
0 0.7776442307692307 0.7980769230769231 0.21394230769230768 0.39903846153846156