0 0.33533653846153844 0.33653846153846156 0.21394230769230768 0.2644230769230769
0 0.18269230769230768 0.4795673076923077 0.3605769230769231 0.375
0 0.12379807692307693 0.7295673076923077 0.2403846153846154 0.3557692307692308
0 0.30288461538461536 0.7860576923076923 0.1778846153846154 0.2692307692307692
0 0.3858173076923077 0.6742788461538461 0.19230769230769232 0.22355769230769232
0 0.390625 0.65625 0.27884615384615385 0.36538461538461536
0 0.5204326923076923 0.46875 0.2692307692307692 0.3557692307692308
0 0.5769230769230769 0.24278846153846154 0.20673076923076922 0.15144230769230768
0 0.8149038461538461 0.35697115384615385 0.2692307692307692 0.2860576923076923
0 0.6694711538461539 0.5697115384615384 0.2692307692307692 0.3701923076923077
0 0.5444711538461539 0.828125 0.23317307692307693 0.25961538461538464
0 0.7980769230769231 0.7704326923076923 0.27403846153846156 0.2692307692307692
0 0.9146634615384616 0.5913461538461539 0.1658653846153846 0.2980769230769231
0 0.9158653846153846 0.8137019230769231 0.16346153846153846 0.23317307692307693