0 0.5564903846153846 0.8088942307692307 0.2403846153846154 0.1875
0 0.5612980769230769 0.7259615384615384 0.2620192307692308 0.125
0 0.4362980769230769 0.4098557692307692 0.16346153846153846 0.3942307692307692
0 0.4483173076923077 0.5889423076923077 0.2403846153846154 0.1971153846153846
0 0.6153846153846154 0.49038461538461536 0.09134615384615384 0.24759615384615385
0 0.5612980769230769 0.5384615384615384 0.09615384615384616 0.0889423076923077
0 0.5276442307692307 0.6310096153846154 0.09134615384615384 0.09615384615384616
0 0.6694711538461539 0.5661057692307693 0.036057692307692304 0.08173076923076923
0 0.5661057692307693 0.4423076923076923 0.09615384615384616 0.1201923076923077
0 0.5588942307692307 0.3473557692307692 0.08173076923076923 0.10817307692307693
0 0.640625 0.33052884615384615 0.08173076923076923 0.1346153846153846
0 0.5132211538461539 0.18509615384615385 0.16346153846153846 0.20673076923076922
0 0.6538461538461539 0.22956730769230768 0.09615384615384616 0.14423076923076922
5 0.7620192307692307 0.6346153846153846 0.38461538461538464 0.07211538461538461
5 0.45913461538461536 0.47716346153846156 0.5480769230769231 0.8701923076923077