0 0.7127403846153846 0.8521634615384616 0.33653846153846156 0.28365384615384615
0 0.765625 0.7451923076923077 0.3173076923076923 0.38461538461538464
0 0.7560096153846154 0.484375 0.27403846153846156 0.34134615384615385
0 0.828125 0.3173076923076923 0.25961538461538464 0.27163461538461536
0 0.7896634615384616 0.19230769230769232 0.2403846153846154 0.18269230769230768
0 0.7620192307692307 0.06971153846153846 0.14182692307692307 0.12740384615384615
0 0.8161057692307693 0.04807692307692308 0.19951923076923078 0.09134615384615384
0 0.5973557692307693 0.028846153846153848 0.1778846153846154 0.057692307692307696
0 0.5649038461538461 0.10697115384615384 0.21153846153846154 0.1875
0 0.5372596153846154 0.22956730769230768 0.2764423076923077 0.25961538461538464
0 0.4891826923076923 0.47115384615384615 0.25 0.41346153846153844
0 0.3076923076923077 0.7415865384615384 0.30288461538461536 0.4519230769230769
0 0.20072115384615385 0.9122596153846154 0.2956730769230769 0.16346153846153846
0 0.04927884615384615 0.6189903846153846 0.0985576923076923 0.4206730769230769
0 0.15144230769230768 0.42427884615384615 0.30288461538461536 0.40865384615384615
0 0.2548076923076923 0.24519230769230768 0.28365384615384615 0.29086538461538464
0 0.29086538461538464 0.12620192307692307 0.21153846153846154 0.20192307692307693
0 0.35697115384615385 0.06009615384615385 0.1971153846153846 0.1201923076923077