0 0.8233173076923077 0.9435096153846154 0.18990384615384615 0.10576923076923077
0 0.9098557692307693 0.8942307692307693 0.16826923076923078 0.20673076923076922
0 0.9350961538461539 0.8882211538461539 0.1201923076923077 0.21634615384615385
0 0.9483173076923077 0.7692307692307693 0.09134615384615384 0.04326923076923077
0 0.9350961538461539 0.6995192307692307 0.1201923076923077 0.09375
0 0.9675480769230769 0.6574519230769231 0.052884615384615384 0.09134615384615384
0 0.7668269230769231 0.7692307692307693 0.2932692307692308 0.23557692307692307
0 0.6598557692307693 0.8737980769230769 0.5384615384615384 0.24519230769230768
0 0.5024038461538461 0.9483173076923077 0.10336538461538461 0.09615384615384616
0 0.2932692307692308 0.8822115384615384 0.3701923076923077 0.22115384615384615
0 0.08173076923076923 0.8882211538461539 0.16346153846153846 0.21634615384615385
0 0.1141826923076923 0.7271634615384616 0.2283653846153846 0.14423076923076922
0 0.3449519230769231 0.6826923076923077 0.35336538461538464 0.25961538461538464
0 0.4266826923076923 0.7752403846153846 0.1466346153846154 0.0985576923076923
0 0.5240384615384616 0.8497596153846154 0.15865384615384615 0.10096153846153846
0 0.6117788461538461 0.7932692307692307 0.1346153846153846 0.07692307692307693
0 0.6875 0.7067307692307693 0.15865384615384615 0.09615384615384616
0 0.5408653846153846 0.7139423076923077 0.1466346153846154 0.11057692307692307
0 0.6033653846153846 0.6153846153846154 0.1971153846153846 0.11057692307692307
0 0.7740384615384616 0.5661057692307693 0.18990384615384615 0.07692307692307693
0 0.75 0.6466346153846154 0.18509615384615385 0.11298076923076923
0 0.8100961538461539 0.5625 0.09615384615384616 0.1201923076923077
0 0.9050480769230769 0.6153846153846154 0.10336538461538461 0.07211538461538461
0 0.9290865384615384 0.5588942307692307 0.12980769230769232 0.08413461538461539
0 0.8774038461538461 0.5108173076923077 0.09134615384615384 0.04807692307692308
0 0.9483173076923077 0.5 0.09134615384615384 0.1201923076923077
0 0.8233173076923077 0.4338942307692308 0.20192307692307693 0.14423076923076922
0 0.6658653846153846 0.5060096153846154 0.20192307692307693 0.13221153846153846
0 0.5492788461538461 0.53125 0.07692307692307693 0.052884615384615384
0 0.48677884615384615 0.5588942307692307 0.09134615384615384 0.055288461538461536
0 0.3581730769230769 0.5240384615384616 0.20673076923076922 0.07211538461538461
0 0.24158653846153846 0.59375 0.15865384615384615 0.13221153846153846
0 0.08774038461538461 0.5949519230769231 0.17548076923076922 0.1466346153846154
0 0.010817307692307692 0.6370192307692307 0.021634615384615384 0.34375
0 0.17668269230769232 0.4254807692307692 0.35336538461538464 0.22115384615384615
0 0.36177884615384615 0.38461538461538464 0.10336538461538461 0.07211538461538461
0 0.39903846153846156 0.4266826923076923 0.1466346153846154 0.1346153846153846
0 0.5060096153846154 0.44711538461538464 0.1971153846153846 0.16105769230769232
0 0.6117788461538461 0.39903846153846156 0.22115384615384615 0.09615384615384616
0 0.9375 0.3737980769230769 0.11538461538461539 0.13221153846153846
0 0.8473557692307693 0.3389423076923077 0.052884615384615384 0.040865384615384616
0 0.7115384615384616 0.328125 0.1971153846153846 0.14423076923076922
0 0.43509615384615385 0.33653846153846156 0.3581730769230769 0.057692307692307696
0 0.4483173076923077 0.2824519230769231 0.34134615384615385 0.08173076923076923
0 0.2668269230769231 0.30408653846153844 0.27163461538461536 0.057692307692307696
0 0.2668269230769231 0.2403846153846154 0.18509615384615385 0.07692307692307693
0 0.4026442307692308 0.21754807692307693 0.34615384615384615 0.10576923076923077
0 0.6442307692307693 0.24158653846153846 0.08173076923076923 0.052884615384615384
0 0.6682692307692307 0.25841346153846156 0.10817307692307693 0.0625
0 0.7415865384615384 0.19471153846153846 0.08173076923076923 0.057692307692307696
0 0.7776442307692307 0.15745192307692307 0.052884615384615384 0.036057692307692304
0 0.8762019230769231 0.06971153846153846 0.24278846153846154 0.1346153846153846
0 0.8725961538461539 0.19831730769230768 0.24519230769230768 0.25
0 0.5805288461538461 0.11538461538461539 0.4014423076923077 0.22596153846153846
0 0.45072115384615385 0.1045673076923077 0.04326923076923077 0.20192307692307693
0 0.4891826923076923 0.10576923076923077 0.10817307692307693 0.11778846153846154
0 0.17307692307692307 0.11177884615384616 0.34615384615384615 0.21875
0 0.3581730769230769 0.0985576923076923 0.14423076923076922 0.19230769230769232
0 0.046875 0.24759615384615385 0.09375 0.11538461538461539
0 0.16826923076923078 0.27163461538461536 0.14182692307692307 0.10096153846153846