0 0.08173076923076923 0.8810096153846154 0.15625 0.22596153846153846
0 0.01201923076923077 0.8545673076923077 0.016826923076923076 0.18509615384615385
0 0.08052884615384616 0.6454326923076923 0.15384615384615385 0.30288461538461536
0 0.052884615384615384 0.2692307692307692 0.10096153846153846 0.5336538461538461
0 0.020432692307692308 0.04567307692307692 0.036057692307692304 0.08653846153846154
0 0.09134615384615384 0.4074519230769231 0.11778846153846154 0.20673076923076922
0 0.07692307692307693 0.25600961538461536 0.07451923076923077 0.18990384615384615
0 0.1502403846153846 0.25 0.10096153846153846 0.18990384615384615
0 0.20673076923076922 0.4375 0.12740384615384615 0.23317307692307693
0 0.21153846153846154 0.6045673076923077 0.15625 0.20673076923076922
0 0.19110576923076922 0.8245192307692307 0.11057692307692307 0.20673076923076922
0 0.2548076923076923 0.6995192307692307 0.10336538461538461 0.18509615384615385
0 0.16466346153846154 0.7295673076923077 0.07692307692307693 0.10096153846153846
0 0.28365384615384615 0.7584134615384616 0.052884615384615384 0.11298076923076923
0 0.28966346153846156 0.9350961538461539 0.0673076923076923 0.1201923076923077
0 0.25841346153846156 0.9795673076923077 0.038461538461538464 0.028846153846153848
0 0.1971153846153846 0.9735576923076923 0.052884615384615384 0.04326923076923077
0 0.19831730769230768 0.9290865384615384 0.038461538461538464 0.04807692307692308
0 0.15625 0.9699519230769231 0.04807692307692308 0.04807692307692308
0 0.3485576923076923 0.8004807692307693 0.07692307692307693 0.3870192307692308
0 0.3233173076923077 0.6394230769230769 0.06009615384615385 0.13701923076923078
0 0.38461538461538464 0.5264423076923077 0.04326923076923077 0.10096153846153846
0 0.42788461538461536 0.6310096153846154 0.11057692307692307 0.16826923076923078
0 0.49158653846153844 0.7439903846153846 0.07692307692307693 0.1201923076923077
0 0.4519230769230769 0.8004807692307693 0.12980769230769232 0.17307692307692307
0 0.3954326923076923 0.8774038461538461 0.0625 0.125
0 0.46033653846153844 0.9134615384615384 0.08173076923076923 0.125
0 0.39302884615384615 0.9639423076923077 0.08173076923076923 0.06009615384615385
0 0.4579326923076923 0.9855769230769231 0.05048076923076923 0.019230769230769232
0 0.4735576923076923 0.8125 0.17307692307692307 0.24519230769230768
0 0.625 0.8245192307692307 0.14903846153846154 0.2548076923076923
0 0.5528846153846154 0.9459134615384616 0.10576923076923077 0.09615384615384616
0 0.5396634615384616 0.5540865384615384 0.1466346153846154 0.27403846153846156
0 0.4362980769230769 0.44591346153846156 0.11298076923076923 0.20192307692307693
0 0.35697115384615385 0.44350961538461536 0.04807692307692308 0.11298076923076923
0 0.3088942307692308 0.41947115384615385 0.05048076923076923 0.125
0 0.3004807692307692 0.5084134615384616 0.07211538461538461 0.07692307692307693
0 0.34134615384615385 0.5324519230769231 0.04326923076923077 0.0889423076923077
0 0.3605769230769231 0.3605769230769231 0.06009615384615385 0.07692307692307693
0 0.3245192307692308 0.2800480769230769 0.057692307692307696 0.07211538461538461
0 0.28966346153846156 0.3389423076923077 0.052884615384615384 0.12980769230769232
0 0.2512019230769231 0.27403846153846156 0.06971153846153846 0.09615384615384616
0 0.24879807692307693 0.1875 0.057692307692307696 0.11298076923076923
0 0.30528846153846156 0.17548076923076922 0.05048076923076923 0.13701923076923078
0 0.3605769230769231 0.2704326923076923 0.06009615384615385 0.10096153846153846
0 0.3545673076923077 0.17307692307692307 0.0625 0.08173076923076923
0 0.2920673076923077 0.08653846153846154 0.04326923076923077 0.06490384615384616
0 0.29086538461538464 0.028846153846153848 0.04807692307692308 0.052884615384615384
0 0.24158653846153846 0.039663461538461536 0.055288461538461536 0.07451923076923077
0 0.23677884615384615 0.11057692307692307 0.052884615384615384 0.07692307692307693
0 0.20552884615384615 0.14903846153846154 0.057692307692307696 0.07211538461538461
0 0.18509615384615385 0.09254807692307693 0.057692307692307696 0.0889423076923077
0 0.12620192307692307 0.1045673076923077 0.06009615384615385 0.10096153846153846
0 0.14543269230769232 0.028846153846153848 0.15144230769230768 0.052884615384615384
0 0.375 0.07572115384615384 0.125 0.1466346153846154
0 0.47836538461538464 0.20793269230769232 0.18509615384615385 0.27403846153846156
0 0.4338942307692308 0.010817307692307692 0.036057692307692304 0.016826923076923076
0 0.5637019230769231 0.15144230769230768 0.03365384615384615 0.07692307692307693
0 0.5396634615384616 0.042067307692307696 0.15384615384615385 0.08173076923076923
0 0.6802884615384616 0.13221153846153846 0.20192307692307693 0.25961538461538464
0 0.5961538461538461 0.3329326923076923 0.12740384615384615 0.22596153846153846
0 0.6586538461538461 0.5300480769230769 0.11057692307692307 0.20192307692307693
0 0.7536057692307693 0.6490384615384616 0.1346153846153846 0.23798076923076922
0 0.6286057692307693 0.6634615384615384 0.11057692307692307 0.10096153846153846
0 0.7728365384615384 0.8545673076923077 0.1466346153846154 0.22115384615384615
0 0.7415865384615384 0.9314903846153846 0.11538461538461539 0.125
0 0.6598557692307693 0.9459134615384616 0.11298076923076923 0.09615384615384616
0 0.8581730769230769 0.9230769230769231 0.04326923076923077 0.07211538461538461
0 0.8317307692307693 0.9495192307692307 0.02403846153846154 0.028846153846153848
0 0.8197115384615384 0.9759615384615384 0.019230769230769232 0.036057692307692304
0 0.8521634615384616 0.9795673076923077 0.028846153846153848 0.028846153846153848
0 0.8834134615384616 0.9675480769230769 0.026442307692307692 0.052884615384615384
0 0.8521634615384616 0.9399038461538461 0.09615384615384616 0.10576923076923077
0 0.8846153846153846 0.8449519230769231 0.21634615384615385 0.2980769230769231
0 0.8918269230769231 0.7800480769230769 0.11538461538461539 0.1778846153846154
0 0.8846153846153846 0.6189903846153846 0.14423076923076922 0.22596153846153846
0 0.9639423076923077 0.7872596153846154 0.0673076923076923 0.18028846153846154
0 0.9879807692307693 0.9014423076923077 0.019230769230769232 0.052884615384615384
0 0.9735576923076923 0.9014423076923077 0.026442307692307692 0.052884615384615384
0 0.9915865384615384 0.9639423076923077 0.01201923076923077 0.0625
0 0.9903846153846154 0.8485576923076923 0.014423076923076924 0.0673076923076923
0 0.9831730769230769 0.7067307692307693 0.028846153846153848 0.20192307692307693
0 0.9771634615384616 0.37740384615384615 0.040865384615384616 0.41346153846153844
0 0.9747596153846154 0.5612980769230769 0.04567307692307692 0.12259615384615384
0 0.9122596153846154 0.4074519230769231 0.09615384615384616 0.22115384615384615
0 0.8016826923076923 0.4495192307692308 0.125 0.23317307692307693
0 0.6694711538461539 0.4050480769230769 0.06009615384615385 0.06009615384615385
0 0.6754807692307693 0.30649038461538464 0.038461538461538464 0.10096153846153846
0 0.7295673076923077 0.2920673076923077 0.06009615384615385 0.12980769230769232
0 0.7271634615384616 0.4074519230769231 0.052884615384615384 0.125
0 0.7932692307692307 0.31009615384615385 0.07211538461538461 0.10817307692307693
0 0.7788461538461539 0.23798076923076922 0.028846153846153848 0.036057692307692304
0 0.8533653846153846 0.3125 0.0673076923076923 0.0889423076923077
0 0.8449519230769231 0.14543269230769232 0.16826923076923078 0.23317307692307693
0 0.9002403846153846 0.25600961538461536 0.03365384615384615 0.09615384615384616
0 0.9519230769230769 0.1310096153846154 0.09134615384615384 0.25721153846153844
0 0.84375 0.028846153846153848 0.18269230769230768 0.052884615384615384
0 0.5012019230769231 0.49759615384615385 0.9951923076923077 0.9951923076923077