0 0.34134615384615385 0.6550480769230769 0.33653846153846156 0.4855769230769231
0 0.6442307692307693 0.5973557692307693 0.3245192307692308 0.4951923076923077
0 0.5408653846153846 0.296875 0.11538461538461539 0.23076923076923078
0 0.46274038461538464 0.203125 0.20673076923076922 0.3245192307692308
0 0.7644230769230769 0.21394230769230768 0.09134615384615384 0.18028846153846154
0 0.6586538461538461 0.234375 0.14423076923076922 0.20192307692307693
0 0.8161057692307693 0.3449519230769231 0.14903846153846154 0.125
0 0.9483173076923077 0.6237980769230769 0.0985576923076923 0.27163461538461536
0 0.8605769230769231 0.6213942307692307 0.08653846153846154 0.10817307692307693
0 0.8605769230769231 0.5853365384615384 0.125 0.19230769230769232
0 0.09254807692307693 0.71875 0.1778846153846154 0.2644230769230769
0 0.08533653846153846 0.5901442307692307 0.16346153846153846 0.1201923076923077