0 0.5012019230769231 0.24759615384615385 0.1971153846153846 0.35096153846153844
0 0.34134615384615385 0.36899038461538464 0.16346153846153846 0.3557692307692308
0 0.29447115384615385 0.6394230769230769 0.11057692307692307 0.24519230769230768
0 0.421875 0.5240384615384616 0.22355769230769232 0.32211538461538464
0 0.38822115384615385 0.8040865384615384 0.18509615384615385 0.2620192307692308
0 0.46274038461538464 0.7199519230769231 0.10096153846153846 0.14423076923076922
0 0.6045673076923077 0.7704326923076923 0.22355769230769232 0.3629807692307692
0 0.6322115384615384 0.46153846153846156 0.18990384615384615 0.3269230769230769
0 0.7932692307692307 0.5240384615384616 0.18028846153846154 0.33413461538461536
0 0.6899038461538461 0.6935096153846154 0.10576923076923077 0.16105769230769232
0 0.6213942307692307 0.22956730769230768 0.057692307692307696 0.10096153846153846