0 0.6286057692307693 0.25841346153846156 0.6875 0.4855769230769231
0 0.2824519230769231 0.7800480769230769 0.5600961538461539 0.43509615384615385
0 0.6418269230769231 0.9567307692307693 0.21153846153846154 0.08173076923076923
0 0.7596153846153846 0.8401442307692307 0.15384615384615385 0.22596153846153846
0 0.8966346153846154 0.921875 0.1971153846153846 0.14903846153846154
0 0.7764423076923077 0.6850961538461539 0.3269230769230769 0.07692307692307693
0 0.9290865384615384 0.5985576923076923 0.12980769230769232 0.19951923076923078
0 0.9699519230769231 0.7235576923076923 0.04807692307692308 0.05048076923076923
0 0.1141826923076923 0.47115384615384615 0.15384615384615385 0.0985576923076923
0 0.07692307692307693 0.5889423076923077 0.15384615384615385 0.07211538461538461
0 0.020432692307692308 0.49759615384615385 0.036057692307692304 0.052884615384615384
0 0.09254807692307693 0.3858173076923077 0.14182692307692307 0.16826923076923078
0 0.10697115384615384 0.22716346153846154 0.11538461538461539 0.14182692307692307
0 0.21634615384615385 0.25841346153846156 0.14903846153846154 0.057692307692307696
0 0.21033653846153846 0.1658653846153846 0.21153846153846154 0.09134615384615384
0 0.25721153846153844 0.08774038461538461 0.17307692307692307 0.10096153846153846
0 0.14783653846153846 0.027644230769230768 0.1201923076923077 0.052884615384615384
0 0.06490384615384616 0.109375 0.125 0.16105769230769232