0 0.7560096153846154 0.84375 0.4807692307692308 0.3004807692307692
0 0.6742788461538461 0.4375 0.6442307692307693 0.7644230769230769
0 0.7259615384615384 0.08052884615384616 0.22596153846153846 0.15625
0 0.8617788461538461 0.052884615384615384 0.2283653846153846 0.10096153846153846
0 0.9675480769230769 0.03125 0.06009615384615385 0.057692307692307696
0 0.5504807692307693 0.07211538461538461 0.14423076923076922 0.13942307692307693
0 0.3762019230769231 0.16706730769230768 0.25961538461538464 0.28846153846153844
0 0.24519230769230768 0.12860576923076922 0.25240384615384615 0.22355769230769232
0 0.14182692307692307 0.42788461538461536 0.27884615384615385 0.28365384615384615
0 0.19471153846153846 0.515625 0.38461538461538464 0.4254807692307692
0 0.10216346153846154 0.8557692307692307 0.20432692307692307 0.27884615384615385