0 0.5 0.42908653846153844 0.38221153846153844 0.40865384615384615
0 0.8677884615384616 0.6442307692307693 0.25961538461538464 0.3389423076923077
0 0.8713942307692307 0.8173076923076923 0.12740384615384615 0.11538461538461539
0 0.6598557692307693 0.7379807692307693 0.1778846153846154 0.1875
0 0.5384615384615384 0.7235576923076923 0.125 0.23557692307692307
0 0.5949519230769231 0.8665865384615384 0.15625 0.08173076923076923
0 0.4675480769230769 0.9206730769230769 0.09134615384615384 0.09134615384615384
0 0.7223557692307693 0.9314903846153846 0.4831730769230769 0.125
0 0.9471153846153846 0.8257211538461539 0.0985576923076923 0.20673076923076922
0 0.27283653846153844 0.6610576923076923 0.4951923076923077 0.6682692307692307
0 0.020432692307692308 0.8473557692307693 0.038461538461538464 0.2956730769230769
0 0.2548076923076923 0.47836538461538464 0.2980769230769231 0.32211538461538464
0 0.07091346153846154 0.671875 0.14182692307692307 0.27403846153846156
0 0.0985576923076923 0.2980769230769231 0.1971153846153846 0.21153846153846154
0 0.08533653846153846 0.4375 0.17067307692307693 0.25
0 0.7475961538461539 0.5384615384615384 0.20673076923076922 0.14903846153846154
0 0.7836538461538461 0.3737980769230769 0.19230769230769232 0.22355769230769232
0 0.7848557692307693 0.37740384615384615 0.2692307692307692 0.20673076923076922
0 0.9579326923076923 0.38822115384615385 0.07692307692307693 0.20673076923076922
0 0.7980769230769231 0.33052884615384615 0.30288461538461536 0.15865384615384615
0 0.7836538461538461 0.16947115384615385 0.14182692307692307 0.1971153846153846
0 0.8293269230769231 0.14182692307692307 0.30528846153846156 0.2620192307692308
0 0.6442307692307693 0.171875 0.11057692307692307 0.13701923076923078
0 0.5889423076923077 0.14182692307692307 0.15865384615384615 0.1875
0 0.4387019230769231 0.18028846153846154 0.1346153846153846 0.08653846153846154
0 0.3798076923076923 0.14423076923076922 0.25961538461538464 0.13701923076923078
0 0.12740384615384615 0.13341346153846154 0.1971153846153846 0.10336538461538461
0 0.2932692307692308 0.2403846153846154 0.19951923076923078 0.1971153846153846
0 0.15144230769230768 0.09254807692307693 0.19230769230769232 0.11057692307692307
0 0.028846153846153848 0.15264423076923078 0.057692307692307696 0.08653846153846154