0 0.3088942307692308 0.75 0.23317307692307693 0.3245192307692308
0 0.34975961538461536 0.43509615384615385 0.23557692307692307 0.33653846153846156
0 0.5168269230769231 0.6370192307692307 0.20673076923076922 0.28365384615384615
0 0.5733173076923077 0.3401442307692308 0.27403846153846156 0.3701923076923077
0 0.7283653846153846 0.5649038461538461 0.21153846153846154 0.2932692307692308
1 0.9110576923076923 0.5384615384615384 0.17307692307692307 0.6394230769230769
1 0.7620192307692307 0.28846153846153844 0.12740384615384615 0.2692307692307692
1 0.7524038461538461 0.14182692307692307 0.13942307692307693 0.17067307692307693
1 0.6177884615384616 0.09495192307692307 0.13221153846153846 0.1201923076923077
1 0.46274038461538464 0.10336538461538461 0.1778846153846154 0.10336538461538461
1 0.25240384615384615 0.14903846153846154 0.24278846153846154 0.18509615384615385
1 0.7223557692307693 0.8425480769230769 0.21634615384615385 0.27403846153846156
1 0.5877403846153846 0.8846153846153846 0.3293269230769231 0.22596153846153846
1 0.21754807692307693 0.9471153846153846 0.41586538461538464 0.10096153846153846
1 0.10096153846153846 0.5649038461538461 0.19471153846153846 0.6538461538461539
1 0.4362980769230769 0.16706730769230768 0.125 0.02403846153846154
1 0.4206730769230769 0.203125 0.08653846153846154 0.04807692307692308
1 0.4110576923076923 0.24519230769230768 0.07211538461538461 0.036057692307692304
1 0.42427884615384615 0.27884615384615385 0.03125 0.040865384615384616
1 0.3918269230769231 0.2704326923076923 0.03365384615384615 0.014423076923076924
1 0.28365384615384615 0.25721153846153844 0.17548076923076922 0.03125
1 0.21754807692307693 0.44350961538461536 0.04326923076923077 0.34134615384615385
1 0.25721153846153844 0.2932692307692308 0.03365384615384615 0.03125
1 0.2548076923076923 0.5793269230769231 0.03125 0.04807692307692308
1 0.2127403846153846 0.6310096153846154 0.03125 0.02403846153846154
1 0.21394230769230768 0.8870192307692307 0.03365384615384615 0.052884615384615384
1 0.4098557692307692 0.8870192307692307 0.03125 0.052884615384615384
1 0.6021634615384616 0.75 0.02403846153846154 0.036057692307692304
1 0.4423076923076923 0.7524038461538461 0.026442307692307692 0.03125
1 0.39903846153846156 0.6105769230769231 0.026442307692307692 0.02403846153846154
1 0.6177884615384616 0.5336538461538461 0.02403846153846154 0.036057692307692304
1 0.6394230769230769 0.6754807692307693 0.04326923076923077 0.052884615384615384
1 0.6658653846153846 0.17307692307692307 0.03365384615384615 0.036057692307692304