0 0.8834134615384616 0.6454326923076923 0.21153846153846154 0.2980769230769231
0 0.8894230769230769 0.6237980769230769 0.21394230769230768 0.44471153846153844
0 0.9134615384615384 0.9387019230769231 0.1658653846153846 0.11057692307692307
0 0.7199519230769231 0.7536057692307693 0.11538461538461539 0.09134615384615384
0 0.6466346153846154 0.7644230769230769 0.052884615384615384 0.0673076923076923
0 0.6057692307692307 0.6298076923076923 0.23317307692307693 0.20192307692307693
0 0.6935096153846154 0.5949519230769231 0.18269230769230768 0.25961538461538464
0 0.6959134615384616 0.27283653846153844 0.3004807692307692 0.4182692307692308
0 0.3641826923076923 0.2932692307692308 0.375 0.3125
0 0.3894230769230769 0.5612980769230769 0.23557692307692307 0.3269230769230769
0 0.5697115384615384 0.7067307692307693 0.12980769230769232 0.1971153846153846
0 0.4338942307692308 0.7067307692307693 0.13942307692307693 0.18509615384615385
0 0.31009615384615385 0.6983173076923077 0.13942307692307693 0.20192307692307693
0 0.18028846153846154 0.5769230769230769 0.15865384615384615 0.20192307692307693
0 0.21033653846153846 0.7163461538461539 0.08173076923076923 0.14423076923076922
0 0.15384615384615385 0.6346153846153846 0.2644230769230769 0.18028846153846154
0 0.07692307692307693 0.7115384615384616 0.10096153846153846 0.09134615384615384
0 0.14302884615384615 0.7403846153846154 0.052884615384615384 0.0625
0 0.20432692307692307 0.7115384615384616 0.07932692307692307 0.14423076923076922
0 0.2668269230769231 0.41586538461538464 0.1658653846153846 0.25
0 0.09615384615384616 0.6105769230769231 0.19230769230769232 0.6826923076923077