0 0.4182692307692308 0.09134615384615384 0.15865384615384615 0.17307692307692307
0 0.28725961538461536 0.12860576923076922 0.16346153846153846 0.24759615384615385
0 0.20673076923076922 0.30649038461538464 0.18509615384615385 0.25961538461538464
0 0.10336538461538461 0.3954326923076923 0.09615384615384616 0.11298076923076923
0 0.09375 0.5048076923076923 0.07692307692307693 0.12980769230769232
0 0.15144230769230768 0.6887019230769231 0.13942307692307693 0.22596153846153846
0 0.25841346153846156 0.578125 0.1778846153846154 0.25240384615384615
0 0.20673076923076922 0.5192307692307693 0.1346153846153846 0.1778846153846154
0 0.27884615384615385 0.7932692307692307 0.1201923076923077 0.1875
0 0.21033653846153846 0.8305288461538461 0.052884615384615384 0.11298076923076923
0 0.36658653846153844 0.8149038461538461 0.10096153846153846 0.14423076923076922
0 0.46153846153846156 0.7259615384615384 0.14903846153846154 0.20432692307692307
0 0.36658653846153844 0.6430288461538461 0.12980769230769232 0.19951923076923078
0 0.4026442307692308 0.5300480769230769 0.038461538461538464 0.08173076923076923
0 0.34375 0.43028846153846156 0.1346153846153846 0.23557692307692307
0 0.3485576923076923 0.24158653846153846 0.10576923076923077 0.17307692307692307
0 0.4579326923076923 0.18509615384615385 0.13942307692307693 0.15625
0 0.5336538461538461 0.08052884615384616 0.08653846153846154 0.14903846153846154
0 0.625 0.0889423076923077 0.13701923076923078 0.16826923076923078
0 0.5697115384615384 0.25841346153846156 0.13701923076923078 0.20432692307692307
0 0.45072115384615385 0.3762019230769231 0.16826923076923078 0.23557692307692307
0 0.49038461538461536 0.5408653846153846 0.14903846153846154 0.19951923076923078
0 0.5240384615384616 0.7980769230769231 0.13942307692307693 0.19951923076923078
0 0.5769230769230769 0.6586538461538461 0.10096153846153846 0.16826923076923078
0 0.6454326923076923 0.6177884615384616 0.13942307692307693 0.19230769230769232
0 0.7247596153846154 0.4891826923076923 0.15144230769230768 0.19230769230769232
0 0.609375 0.42427884615384615 0.13942307692307693 0.19230769230769232
0 0.6802884615384616 0.2848557692307692 0.10576923076923077 0.18269230769230768
0 0.6971153846153846 0.11778846153846154 0.10336538461538461 0.16105769230769232
0 0.7752403846153846 0.18509615384615385 0.15384615384615385 0.2403846153846154
0 0.7836538461538461 0.3737980769230769 0.1201923076923077 0.19951923076923078