0 0.2764423076923077 0.31971153846153844 0.37259615384615385 0.3894230769230769
0 0.49278846153846156 0.12259615384615384 0.11298076923076923 0.125
0 0.09254807692307693 0.546875 0.11298076923076923 0.15144230769230768
0 0.17307692307692307 0.8389423076923077 0.02403846153846154 0.038461538461538464
0 0.13581730769230768 0.8413461538461539 0.03365384615384615 0.03365384615384615
0 0.11298076923076923 0.8137019230769231 0.021634615384615384 0.03365384615384615
0 0.14543269230769232 0.8004807692307693 0.04326923076923077 0.038461538461538464
0 0.15865384615384615 0.7620192307692307 0.052884615384615384 0.038461538461538464
0 0.11658653846153846 0.7487980769230769 0.028846153846153848 0.052884615384615384
0 0.1658653846153846 0.7163461538461539 0.04807692307692308 0.04326923076923077
0 0.12740384615384615 0.6935096153846154 0.036057692307692304 0.0673076923076923
0 0.1622596153846154 0.6694711538461539 0.04807692307692308 0.04807692307692308
0 0.21875 0.6742788461538461 0.014423076923076924 0.038461538461538464
0 0.19591346153846154 0.6634615384615384 0.028846153846153848 0.028846153846153848
0 0.23076923076923078 0.6442307692307693 0.019230769230769232 0.04326923076923077
0 0.203125 0.5985576923076923 0.014423076923076924 0.04807692307692308
0 0.1778846153846154 0.5985576923076923 0.021634615384615384 0.04807692307692308
0 0.234375 0.5925480769230769 0.02403846153846154 0.04807692307692308
0 0.24879807692307693 0.5516826923076923 0.03365384615384615 0.04326923076923077
0 0.21033653846153846 0.5540865384615384 0.028846153846153848 0.038461538461538464
0 0.18509615384615385 0.5600961538461539 0.028846153846153848 0.06009615384615385
0 0.19471153846153846 0.5084134615384616 0.02403846153846154 0.052884615384615384
0 0.21875 0.5024038461538461 0.028846153846153848 0.0673076923076923
0 0.25240384615384615 0.49399038461538464 0.038461538461538464 0.04807692307692308
0 0.28365384615384615 0.49158653846153844 0.036057692307692304 0.052884615384615384
0 0.3076923076923077 0.6418269230769231 0.1201923076923077 0.18028846153846154
0 0.2439903846153846 0.7295673076923077 0.028846153846153848 0.06009615384615385
0 0.22956730769230768 0.7872596153846154 0.036057692307692304 0.08653846153846154
0 0.2692307692307692 0.78125 0.036057692307692304 0.0673076923076923
0 0.28365384615384615 0.8497596153846154 0.057692307692307696 0.09134615384615384
0 0.3401442307692308 0.8137019230769231 0.0625 0.07692307692307693
0 0.36177884615384615 0.7403846153846154 0.052884615384615384 0.07211538461538461
0 0.3112980769230769 0.7680288461538461 0.04807692307692308 0.06009615384615385
0 0.38341346153846156 0.6778846153846154 0.07692307692307693 0.11057692307692307
0 0.36778846153846156 0.4891826923076923 0.125 0.15865384615384615
0 0.5180288461538461 0.2920673076923077 0.11298076923076923 0.19230769230769232
0 0.5492788461538461 0.16346153846153846 0.09615384615384616 0.08653846153846154
0 0.6177884615384616 0.13341346153846154 0.07451923076923077 0.10336538461538461
0 0.6310096153846154 0.2920673076923077 0.12740384615384615 0.21153846153846154
0 0.7439903846153846 0.22956730769230768 0.10576923076923077 0.15384615384615385
0 0.8377403846153846 0.13942307692307693 0.0985576923076923 0.15865384615384615
0 0.8257211538461539 0.31971153846153844 0.09615384615384616 0.13701923076923078
0 0.7403846153846154 0.38221153846153844 0.08413461538461539 0.15384615384615385
0 0.78125 0.46153846153846156 0.07211538461538461 0.10336538461538461
0 0.8653846153846154 0.41586538461538464 0.08173076923076923 0.1201923076923077
0 0.9014423076923077 0.49158653846153844 0.08173076923076923 0.0985576923076923
0 0.8112980769230769 0.5216346153846154 0.057692307692307696 0.08173076923076923
0 0.5733173076923077 0.671875 0.0985576923076923 0.15384615384615385
0 0.5324519230769231 0.7427884615384616 0.07692307692307693 0.08653846153846154
0 0.6057692307692307 0.8413461538461539 0.1201923076923077 0.16346153846153846
0 0.47836538461538464 0.8389423076923077 0.14903846153846154 0.20192307692307693
0 0.8185096153846154 0.7764423076923077 0.11057692307692307 0.1971153846153846
0 0.734375 0.7836538461538461 0.125 0.14903846153846154
0 0.8725961538461539 0.65625 0.08653846153846154 0.11057692307692307
0 0.8557692307692307 0.5841346153846154 0.09134615384615384 0.0889423076923077
0 0.5925480769230769 0.7512019230769231 0.036057692307692304 0.04807692307692308
0 0.6237980769230769 0.734375 0.02403846153846154 0.04807692307692308
0 0.6442307692307693 0.7403846153846154 0.036057692307692304 0.04807692307692308
0 0.6730769230769231 0.7295673076923077 0.036057692307692304 0.04807692307692308
0 0.7055288461538461 0.7512019230769231 0.04326923076923077 0.06009615384615385
0 0.7067307692307693 0.7043269230769231 0.038461538461538464 0.052884615384615384
0 0.7331730769230769 0.6778846153846154 0.038461538461538464 0.0673076923076923
0 0.6995192307692307 0.6586538461538461 0.03365384615384615 0.04807692307692308
0 0.6586538461538461 0.6418269230769231 0.04326923076923077 0.04807692307692308
0 0.6237980769230769 0.6670673076923077 0.03365384615384615 0.0673076923076923
0 0.6310096153846154 0.6286057692307693 0.009615384615384616 0.021634615384615384
0 0.6766826923076923 0.5961538461538461 0.028846153846153848 0.0673076923076923
0 0.6322115384615384 0.5925480769230769 0.05048076923076923 0.038461538461538464
0 0.6995192307692307 0.5817307692307693 0.038461538461538464 0.06009615384615385
0 0.7163461538461539 0.6262019230769231 0.028846153846153848 0.038461538461538464
0 0.7932692307692307 0.671875 0.028846153846153848 0.052884615384615384
0 0.7728365384615384 0.6826923076923077 0.019230769230769232 0.052884615384615384
0 0.7800480769230769 0.6141826923076923 0.02403846153846154 0.07211538461538461
0 0.8112980769230769 0.5661057692307693 0.05048076923076923 0.06009615384615385
0 0.7704326923076923 0.5600961538461539 0.028846153846153848 0.05048076923076923
0 0.8149038461538461 0.6370192307692307 0.036057692307692304 0.07211538461538461
0 0.4567307692307692 0.5384615384615384 0.02403846153846154 0.36538461538461536
0 0.4543269230769231 0.5360576923076923 0.04326923076923077 0.3942307692307692
0 0.4326923076923077 0.5841346153846154 0.08653846153846154 0.0985576923076923
0 0.5733173076923077 0.5432692307692307 0.23076923076923078 0.125
0 0.5180288461538461 0.5625 0.0673076923076923 0.23076923076923078
0 0.47115384615384615 0.7427884615384616 0.09134615384615384 0.1201923076923077
0 0.609375 0.5733173076923077 0.14903846153846154 0.07692307692307693
0 0.6959134615384616 0.4639423076923077 0.08413461538461539 0.12980769230769232
0 0.6033653846153846 0.47596153846153844 0.14423076923076922 0.08653846153846154