0 0.24639423076923078 0.1346153846153846 0.3557692307692308 0.25961538461538464
0 0.046875 0.078125 0.08173076923076923 0.14903846153846154
0 0.09014423076923077 0.20072115384615385 0.17067307692307693 0.1201923076923077
0 0.44591346153846156 0.10336538461538461 0.20673076923076922 0.19951923076923078
0 0.6189903846153846 0.25721153846153844 0.46153846153846156 0.46153846153846156
0 0.6009615384615384 0.3894230769230769 0.125 0.08653846153846154
0 0.4951923076923077 0.32572115384615385 0.1201923076923077 0.10096153846153846
0 0.39903846153846156 0.2776442307692308 0.11538461538461539 0.08653846153846154
0 0.3317307692307692 0.24519230769230768 0.08173076923076923 0.0625
0 0.4098557692307692 0.36778846153846156 0.11538461538461539 0.09134615384615384
0 0.5048076923076923 0.41586538461538464 0.11057692307692307 0.08653846153846154
0 0.3112980769230769 0.3545673076923077 0.0625 0.08173076923076923
0 0.2620192307692308 0.30408653846153844 0.07692307692307693 0.08173076923076923
0 0.1814903846153846 0.421875 0.35096153846153844 0.5288461538461539
0 0.028846153846153848 0.2644230769230769 0.04807692307692308 0.15384615384615385
0 0.2620192307692308 0.7259615384615384 0.3173076923076923 0.23317307692307693
0 0.39903846153846156 0.5168269230769231 0.1971153846153846 0.24519230769230768
0 0.5492788461538461 0.6971153846153846 0.35096153846153844 0.19951923076923078
0 0.6862980769230769 0.609375 0.3798076923076923 0.35096153846153844
0 0.7151442307692307 0.9519230769230769 0.36778846153846156 0.09134615384615384
0 0.8497596153846154 0.9350961538461539 0.07211538461538461 0.052884615384615384
0 0.8569711538461539 0.8617788461538461 0.08653846153846154 0.07692307692307693
0 0.7824519230769231 0.8233173076923077 0.10336538461538461 0.07692307692307693
0 0.7800480769230769 0.7800480769230769 0.0673076923076923 0.026442307692307692
0 0.7223557692307693 0.8028846153846154 0.04807692307692308 0.06490384615384616
0 0.6790865384615384 0.8617788461538461 0.10336538461538461 0.07692307692307693
0 0.7776442307692307 0.8834134615384616 0.09375 0.057692307692307696
0 0.5108173076923077 0.8629807692307693 0.4110576923076923 0.2692307692307692
0 0.17668269230769232 0.8846153846153846 0.125 0.09375
0 0.10096153846153846 0.7740384615384616 0.19230769230769232 0.21634615384615385
0 0.04927884615384615 0.9411057692307693 0.0889423076923077 0.11298076923076923
0 0.18028846153846154 0.9290865384615384 0.35096153846153844 0.13701923076923078