0 0.39663461538461536 0.35096153846153844 0.2980769230769231 0.6899038461538461
0 0.1971153846153846 0.3329326923076923 0.1201923076923077 0.3557692307692308
0 0.08413461538461539 0.07091346153846154 0.16105769230769232 0.12980769230769232
0 0.08653846153846154 0.17548076923076922 0.1466346153846154 0.2548076923076923
0 0.07572115384615384 0.43149038461538464 0.14423076923076922 0.4230769230769231
0 0.18389423076923078 0.6899038461538461 0.3605769230769231 0.3942307692307692
0 0.026442307692307692 0.8978365384615384 0.04807692307692308 0.19951923076923078
0 0.1310096153846154 0.9242788461538461 0.18990384615384615 0.1466346153846154
0 0.27403846153846156 0.9146634615384616 0.12980769230769232 0.1658653846153846
0 0.4326923076923077 0.7992788461538461 0.22596153846153846 0.39663461538461536
0 0.5120192307692307 0.5865384615384616 0.08173076923076923 0.1971153846153846
0 0.6141826923076923 0.37259615384615385 0.18269230769230768 0.2692307692307692
0 0.5673076923076923 0.21153846153846154 0.09134615384615384 0.27884615384615385
0 0.5072115384615384 0.49399038461538464 0.038461538461538464 0.08173076923076923
0 0.6045673076923077 0.8978365384615384 0.1466346153846154 0.19951923076923078
0 0.6502403846153846 0.7079326923076923 0.25721153846153844 0.40384615384615385
0 0.7055288461538461 0.41947115384615385 0.08173076923076923 0.2692307692307692
0 0.7896634615384616 0.19951923076923078 0.20192307692307693 0.3870192307692308
0 0.6586538461538461 0.07451923076923077 0.1201923076923077 0.13701923076923078
0 0.6490384615384616 0.1875 0.08173076923076923 0.125
0 0.8786057692307693 0.3557692307692308 0.23798076923076922 0.3894230769230769
0 0.9411057692307693 0.11057692307692307 0.11538461538461539 0.20673076923076922
0 0.78125 0.6754807692307693 0.15865384615384615 0.47115384615384615
0 0.8762019230769231 0.7704326923076923 0.15384615384615385 0.4567307692307692
0 0.7704326923076923 0.9362980769230769 0.18028846153846154 0.12259615384615384
0 0.953125 0.9362980769230769 0.0889423076923077 0.12259615384615384
0 0.9519230769230769 0.7271634615384616 0.09134615384615384 0.3004807692307692
0 0.9362980769230769 0.5276442307692307 0.12259615384615384 0.19951923076923078