0 0.9711538461538461 0.2932692307692308 0.05048076923076923 0.2620192307692308
0 0.9002403846153846 0.11538461538461539 0.19230769230769232 0.21875
0 0.75 0.025240384615384616 0.11538461538461539 0.038461538461538464
0 0.875 0.375 0.19230769230769232 0.3004807692307692
0 0.7463942307692307 0.1971153846153846 0.18269230769230768 0.3076923076923077
0 0.5961538461538461 0.10336538461538461 0.18269230769230768 0.19230769230769232
0 0.9483173076923077 0.6189903846153846 0.09615384615384616 0.33653846153846156
0 0.9014423076923077 0.8605769230769231 0.1971153846153846 0.27403846153846156
0 0.7980769230769231 0.6502403846153846 0.20432692307692307 0.33653846153846156
0 0.6646634615384616 0.44350961538461536 0.21153846153846154 0.3125
0 0.5204326923076923 0.3088942307692308 0.17548076923076922 0.3076923076923077
0 0.43509615384615385 0.08774038461538461 0.13701923076923078 0.16346153846153846
0 0.31490384615384615 0.08413461538461539 0.1201923076923077 0.15625
0 0.19831730769230768 0.10576923076923077 0.13701923076923078 0.19951923076923078
0 0.08173076923076923 0.040865384615384616 0.08653846153846154 0.0673076923076923
0 0.09735576923076923 0.20673076923076922 0.14423076923076922 0.25
0 0.042067307692307696 0.109375 0.08173076923076923 0.20673076923076922
0 0.036057692307692304 0.35336538461538464 0.07211538461538461 0.25961538461538464
0 0.1310096153846154 0.4723557692307692 0.15384615384615385 0.28125
0 0.23317307692307693 0.33413461538461536 0.14182692307692307 0.2692307692307692
0 0.3629807692307692 0.27524038461538464 0.14182692307692307 0.28846153846153844
0 0.04807692307692308 0.609375 0.09615384615384616 0.24519230769230768
0 0.021634615384615384 0.7932692307692307 0.04326923076923077 0.16346153846153846
0 0.055288461538461536 0.9266826923076923 0.11057692307692307 0.14182692307692307
0 0.1310096153846154 0.7752403846153846 0.15384615384615385 0.2620192307692308
0 0.23918269230769232 0.6346153846153846 0.16346153846153846 0.2692307692307692
0 0.34975961538461536 0.5528846153846154 0.17548076923076922 0.2548076923076923
0 0.4963942307692308 0.6057692307692307 0.15865384615384615 0.27403846153846156
0 0.6310096153846154 0.765625 0.1778846153846154 0.3173076923076923
0 0.7415865384615384 0.9266826923076923 0.17067307692307693 0.14182692307692307
0 0.5396634615384616 0.9146634615384616 0.19951923076923078 0.1658653846153846
0 0.4206730769230769 0.8125 0.16826923076923078 0.27403846153846156
0 0.28725961538461536 0.8762019230769231 0.17548076923076922 0.24278846153846154
0 0.171875 0.9387019230769231 0.13701923076923078 0.11778846153846154
0 0.38822115384615385 0.9735576923076923 0.11778846153846154 0.04807692307692308