0 0.6634615384615384 0.3401442307692308 0.21153846153846154 0.2692307692307692
0 0.8173076923076923 0.484375 0.3581730769230769 0.3605769230769231
0 0.8774038461538461 0.7163461538461539 0.23798076923076922 0.38221153846153844
0 0.6923076923076923 0.7836538461538461 0.16826923076923078 0.27884615384615385
0 0.6286057692307693 0.6778846153846154 0.21875 0.22115384615384615
0 0.6057692307692307 0.6526442307692307 0.2644230769230769 0.33653846153846156
0 0.47836538461538464 0.47115384615384615 0.25721153846153844 0.33653846153846156
0 0.4266826923076923 0.2608173076923077 0.21634615384615385 0.14903846153846154
0 0.18629807692307693 0.3605769230769231 0.2668269230769231 0.28846153846153844
0 0.3293269230769231 0.5829326923076923 0.28125 0.3798076923076923
0 0.4579326923076923 0.8173076923076923 0.23798076923076922 0.2932692307692308
0 0.20432692307692307 0.7728365384615384 0.2620192307692308 0.2692307692307692
0 0.08774038461538461 0.5901442307692307 0.17067307692307693 0.2860576923076923
0 0.08173076923076923 0.8185096153846154 0.15865384615384615 0.21875