0 0.32572115384615385 0.8870192307692307 0.14423076923076922 0.21634615384615385
0 0.11177884615384616 0.8353365384615384 0.1778846153846154 0.31971153846153844
0 0.06370192307692307 0.6346153846153846 0.1201923076923077 0.16346153846153846
0 0.20072115384615385 0.6935096153846154 0.18509615384615385 0.24278846153846154
0 0.39903846153846156 0.6802884615384616 0.2283653846153846 0.24759615384615385
0 0.5192307692307693 0.8713942307692307 0.2283653846153846 0.22596153846153846
0 0.7235576923076923 0.8629807692307693 0.1875 0.2644230769230769
0 0.8569711538461539 0.7752403846153846 0.20192307692307693 0.33653846153846156
0 0.671875 0.6622596153846154 0.20673076923076922 0.18028846153846154
0 0.6298076923076923 0.5204326923076923 0.2692307692307692 0.2692307692307692
0 0.5384615384615384 0.7007211538461539 0.0673076923076923 0.11298076923076923
0 0.43990384615384615 0.4206730769230769 0.1466346153846154 0.25240384615384615
0 0.3317307692307692 0.47475961538461536 0.11538461538461539 0.16346153846153846
0 0.24278846153846154 0.4387019230769231 0.10096153846153846 0.24759615384615385
0 0.12740384615384615 0.43509615384615385 0.16346153846153846 0.2644230769230769
0 0.9435096153846154 0.6442307692307693 0.10576923076923077 0.31971153846153844
0 0.8605769230769231 0.42788461538461536 0.21634615384615385 0.34134615384615385
0 0.625 0.2704326923076923 0.2620192307692308 0.25240384615384615
0 0.4495192307692308 0.22956730769230768 0.12740384615384615 0.14903846153846154
0 0.3629807692307692 0.30408653846153844 0.12980769230769232 0.1971153846153846
0 0.328125 0.15264423076923078 0.11538461538461539 0.17067307692307693
0 0.21754807692307693 0.06490384615384616 0.1346153846153846 0.12980769230769232
0 0.1935096153846154 0.22956730769230768 0.18509615384615385 0.22115384615384615
0 0.33774038461538464 0.042067307692307696 0.12259615384615384 0.08413461538461539
0 0.7872596153846154 0.1346153846153846 0.19230769230769232 0.24759615384615385
0 0.5288461538461539 0.078125 0.35096153846153844 0.15625