0 0.4338942307692308 0.8713942307692307 0.7163461538461539 0.23798076923076922
0 0.16947115384615385 0.3641826923076923 0.3269230769230769 0.7259615384615384
0 0.3605769230769231 0.3894230769230769 0.23076923076923078 0.7788461538461539
0 0.5240384615384616 0.47596153846153844 0.17307692307692307 0.6177884615384616
0 0.5925480769230769 0.09495192307692307 0.25721153846153844 0.1875
0 0.6862980769230769 0.5108173076923077 0.16826923076923078 0.5480769230769231
0 0.8137019230769231 0.5132211538461539 0.16346153846153846 0.40865384615384615
0 0.9411057692307693 0.5901442307692307 0.11298076923076923 0.5697115384615384
0 0.8605769230769231 0.15504807692307693 0.09134615384615384 0.3076923076923077
0 0.7391826923076923 0.15384615384615385 0.19951923076923078 0.30288461538461536
0 0.9483173076923077 0.11298076923076923 0.0985576923076923 0.22115384615384615