0 0.35096153846153844 0.8161057692307693 0.16346153846153846 0.17307692307692307
0 0.5108173076923077 0.7307692307692307 0.13942307692307693 0.1466346153846154
0 0.37259615384615385 0.5180288461538461 0.27403846153846156 0.37740384615384615
0 0.33653846153846156 0.4951923076923077 0.40625 0.3076923076923077
0 0.5600961538461539 0.6105769230769231 0.41346153846153844 0.41346153846153844
0 0.6826923076923077 0.44471153846153844 0.125 0.125
0 0.84375 0.3870192307692308 0.1346153846153846 0.1346153846153846
0 0.6766826923076923 0.2932692307692308 0.12980769230769232 0.1346153846153846
0 0.5360576923076923 0.33533653846153844 0.15144230769230768 0.13942307692307693
0 0.421875 0.17548076923076922 0.20192307692307693 0.2091346153846154
0 0.28365384615384615 0.2800480769230769 0.14903846153846154 0.15144230769230768
0 0.13822115384615385 0.31971153846153844 0.125 0.10576923076923077