0 0.9543269230769231 0.9338942307692307 0.08653846153846154 0.07451923076923077
0 0.9651442307692307 0.9807692307692307 0.06490384615384616 0.038461538461538464
0 0.9038461538461539 0.9639423076923077 0.04807692307692308 0.04326923076923077
0 0.9038461538461539 0.9122596153846154 0.04807692307692308 0.05048076923076923
0 0.9567307692307693 0.8762019230769231 0.07692307692307693 0.04326923076923077
0 0.7572115384615384 0.96875 0.09134615384615384 0.052884615384615384
0 0.7956730769230769 0.9254807692307693 0.125 0.07692307692307693
0 0.8473557692307693 0.9711538461538461 0.04326923076923077 0.05048076923076923
0 0.8173076923076923 0.8713942307692307 0.07211538461538461 0.03365384615384615
0 0.7596153846153846 0.8653846153846154 0.052884615384615384 0.05048076923076923
0 0.7079326923076923 0.9158653846153846 0.06009615384615385 0.08173076923076923
0 0.6502403846153846 0.9759615384615384 0.07692307692307693 0.038461538461538464
0 0.5877403846153846 0.9495192307692307 0.08173076923076923 0.08173076923076923
0 0.49399038461538464 0.9819711538461539 0.07211538461538461 0.028846153846153848
0 0.47596153846153844 0.9579326923076923 0.07692307692307693 0.04807692307692308
0 0.39663461538461536 0.9723557692307693 0.08173076923076923 0.04807692307692308
0 0.27884615384615385 0.9783653846153846 0.07692307692307693 0.036057692307692304
0 0.18870192307692307 0.9855769230769231 0.08173076923076923 0.021634615384615384
0 0.1971153846153846 0.9038461538461539 0.16346153846153846 0.07692307692307693
0 0.24639423076923078 0.9435096153846154 0.11057692307692307 0.0673076923076923
0 0.13701923076923078 0.9471153846153846 0.11057692307692307 0.0673076923076923
0 0.3004807692307692 0.8798076923076923 0.04326923076923077 0.05048076923076923
0 0.26802884615384615 0.8365384615384616 0.07692307692307693 0.04326923076923077
0 0.18629807692307693 0.8413461538461539 0.07692307692307693 0.04807692307692308
0 0.11778846153846154 0.875 0.07211538461538461 0.06971153846153846
0 0.3629807692307692 0.8293269230769231 0.07211538461538461 0.06490384615384616
0 0.46153846153846156 0.8052884615384616 0.10336538461538461 0.04807692307692308
0 0.5024038461538461 0.8834134615384616 0.07692307692307693 0.11057692307692307
0 0.4567307692307692 0.8713942307692307 0.14903846153846154 0.08413461538461539
0 0.39903846153846156 0.9194711538461539 0.1201923076923077 0.028846153846153848
0 0.3605769230769231 0.8894230769230769 0.052884615384615384 0.0625
0 0.6117788461538461 0.8545673076923077 0.1201923076923077 0.07451923076923077
0 0.5709134615384616 0.8798076923076923 0.07211538461538461 0.04326923076923077
0 0.6262019230769231 0.8966346153846154 0.04807692307692308 0.019230769230769232
0 0.6442307692307693 0.7980769230769231 0.07692307692307693 0.038461538461538464
0 0.5769230769230769 0.8149038461538461 0.07211538461538461 0.057692307692307696
0 0.8028846153846154 0.8257211538461539 0.1201923076923077 0.05048076923076923
0 0.8329326923076923 0.7836538461538461 0.09134615384615384 0.04807692307692308
0 0.7596153846153846 0.7740384615384616 0.08653846153846154 0.036057692307692304
0 0.7271634615384616 0.8088942307692307 0.04326923076923077 0.02403846153846154
0 0.9014423076923077 0.7944711538461539 0.052884615384615384 0.0625
0 0.9603365384615384 0.8112980769230769 0.07451923076923077 0.06009615384615385
0 0.9423076923076923 0.7584134615384616 0.07211538461538461 0.04807692307692308
0 0.984375 0.7608173076923077 0.026442307692307692 0.040865384615384616
0 0.828125 0.7367788461538461 0.08173076923076923 0.038461538461538464
0 0.8605769230769231 0.6959134615384616 0.038461538461538464 0.04807692307692308
0 0.8112980769230769 0.6850961538461539 0.07211538461538461 0.055288461538461536
0 0.7596153846153846 0.71875 0.07692307692307693 0.055288461538461536
0 0.8473557692307693 0.6526442307692307 0.052884615384615384 0.04807692307692308
0 0.7920673076923077 0.6490384615384616 0.08653846153846154 0.03365384615384615
0 0.7536057692307693 0.6634615384615384 0.04326923076923077 0.052884615384615384
0 0.6911057692307693 0.71875 0.06009615384615385 0.07692307692307693
0 0.6826923076923077 0.6598557692307693 0.0673076923076923 0.038461538461538464
0 0.6334134615384616 0.7067307692307693 0.07692307692307693 0.0673076923076923
0 0.6418269230769231 0.7524038461538461 0.06009615384615385 0.021634615384615384
0 0.5817307692307693 0.7451923076923077 0.07211538461538461 0.057692307692307696
0 0.5709134615384616 0.6850961538461539 0.06009615384615385 0.0625
0 0.609375 0.6586538461538461 0.09134615384615384 0.05048076923076923
0 0.5132211538461539 0.7235576923076923 0.0673076923076923 0.057692307692307696
0 0.4423076923076923 0.7704326923076923 0.08653846153846154 0.057692307692307696
0 0.3713942307692308 0.7596153846153846 0.07692307692307693 0.05048076923076923
0 0.3737980769230769 0.6983173076923077 0.07211538461538461 0.06490384615384616
0 0.4483173076923077 0.7151442307692307 0.08653846153846154 0.0673076923076923
0 0.49759615384615385 0.6706730769230769 0.07692307692307693 0.052884615384615384
0 0.41586538461538464 0.6586538461538461 0.11057692307692307 0.05048076923076923
0 0.22716346153846154 0.7403846153846154 0.10336538461538461 0.06971153846153846
0 0.22115384615384615 0.7932692307692307 0.08173076923076923 0.05048076923076923
0 0.28966346153846156 0.7512019230769231 0.0673076923076923 0.052884615384615384
0 0.28365384615384615 0.6923076923076923 0.08653846153846154 0.0625
0 0.1971153846153846 0.6887019230769231 0.11057692307692307 0.052884615384615384
0 0.12620192307692307 0.7151442307692307 0.08653846153846154 0.07692307692307693
0 0.13942307692307693 0.7848557692307693 0.08173076923076923 0.05048076923076923
0 0.9567307692307693 0.5997596153846154 0.07692307692307693 0.04326923076923077
0 0.8966346153846154 0.5961538461538461 0.052884615384615384 0.04326923076923077
0 0.8197115384615384 0.6033653846153846 0.0985576923076923 0.05048076923076923
0 0.7463942307692307 0.5997596153846154 0.08173076923076923 0.036057692307692304
0 0.6370192307692307 0.6141826923076923 0.09134615384615384 0.036057692307692304
0 0.5661057692307693 0.6069711538461539 0.07211538461538461 0.05048076923076923
0 0.453125 0.6177884615384616 0.07692307692307693 0.036057692307692304
0 0.3737980769230769 0.6129807692307693 0.08173076923076923 0.04807692307692308
0 0.25721153846153844 0.6322115384615384 0.0985576923076923 0.05048076923076923
0 0.15264423076923078 0.6310096153846154 0.0985576923076923 0.04807692307692308
0 0.20793269230769232 0.5913461538461539 0.08653846153846154 0.0625
0 0.28125 0.5805288461538461 0.07211538461538461 0.052884615384615384
0 0.12860576923076922 0.5805288461538461 0.07211538461538461 0.0673076923076923
0 0.3557692307692308 0.5576923076923077 0.07692307692307693 0.07692307692307693
0 0.43149038461538464 0.5709134615384616 0.08653846153846154 0.057692307692307696
0 0.4891826923076923 0.5709134615384616 0.07211538461538461 0.057692307692307696
0 0.5540865384615384 0.5564903846153846 0.07211538461538461 0.057692307692307696
0 0.6262019230769231 0.5733173076923077 0.09134615384615384 0.0625
0 0.6887019230769231 0.5673076923076923 0.04326923076923077 0.04326923076923077
0 0.7295673076923077 0.5612980769230769 0.04807692307692308 0.04807692307692308
0 0.7980769230769231 0.5576923076923077 0.07692307692307693 0.04807692307692308
0 0.8365384615384616 0.5745192307692307 0 0.007211538461538462
0 0.8990384615384616 0.5432692307692307 0.06009615384615385 0.052884615384615384
0 0.9651442307692307 0.5612980769230769 0.06490384615384616 0.040865384615384616
0 0.9735576923076923 0.5252403846153846 0.04807692307692308 0.040865384615384616
0 0.9158653846153846 0.5216346153846154 0.06009615384615385 0.038461538461538464
0 0.828125 0.5204326923076923 0.08173076923076923 0.04326923076923077
0 0.7487980769230769 0.5240384615384616 0.07692307692307693 0.04326923076923077
0 0.6694711538461539 0.5240384615384616 0.08173076923076923 0.057692307692307696
0 0.6009615384615384 0.5144230769230769 0.07692307692307693 0.04807692307692308
0 0.4831730769230769 0.5204326923076923 0.06009615384615385 0.04326923076923077
0 0.40384615384615385 0.5180288461538461 0.08653846153846154 0.038461538461538464
0 0.265625 0.5348557692307693 0.08173076923076923 0.04326923076923077
0 0.16346153846153846 0.5324519230769231 0.11057692307692307 0.0625
0 0.9651442307692307 0.4807692307692308 0.06490384615384616 0.04807692307692308
0 0.9074519230769231 0.47836538461538464 0.0673076923076923 0.038461538461538464
0 0.9459134615384616 0.44591346153846156 0.08653846153846154 0.04807692307692308
0 0.9423076923076923 0.4014423076923077 0.06009615384615385 0.038461538461538464
0 0.8882211538461539 0.40384615384615385 0.04807692307692308 0.04326923076923077
0 0.8798076923076923 0.44711538461538464 0.04326923076923077 0.04326923076923077
0 0.8004807692307693 0.4387019230769231 0.08173076923076923 0.04807692307692308
0 0.828125 0.4795673076923077 0.06009615384615385 0.036057692307692304
0 0.8257211538461539 0.4050480769230769 0.0673076923076923 0.04807692307692308
0 0.7620192307692307 0.3942307692307692 0.08173076923076923 0.04807692307692308
0 0.7271634615384616 0.4254807692307692 0.04326923076923077 0.05048076923076923
0 0.7295673076923077 0.4651442307692308 0.06009615384615385 0.036057692307692304
0 0.7704326923076923 0.4831730769230769 0.0673076923076923 0.036057692307692304
0 0.6502403846153846 0.47596153846153844 0.07692307692307693 0.036057692307692304
0 0.5685096153846154 0.48197115384615385 0.0985576923076923 0.038461538461538464
0 0.6262019230769231 0.4326923076923077 0.08173076923076923 0.057692307692307696
0 0.5432692307692307 0.421875 0.07211538461538461 0.08173076923076923
0 0.5841346153846154 0.390625 0.0985576923076923 0.038461538461538464
0 0.6526442307692307 0.3894230769230769 0.07211538461538461 0.036057692307692304
0 0.43990384615384615 0.4723557692307692 0.09134615384615384 0.036057692307692304
0 0.4807692307692308 0.42908653846153844 0.052884615384615384 0.06490384615384616
0 0.4182692307692308 0.4326923076923077 0.08173076923076923 0.057692307692307696
0 0.3605769230769231 0.46033653846153844 0.0673076923076923 0.0625
0 0.3557692307692308 0.4014423076923077 0.07692307692307693 0.0625
0 0.42908653846153844 0.3798076923076923 0.10336538461538461 0.04807692307692308
0 0.28966346153846156 0.46033653846153844 0.0673076923076923 0.0673076923076923
0 0.22115384615384615 0.4855769230769231 0.10336538461538461 0.052884615384615384
0 0.12860576923076922 0.4723557692307692 0.10336538461538461 0.057692307692307696
0 0.20192307692307693 0.43149038461538464 0.1201923076923077 0.0673076923076923
0 0.11778846153846154 0.4110576923076923 0.07211538461538461 0.06490384615384616
0 0.1935096153846154 0.3798076923076923 0.11538461538461539 0.038461538461538464
0 0.2764423076923077 0.390625 0.08173076923076923 0.0625
0 0.18870192307692307 0.33052884615384615 0.11538461538461539 0.057692307692307696
0 0.27283653846153844 0.3269230769230769 0.07692307692307693 0.05048076923076923
0 0.1141826923076923 0.32572115384615385 0.0673076923076923 0.04807692307692308
0 0.11778846153846154 0.2692307692307692 0.09134615384615384 0.06490384615384616
0 0.2127403846153846 0.2692307692307692 0.0985576923076923 0.06490384615384616
0 0.27283653846153844 0.28725961538461536 0.04326923076923077 0.028846153846153848
0 0.24278846153846154 0.24879807692307693 0.08173076923076923 0.052884615384615384
0 0.15264423076923078 0.23677884615384615 0.08653846153846154 0.05048076923076923
0 0.34134615384615385 0.28365384615384615 0.09134615384615384 0.08173076923076923
0 0.38221153846153844 0.33052884615384615 0.0985576923076923 0.057692307692307696
0 0.47596153846153844 0.33653846153846156 0.07692307692307693 0.038461538461538464
0 0.47596153846153844 0.29447115384615385 0.08653846153846154 0.06490384615384616
0 0.41225961538461536 0.2620192307692308 0.10336538461538461 0.06490384615384616
0 0.34375 0.24519230769230768 0.0673076923076923 0.03365384615384615
0 0.5540865384615384 0.34134615384615385 0.08173076923076923 0.057692307692307696
0 0.6334134615384616 0.3473557692307692 0.07692307692307693 0.052884615384615384
0 0.6694711538461539 0.3161057692307692 0.04807692307692308 0.05048076923076923
0 0.6286057692307693 0.29086538461538464 0.08653846153846154 0.057692307692307696
0 0.6634615384615384 0.2692307692307692 0.06009615384615385 0.05048076923076923
0 0.5925480769230769 0.25240384615384615 0.09134615384615384 0.038461538461538464
0 0.5516826923076923 0.28725961538461536 0.0673076923076923 0.057692307692307696
0 0.734375 0.31850961538461536 0.08173076923076923 0.052884615384615384
0 0.7596153846153846 0.3473557692307692 0.07692307692307693 0.03365384615384615
0 0.8257211538461539 0.3557692307692308 0.0673076923076923 0.04326923076923077
0 0.7956730769230769 0.3076923076923077 0.07211538461538461 0.04807692307692308
0 0.8365384615384616 0.2980769230769231 0.03365384615384615 0.036057692307692304
0 0.7920673076923077 0.27283653846153844 0.0673076923076923 0.036057692307692304
0 0.7271634615384616 0.2764423076923077 0.04326923076923077 0.036057692307692304
0 0.8858173076923077 0.3293269230769231 0.0673076923076923 0.052884615384615384
0 0.9098557692307693 0.3605769230769231 0.07211538461538461 0.04326923076923077
0 0.96875 0.359375 0.057692307692307696 0.026442307692307692
0 0.9459134615384616 0.31850961538461536 0.07692307692307693 0.04807692307692308
0 0.9879807692307693 0.3161057692307692 0.019230769230769232 0.04567307692307692
0 0.9567307692307693 0.2776442307692308 0.052884615384615384 0.03365384615384615
0 0.890625 0.28725961538461536 0.07692307692307693 0.05048076923076923
0 0.96875 0.24158653846153846 0.057692307692307696 0.040865384615384616
0 0.9819711538461539 0.20432692307692307 0.03125 0.052884615384615384
0 0.9338942307692307 0.19951923076923078 0.07692307692307693 0.05048076923076923
0 0.9074519230769231 0.23798076923076922 0.07692307692307693 0.04807692307692308
0 0.8822115384615384 0.2091346153846154 0.038461538461538464 0.038461538461538464
0 0.890625 0.1658653846153846 0.052884615384615384 0.04807692307692308
0 0.9399038461538461 0.16346153846153846 0.052884615384615384 0.028846153846153848
0 0.8305288461538461 0.234375 0.0673076923076923 0.04807692307692308
0 0.8329326923076923 0.19951923076923078 0.04807692307692308 0.028846153846153848
0 0.7956730769230769 0.18389423076923078 0.08173076923076923 0.0625
0 0.7680288461538461 0.23317307692307693 0.08173076923076923 0.04326923076923077
0 0.7295673076923077 0.20673076923076922 0.07211538461538461 0.057692307692307696
0 0.71875 0.1622596153846154 0.06009615384615385 0.038461538461538464
0 0.765625 0.13942307692307693 0.07692307692307693 0.02403846153846154
0 0.8257211538461539 0.15865384615384615 0.04326923076923077 0.03365384615384615
0 0.6117788461538461 0.22235576923076922 0.07692307692307693 0.04326923076923077
0 0.6610576923076923 0.19110576923076922 0.052884615384615384 0.0625
0 0.6069711538461539 0.17067307692307693 0.08653846153846154 0.057692307692307696
0 0.6586538461538461 0.13581730769230768 0.06009615384615385 0.038461538461538464
0 0.5877403846153846 0.12860576923076922 0.09134615384615384 0.038461538461538464
0 0.5360576923076923 0.14423076923076922 0.052884615384615384 0.07692307692307693
0 0.546875 0.2091346153846154 0.07692307692307693 0.0625
0 0.41225961538461536 0.19831730769230768 0.08173076923076923 0.052884615384615384
0 0.4699519230769231 0.1875 0.052884615384615384 0.04807692307692308
0 0.43990384615384615 0.14423076923076922 0.10336538461538461 0.0673076923076923
0 0.40384615384615385 0.10697115384615384 0.052884615384615384 0.038461538461538464
0 0.3329326923076923 0.11057692307692307 0.08653846153846154 0.052884615384615384
0 0.34375 0.17067307692307693 0.08653846153846154 0.06490384615384616
0 0.25961538461538464 0.18028846153846154 0.06009615384615385 0.0625
0 0.25961538461538464 0.12139423076923077 0.06009615384615385 0.052884615384615384
0 0.17427884615384615 0.11658653846153846 0.11057692307692307 0.08653846153846154
0 0.1778846153846154 0.18028846153846154 0.10336538461538461 0.0625
0 0.10096153846153846 0.14903846153846154 0.09134615384615384 0.07211538461538461
0 0.11177884615384616 0.0889423076923077 0.09134615384615384 0.0625
0 0.19951923076923078 0.08052884615384616 0.06009615384615385 0.028846153846153848
0 0.34975961538461536 0.05048076923076923 0.0985576923076923 0.06490384615384616
0 0.328125 0.013221153846153846 0.0673076923076923 0.02403846153846154
0 0.24278846153846154 0.038461538461538464 0.09134615384615384 0.0625
0 0.17427884615384615 0.03245192307692308 0.08653846153846154 0.06490384615384616
0 0.10096153846153846 0.014423076923076924 0.08173076923076923 0.028846153846153848
0 0.39903846153846156 0.018028846153846152 0.0673076923076923 0.036057692307692304
0 0.4375 0.057692307692307696 0.08653846153846154 0.05048076923076923
0 0.46153846153846156 0.02403846153846154 0.06009615384615385 0.04807692307692308
0 0.5324519230769231 0.054086538461538464 0.06009615384615385 0.057692307692307696
0 0.5360576923076923 0.016826923076923076 0.0673076923076923 0.03365384615384615
0 0.5961538461538461 0.03125 0.08653846153846154 0.0625
0 0.5793269230769231 0.08173076923076923 0.07692307692307693 0.052884615384615384
0 0.6586538461538461 0.08774038461538461 0.07211538461538461 0.057692307692307696
0 0.6502403846153846 0.03125 0.04326923076923077 0.04807692307692308
0 0.7079326923076923 0.06490384615384616 0.07211538461538461 0.057692307692307696
0 0.7319711538461539 0.10336538461538461 0.08653846153846154 0.038461538461538464
0 0.8137019230769231 0.10697115384615384 0.0673076923076923 0.052884615384615384
0 0.7836538461538461 0.06129807692307692 0.06009615384615385 0.05048076923076923
0 0.7211538461538461 0.02403846153846154 0.07692307692307693 0.04807692307692308
0 0.7836538461538461 0.025240384615384616 0.06009615384615385 0.036057692307692304