0 0.08413461538461539 0.24158653846153846 0.125 0.20192307692307693
0 0.04927884615384615 0.3425480769230769 0.09134615384615384 0.21634615384615385
0 0.04927884615384615 0.5060096153846154 0.09134615384615384 0.12980769230769232
0 0.1346153846153846 0.5084134615384616 0.11057692307692307 0.1778846153846154
0 0.12740384615384615 0.6009615384615384 0.10336538461538461 0.10336538461538461
0 0.23677884615384615 0.4723557692307692 0.125 0.18509615384615385
0 0.17908653846153846 0.35096153846153844 0.125 0.1466346153846154
0 0.2403846153846154 0.14182692307692307 0.15384615384615385 0.25
0 0.2247596153846154 0.24759615384615385 0.14903846153846154 0.15865384615384615
0 0.36177884615384615 0.3233173076923077 0.15384615384615385 0.21153846153846154
0 0.3545673076923077 0.14182692307692307 0.11057692307692307 0.17307692307692307
0 0.4266826923076923 0.09254807692307693 0.15384615384615385 0.17307692307692307
0 0.5817307692307693 0.10096153846153846 0.14903846153846154 0.18990384615384615
0 0.5024038461538461 0.1814903846153846 0.14182692307692307 0.1466346153846154
0 0.5108173076923077 0.3016826923076923 0.13221153846153846 0.20192307692307693
0 0.4338942307692308 0.5060096153846154 0.12980769230769232 0.20673076923076922
0 0.33413461538461536 0.5685096153846154 0.10576923076923077 0.20192307692307693
0 0.4182692307692308 0.6983173076923077 0.1201923076923077 0.18990384615384615
0 0.35216346153846156 0.7259615384615384 0.040865384615384616 0.11538461538461539
0 0.3137019230769231 0.7043269230769231 0.036057692307692304 0.08173076923076923
0 0.24759615384615385 0.6550480769230769 0.09615384615384616 0.16826923076923078
0 0.16826923076923078 0.6706730769230769 0.0673076923076923 0.11298076923076923
0 0.5961538461538461 0.49399038461538464 0.14182692307692307 0.20673076923076922
0 0.48197115384615385 0.42908653846153844 0.11538461538461539 0.18509615384615385
0 0.5841346153846154 0.37259615384615385 0.09615384615384616 0.11538461538461539
0 0.6346153846153846 0.27403846153846156 0.11778846153846154 0.1466346153846154
0 0.6586538461538461 0.14903846153846154 0.07692307692307693 0.15865384615384615
0 0.7644230769230769 0.20072115384615385 0.12740384615384615 0.21875
0 0.6802884615384616 0.3473557692307692 0.10576923076923077 0.15384615384615385
0 0.7151442307692307 0.4567307692307692 0.09615384615384616 0.14182692307692307
0 0.8016826923076923 0.3581730769230769 0.1346153846153846 0.21875
0 0.9014423076923077 0.30408653846153844 0.09615384615384616 0.18509615384615385
0 0.9194711538461539 0.41586538461538464 0.10096153846153846 0.1466346153846154
0 0.921875 0.5060096153846154 0.08413461538461539 0.08653846153846154
0 0.8233173076923077 0.5132211538461539 0.0985576923076923 0.125
0 0.7403846153846154 0.6033653846153846 0.057692307692307696 0.07692307692307693
0 0.6790865384615384 0.5733173076923077 0.07211538461538461 0.07211538461538461
0 0.6262019230769231 0.6526442307692307 0.11298076923076923 0.14182692307692307
0 0.5060096153846154 0.7391826923076923 0.1201923076923077 0.16346153846153846
0 0.5132211538461539 0.6033653846153846 0.09134615384615384 0.1201923076923077