0 0.21634615384615385 0.40384615384615385 0.22355769230769232 0.35096153846153844
0 0.09254807692307693 0.2403846153846154 0.1778846153846154 0.3076923076923077
0 0.0673076923076923 0.8004807692307693 0.12740384615384615 0.3317307692307692
0 0.11057692307692307 0.9338942307692307 0.14903846153846154 0.1201923076923077
0 0.26322115384615385 0.8557692307692307 0.2668269230769231 0.27884615384615385
0 0.43990384615384615 0.734375 0.21875 0.3317307692307692
0 0.296875 0.6141826923076923 0.17067307692307693 0.20192307692307693
0 0.4543269230769231 0.39302884615384615 0.23317307692307693 0.3389423076923077
0 0.28725961538461536 0.23798076923076922 0.18990384615384615 0.19230769230769232
0 0.5204326923076923 0.12139423076923077 0.2283653846153846 0.23798076923076922
0 0.2920673076923077 0.07572115384615384 0.27163461538461536 0.1466346153846154
0 0.6850961538461539 0.26802884615384615 0.22355769230769232 0.3076923076923077
0 0.6033653846153846 0.48677884615384615 0.11057692307692307 0.15384615384615385
0 0.7019230769230769 0.6286057692307693 0.24759615384615385 0.3293269230769231
0 0.6322115384615384 0.8930288461538461 0.18028846153846154 0.20192307692307693
0 0.7980769230769231 0.8882211538461539 0.16346153846153846 0.21153846153846154
0 0.90625 0.7692307692307693 0.18269230769230768 0.25961538461538464
0 0.9170673076923077 0.9579326923076923 0.16105769230769232 0.07932692307692307
0 0.9194711538461539 0.45913461538461536 0.15865384615384615 0.3293269230769231
0 0.7980769230769231 0.41586538461538464 0.1778846153846154 0.16346153846153846
0 0.8870192307692307 0.21634615384615385 0.17307692307692307 0.22355769230769232
0 0.7271634615384616 0.06490384615384616 0.20432692307692307 0.125
0 0.8762019230769231 0.09615384615384616 0.17307692307692307 0.09134615384615384
0 0.984375 0.21153846153846154 0.026442307692307692 0.13942307692307693
0 0.109375 0.5216346153846154 0.125 0.22355769230769232