0 0.8942307692307693 0.6947115384615384 0.20673076923076922 0.5048076923076923
0 0.8617788461538461 0.9266826923076923 0.2692307692307692 0.1346153846153846
0 0.5805288461538461 0.9146634615384616 0.3076923076923077 0.15865384615384615
0 0.6274038461538461 0.5769230769230769 0.34134615384615385 0.6586538461538461
0 0.7728365384615384 0.44471153846153844 0.1971153846153846 0.2644230769230769
0 0.48197115384615385 0.5024038461538461 0.1875 0.6394230769230769
0 0.28966346153846156 0.6850961538461539 0.34375 0.6177884615384616
0 0.2548076923076923 0.90625 0.42788461538461536 0.1778846153846154
0 0.6009615384615384 0.4675480769230769 0.07692307692307693 0.1346153846153846
0 0.3581730769230769 0.4879807692307692 0.10576923076923077 0.2692307692307692
0 0.1778846153846154 0.4387019230769231 0.2980769230769231 0.2764423076923077
0 0.025240384615384616 0.4411057692307692 0.05048076923076923 0.10576923076923077
0 0.025240384615384616 0.5144230769230769 0.05048076923076923 0.08653846153846154
0 0.09254807692307693 0.7764423076923077 0.18509615384615385 0.43509615384615385
0 0.12139423076923077 0.6141826923076923 0.09375 0.1466346153846154