0 0.9110576923076923 0.5973557692307693 0.16826923076923078 0.27884615384615385
0 0.8990384615384616 0.3581730769230769 0.19230769230769232 0.19230769230769232
0 0.8641826923076923 0.13341346153846154 0.2283653846153846 0.2620192307692308
0 0.7379807692307693 0.2860576923076923 0.10096153846153846 0.21153846153846154
0 0.7139423076923077 0.07932692307692307 0.18269230769230768 0.15384615384615385
0 0.6274038461538461 0.24519230769230768 0.07451923076923077 0.30288461538461536
0 0.6646634615384616 0.26322115384615385 0.052884615384615384 0.2692307692307692
0 0.6742788461538461 0.4326923076923077 0.18269230769230768 0.125
0 0.7740384615384616 0.5516826923076923 0.11057692307692307 0.3605769230769231
0 0.8762019230769231 0.75 0.2403846153846154 0.10817307692307693
0 0.6754807692307693 0.8149038461538461 0.22355769230769232 0.09134615384615384
0 0.84375 0.8040865384615384 0.15865384615384615 0.07211538461538461
0 0.8341346153846154 0.8605769230769231 0.20673076923076922 0.0625
0 0.5564903846153846 0.8846153846153846 0.3557692307692308 0.08653846153846154
0 0.5132211538461539 0.8016826923076923 0.4182692307692308 0.22115384615384615
0 0.703125 0.6346153846153846 0.06971153846153846 0.2692307692307692
0 0.6237980769230769 0.6189903846153846 0.11057692307692307 0.28846153846153844
0 0.4879807692307692 0.7295673076923077 0.1201923076923077 0.15865384615384615
0 0.2608173076923077 0.7704326923076923 0.21394230769230768 0.19230769230769232
0 0.23918269230769232 0.6490384615384616 0.08653846153846154 0.4639423076923077
0 0.20432692307692307 0.44591346153846156 0.07692307692307693 0.27403846153846156
0 0.3701923076923077 0.11057692307692307 0.3557692307692308 0.13942307692307693
0 0.5252403846153846 0.18269230769230768 0.16346153846153846 0.34615384615384615
0 0.5480769230769231 0.11899038461538461 0.09375 0.21634615384615385
0 0.5673076923076923 0.09495192307692307 0.052884615384615384 0.12980769230769232
0 0.34134615384615385 0.16466346153846154 0.24278846153846154 0.08413461538461539
0 0.2704326923076923 0.10697115384615384 0.055288461538461536 0.2091346153846154
0 0.36658653846153844 0.039663461538461536 0.07932692307692307 0.07451923076923077
0 0.31490384615384615 0.03125 0.08173076923076923 0.0625
0 0.25841346153846156 0.19831730769230768 0.125 0.0673076923076923
0 0.36538461538461536 0.29086538461538464 0.27403846153846156 0.04807692307692308
0 0.375 0.22956730769230768 0.2548076923076923 0.0673076923076923
0 0.3894230769230769 0.3329326923076923 0.2932692307692308 0.12980769230769232
0 0.453125 0.38461538461538464 0.2980769230769231 0.10817307692307693
0 0.2956730769230769 0.4230769230769231 0.057692307692307696 0.21634615384615385
0 0.33052884615384615 0.5673076923076923 0.05048076923076923 0.2692307692307692
0 0.34375 0.5288461538461539 0.20673076923076922 0.19230769230769232
0 0.3858173076923077 0.5721153846153846 0.22355769230769232 0.3293269230769231
0 0.484375 0.5024038461538461 0.15865384615384615 0.17067307692307693
0 0.44350961538461536 0.6237980769230769 0.23317307692307693 0.3605769230769231
0 0.5132211538461539 0.6057692307692307 0.20673076923076922 0.31490384615384615
0 0.5757211538461539 0.5853365384615384 0.125 0.15865384615384615