0 0.036057692307692304 0.9495192307692307 0.06009615384615385 0.09615384615384616
0 0.06610576923076923 0.9050480769230769 0.1201923076923077 0.09615384615384616
0 0.12860576923076922 0.9423076923076923 0.11538461538461539 0.11057692307692307
0 0.21033653846153846 0.9651442307692307 0.09134615384615384 0.0625
0 0.25721153846153844 0.9459134615384616 0.1201923076923077 0.08653846153846154
0 0.3713942307692308 0.9230769230769231 0.1201923076923077 0.08173076923076923
0 0.37740384615384615 0.9723557692307693 0.14182692307692307 0.04807692307692308
0 0.4891826923076923 0.9639423076923077 0.14903846153846154 0.06490384615384616
0 0.47596153846153844 0.890625 0.11057692307692307 0.08653846153846154
0 0.37740384615384615 0.8581730769230769 0.1201923076923077 0.06490384615384616
0 0.30649038461538464 0.796875 0.12980769230769232 0.10096153846153846
0 0.20432692307692307 0.8509615384615384 0.13701923076923078 0.0889423076923077
0 0.08774038461538461 0.8401442307692307 0.12980769230769232 0.057692307692307696
0 0.0985576923076923 0.7944711538461539 0.15384615384615385 0.09134615384615384
0 0.04927884615384615 0.7776442307692307 0.08653846153846154 0.11538461538461539
0 0.14423076923076922 0.7451923076923077 0.11538461538461539 0.08653846153846154
0 0.20192307692307693 0.7908653846153846 0.0673076923076923 0.04807692307692308
0 0.23798076923076922 0.7524038461538461 0.09134615384615384 0.07451923076923077
0 0.27884615384615385 0.7019230769230769 0.04326923076923077 0.04326923076923077
0 0.3112980769230769 0.7331730769230769 0.052884615384615384 0.052884615384615384
0 0.35216346153846156 0.7091346153846154 0.08173076923076923 0.07211538461538461
0 0.2956730769230769 0.6706730769230769 0.0985576923076923 0.0625
0 0.40384615384615385 0.7199519230769231 0.07692307692307693 0.08653846153846154
0 0.4675480769230769 0.7163461538461539 0.04807692307692308 0.05048076923076923
0 0.49158653846153844 0.765625 0.12980769230769232 0.07692307692307693
0 0.4230769230769231 0.8004807692307693 0.10336538461538461 0.06490384615384616
0 0.45072115384615385 0.84375 0.08173076923076923 0.07211538461538461
0 0.5600961538461539 0.8341346153846154 0.125 0.1778846153846154
0 0.5576923076923077 0.7584134615384616 0.07692307692307693 0.0673076923076923
0 0.5817307692307693 0.9603365384615384 0.09134615384615384 0.07451923076923077
0 0.6502403846153846 0.9711538461538461 0.1201923076923077 0.05048076923076923
0 0.6694711538461539 0.921875 0.07211538461538461 0.055288461538461536
0 0.734375 0.9639423076923077 0.08173076923076923 0.06490384615384616
0 0.7680288461538461 0.9254807692307693 0.07211538461538461 0.0625
0 0.7788461538461539 0.9759615384615384 0.04807692307692308 0.038461538461538464
0 0.8473557692307693 0.9495192307692307 0.07692307692307693 0.07451923076923077
0 0.8365384615384616 0.9867788461538461 0.07692307692307693 0.019230769230769232
0 0.7704326923076923 0.9146634615384616 0.0985576923076923 0.0673076923076923
0 0.7764423076923077 0.8822115384615384 0.052884615384615384 0.038461538461538464
0 0.7295673076923077 0.8617788461538461 0.09134615384615384 0.07451923076923077
0 0.6586538461538461 0.84375 0.07211538461538461 0.04326923076923077
0 0.65625 0.8978365384615384 0.052884615384615384 0.07451923076923077
0 0.6826923076923077 0.7836538461538461 0.1201923076923077 0.07692307692307693
0 0.71875 0.7692307692307693 0.08173076923076923 0.07692307692307693
0 0.7836538461538461 0.796875 0.125 0.057692307692307696
0 0.8137019230769231 0.8329326923076923 0.08653846153846154 0.08173076923076923
0 0.8798076923076923 0.8293269230769231 0.1201923076923077 0.08653846153846154
0 0.890625 0.8894230769230769 0.0985576923076923 0.055288461538461536
0 0.9411057692307693 0.7271634615384616 0.11298076923076923 0.07932692307692307
0 0.8737980769230769 0.7620192307692307 0.04326923076923077 0.0625
0 0.8413461538461539 0.7560096153846154 0.052884615384615384 0.05048076923076923
0 0.7896634615384616 0.7223557692307693 0.11538461538461539 0.08413461538461539
0 0.8473557692307693 0.6923076923076923 0.0985576923076923 0.06971153846153846
0 0.8990384615384616 0.6670673076923077 0.11538461538461539 0.09134615384615384
0 0.6971153846153846 0.703125 0.07211538461538461 0.0625
0 0.6262019230769231 0.7439903846153846 0.07211538461538461 0.04807692307692308
0 0.6262019230769231 0.6850961538461539 0.10336538461538461 0.08413461538461539
0 0.5324519230769231 0.6887019230769231 0.11538461538461539 0.0625
0 0.453125 0.6322115384615384 0.12980769230769232 0.08653846153846154
0 0.3473557692307692 0.6382211538461539 0.09134615384615384 0.0625
0 0.22355769230769232 0.6658653846153846 0.04326923076923077 0.04326923076923077
0 0.1778846153846154 0.6911057692307693 0.08173076923076923 0.036057692307692304
0 0.09615384615384616 0.6514423076923077 0.09134615384615384 0.07211538461538461
0 0.06009615384615385 0.6742788461538461 0.11057692307692307 0.08413461538461539
0 0.171875 0.6514423076923077 0.06009615384615385 0.036057692307692304
0 0.15264423076923078 0.5877403846153846 0.14182692307692307 0.0985576923076923
0 0.057692307692307696 0.5745192307692307 0.10336538461538461 0.09615384615384616
0 0.030048076923076924 0.5072115384615384 0.04807692307692308 0.0673076923076923
0 0.2536057692307692 0.6069711538461539 0.10336538461538461 0.07211538461538461
0 0.3137019230769231 0.5504807692307693 0.10336538461538461 0.0673076923076923
0 0.3473557692307692 0.5877403846153846 0.08173076923076923 0.038461538461538464
0 0.38822115384615385 0.5204326923076923 0.11057692307692307 0.08653846153846154
0 0.4182692307692308 0.5841346153846154 0.07211538461538461 0.038461538461538464
0 0.5216346153846154 0.5649038461538461 0.11538461538461539 0.0625
0 0.546875 0.625 0.07692307692307693 0.06490384615384616
0 0.6286057692307693 0.578125 0.0985576923076923 0.08173076923076923
0 0.6334134615384616 0.6382211538461539 0.07692307692307693 0.04807692307692308
0 0.6935096153846154 0.6514423076923077 0.04326923076923077 0.07211538461538461
0 0.7043269230769231 0.6213942307692307 0.052884615384615384 0.04326923076923077
0 0.7704326923076923 0.6346153846153846 0.11057692307692307 0.08413461538461539
0 0.7956730769230769 0.609375 0.10336538461538461 0.08413461538461539
0 0.9038461538461539 0.5805288461538461 0.11538461538461539 0.08413461538461539
0 0.9266826923076923 0.625 0.028846153846153848 0.028846153846153848
0 0.9723557692307693 0.6598557692307693 0.04326923076923077 0.04807692307692308
0 0.953125 0.5540865384615384 0.06009615384615385 0.038461538461538464
0 0.9735576923076923 0.5805288461538461 0.04807692307692308 0.06971153846153846
0 0.84375 0.5168269230769231 0.07211538461538461 0.06490384615384616
0 0.8064903846153846 0.5528846153846154 0.06009615384615385 0.057692307692307696
0 0.7271634615384616 0.5685096153846154 0.0673076923076923 0.052884615384615384
0 0.7427884615384616 0.5144230769230769 0.0673076923076923 0.0625
0 0.7956730769230769 0.48677884615384615 0.08173076923076923 0.06490384615384616
0 0.8665865384615384 0.4579326923076923 0.06009615384615385 0.04326923076923077
0 0.9098557692307693 0.5036057692307693 0.06009615384615385 0.0625
0 0.9723557692307693 0.4651442307692308 0.052884615384615384 0.09615384615384616
0 0.9507211538461539 0.4050480769230769 0.08653846153846154 0.0625
0 0.9014423076923077 0.4326923076923077 0.04326923076923077 0.05048076923076923
0 0.8305288461538461 0.41225961538461536 0.0985576923076923 0.07692307692307693
0 0.7463942307692307 0.4567307692307692 0.08173076923076923 0.0625
0 0.7103365384615384 0.42908653846153844 0.12980769230769232 0.06490384615384616
0 0.6778846153846154 0.46875 0.07692307692307693 0.036057692307692304
0 0.6442307692307693 0.5024038461538461 0.1201923076923077 0.06490384615384616
0 0.6742788461538461 0.5240384615384616 0.07211538461538461 0.036057692307692304
0 0.5841346153846154 0.5324519230769231 0.0673076923076923 0.03365384615384615
0 0.5576923076923077 0.5 0.0985576923076923 0.07692307692307693
0 0.4699519230769231 0.5 0.1201923076923077 0.07692307692307693
0 0.4206730769230769 0.453125 0.07692307692307693 0.04807692307692308
0 0.32211538461538464 0.47596153846153844 0.0673076923076923 0.06490384615384616
0 0.23798076923076922 0.5108173076923077 0.125 0.08413461538461539
0 0.14182692307692307 0.5096153846153846 0.08653846153846154 0.07211538461538461
0 0.057692307692307696 0.4891826923076923 0.09134615384615384 0.0673076923076923
0 0.08413461538461539 0.44591346153846156 0.09134615384615384 0.052884615384615384
0 0.046875 0.4110576923076923 0.08173076923076923 0.08173076923076923
0 0.15625 0.4543269230769231 0.07211538461538461 0.057692307692307696
0 0.234375 0.4254807692307692 0.15384615384615385 0.08653846153846154
0 0.3713942307692308 0.421875 0.08653846153846154 0.06490384615384616
0 0.4639423076923077 0.39663461538461536 0.11057692307692307 0.06490384615384616
0 0.5084134615384616 0.43990384615384615 0.08653846153846154 0.05048076923076923
0 0.6009615384615384 0.4423076923076923 0.08653846153846154 0.07692307692307693
0 0.5540865384615384 0.38221153846153844 0.08173076923076923 0.07211538461538461
0 0.5925480769230769 0.3786057692307692 0.04807692307692308 0.05048076923076923
0 0.5901442307692307 0.33413461538461536 0.052884615384615384 0.04326923076923077
0 0.6526442307692307 0.3713942307692308 0.07211538461538461 0.06490384615384616
0 0.6887019230769231 0.35216346153846156 0.1201923076923077 0.08653846153846154
0 0.7572115384615384 0.3798076923076923 0.09134615384615384 0.0673076923076923
0 0.8305288461538461 0.34134615384615385 0.08653846153846154 0.06490384615384616
0 0.9074519230769231 0.34375 0.08653846153846154 0.04807692307692308
0 0.9723557692307693 0.3485576923076923 0.052884615384615384 0.04326923076923077
0 0.9266826923076923 0.2848557692307692 0.10336538461538461 0.08413461538461539
0 0.8521634615384616 0.30408653846153844 0.0673076923076923 0.03365384615384615
0 0.8064903846153846 0.25961538461538464 0.10336538461538461 0.0625
0 0.7463942307692307 0.3125 0.09134615384615384 0.06490384615384616
0 0.7019230769230769 0.2439903846153846 0.09134615384615384 0.08173076923076923
0 0.6370192307692307 0.28966346153846156 0.10336538461538461 0.08413461538461539
0 0.546875 0.2800480769230769 0.07692307692307693 0.057692307692307696
0 0.5240384615384616 0.31850961538461536 0.052884615384615384 0.0673076923076923
0 0.4639423076923077 0.3233173076923077 0.11057692307692307 0.07211538461538461
0 0.4483173076923077 0.22355769230769232 0.14182692307692307 0.09134615384615384
0 0.33653846153846156 0.3641826923076923 0.125 0.08173076923076923
0 0.3473557692307692 0.30408653846153844 0.11538461538461539 0.052884615384615384
0 0.22716346153846154 0.3088942307692308 0.13701923076923078 0.09615384615384616
0 0.12860576923076922 0.3762019230769231 0.125 0.08413461538461539
0 0.109375 0.28966346153846156 0.14182692307692307 0.09134615384615384
0 0.019230769230769232 0.35096153846153844 0.028846153846153848 0.07692307692307693
0 0.04326923076923077 0.3125 0.0673076923076923 0.07211538461538461
0 0.15865384615384615 0.22235576923076922 0.11057692307692307 0.08653846153846154
0 0.06610576923076923 0.18870192307692307 0.1201923076923077 0.08653846153846154
0 0.02403846153846154 0.26322115384615385 0.038461538461538464 0.07692307692307693
0 0.265625 0.21514423076923078 0.14903846153846154 0.11057692307692307
0 0.33653846153846156 0.25240384615384615 0.07211538461538461 0.04807692307692308
0 0.3605769230769231 0.19591346153846154 0.07692307692307693 0.05048076923076923
0 0.3581730769230769 0.13221153846153846 0.125 0.0985576923076923
0 0.22956730769230768 0.1201923076923077 0.1201923076923077 0.08653846153846154
0 0.15625 0.15625 0.07211538461538461 0.05048076923076923
0 0.08774038461538461 0.109375 0.11057692307692307 0.08653846153846154
0 0.027644230769230768 0.10216346153846154 0.04326923076923077 0.07211538461538461
0 0.04927884615384615 0.03485576923076923 0.08653846153846154 0.0673076923076923
0 0.17427884615384615 0.04326923076923077 0.12980769230769232 0.06490384615384616
0 0.14783653846153846 0.003605769230769231 0.08653846153846154 0.007211538461538462
0 0.2920673076923077 0.014423076923076924 0.125 0.028846153846153848
0 0.2956730769230769 0.0673076923076923 0.11057692307692307 0.0625
0 0.38221153846153844 0.04326923076923077 0.0985576923076923 0.08173076923076923
0 0.43149038461538464 0.02403846153846154 0.08653846153846154 0.04807692307692308
0 0.4375 0.10697115384615384 0.08653846153846154 0.09134615384615384
0 0.43990384615384615 0.16706730769230768 0.09134615384615384 0.036057692307692304
0 0.5024038461538461 0.12379807692307693 0.07692307692307693 0.07211538461538461
0 0.5432692307692307 0.13942307692307693 0.08173076923076923 0.08413461538461539
0 0.5432692307692307 0.21514423076923078 0.10336538461538461 0.08653846153846154
0 0.5108173076923077 0.06850961538461539 0.10336538461538461 0.06490384615384616
0 0.5492788461538461 0.038461538461538464 0.125 0.07692307692307693
0 0.5300480769230769 0.028846153846153848 0.052884615384615384 0.05048076923076923
0 0.6033653846153846 0.0985576923076923 0.08173076923076923 0.06490384615384616
0 0.6502403846153846 0.15264423076923078 0.07692307692307693 0.06490384615384616
0 0.6634615384615384 0.19230769230769232 0.04807692307692308 0.036057692307692304
0 0.7163461538461539 0.16947115384615385 0.0985576923076923 0.07692307692307693
0 0.8088942307692307 0.1814903846153846 0.1201923076923077 0.08653846153846154
0 0.8713942307692307 0.234375 0.04807692307692308 0.04807692307692308
0 0.9338942307692307 0.20192307692307693 0.11057692307692307 0.09134615384615384
0 0.9399038461538461 0.13221153846153846 0.04326923076923077 0.04807692307692308
0 0.8966346153846154 0.12740384615384615 0.04326923076923077 0.057692307692307696
0 0.8389423076923077 0.1346153846153846 0.09134615384615384 0.06490384615384616
0 0.8305288461538461 0.0673076923076923 0.08653846153846154 0.0673076923076923
0 0.8882211538461539 0.07451923076923077 0.038461538461538464 0.04807692307692308
0 0.9483173076923077 0.0733173076923077 0.07211538461538461 0.07211538461538461
0 0.9543269230769231 0.018028846153846152 0.08653846153846154 0.036057692307692304
0 0.8665865384615384 0.02403846153846154 0.09134615384615384 0.04807692307692308
0 0.7872596153846154 0.020432692307692308 0.0985576923076923 0.038461538461538464
0 0.71875 0.04567307692307692 0.125 0.08413461538461539
0 0.7463942307692307 0.109375 0.08173076923076923 0.057692307692307696
0 0.6742788461538461 0.08774038461538461 0.06009615384615385 0.07211538461538461
0 0.6334134615384616 0.05048076923076923 0.04326923076923077 0.036057692307692304
0 0.6802884615384616 0.016826923076923076 0.10336538461538461 0.03365384615384615
0 0.5925480769230769 0.037259615384615384 0.11778846153846154 0.07451923076923077