0 0.20673076923076922 0.36899038461538464 0.16826923076923078 0.19230769230769232
0 0.3016826923076923 0.5 0.11057692307692307 0.125
0 0.31490384615384615 0.28966346153846156 0.0985576923076923 0.16346153846153846
0 0.234375 0.21033653846153846 0.12740384615384615 0.125
0 0.5096153846153846 0.3004807692307692 0.12980769230769232 0.27403846153846156
0 0.49278846153846156 0.3004807692307692 0.09134615384615384 0.27403846153846156
0 0.43149038461538464 0.30649038461538464 0.19230769230769232 0.2956730769230769
0 0.4182692307692308 0.20793269230769232 0.06490384615384616 0.0985576923076923
0 0.3870192307692308 0.28365384615384615 0.16346153846153846 0.2620192307692308
0 0.6274038461538461 0.6177884615384616 0.33653846153846156 0.40384615384615385
0 0.6586538461538461 0.4074519230769231 0.16826923076923078 0.22355769230769232
0 0.6490384615384616 0.24879807692307693 0.16346153846153846 0.09134615384615384
0 0.8581730769230769 0.5853365384615384 0.27884615384615385 0.4639423076923077
0 0.15985576923076922 0.5300480769230769 0.08653846153846154 0.15384615384615385
0 0.21033653846153846 0.6117788461538461 0.08173076923076923 0.15384615384615385
0 0.021634615384615384 0.5985576923076923 0.036057692307692304 0.125
0 0.06009615384615385 0.6069711538461539 0.052884615384615384 0.08653846153846154
0 0.17427884615384615 0.9086538461538461 0.34375 0.1778846153846154
0 0.05048076923076923 0.8990384615384616 0.09615384615384616 0.14903846153846154
0 0.09254807692307693 0.9495192307692307 0.12259615384615384 0.09615384615384616
0 0.17067307692307693 0.9819711538461539 0.08653846153846154 0.03125
0 0.24158653846153846 0.9627403846153846 0.08413461538461539 0.06971153846153846
0 0.3076923076923077 0.9290865384615384 0.07692307692307693 0.12980769230769232
0 0.07692307692307693 0.7271634615384616 0.09615384615384616 0.14182692307692307
0 0.11778846153846154 0.6201923076923077 0.052884615384615384 0.09134615384615384
0 0.06490384615384616 0.5240384615384616 0.057692307692307696 0.0985576923076923
0 0.028846153846153848 0.49759615384615385 0.028846153846153848 0.07692307692307693