0 0.109375 0.16346153846153846 0.20673076923076922 0.32211538461538464
0 0.2932692307692308 0.16346153846153846 0.2764423076923077 0.32211538461538464
0 0.5372596153846154 0.20192307692307693 0.25961538461538464 0.2860576923076923
0 0.4543269230769231 0.03485576923076923 0.1971153846153846 0.0625
0 0.5973557692307693 0.046875 0.14903846153846154 0.08653846153846154
0 0.7331730769230769 0.056490384615384616 0.23557692307692307 0.10576923076923077
0 0.7127403846153846 0.22115384615384615 0.21875 0.2620192307692308
0 0.8882211538461539 0.2548076923076923 0.20192307692307693 0.2620192307692308
0 0.7584134615384616 0.3016826923076923 0.10336538461538461 0.10096153846153846
0 0.8942307692307693 0.06610576923076923 0.20192307692307693 0.125
0 0.9519230769230769 0.09134615384615384 0.09134615384615384 0.12980769230769232
0 0.9519230769230769 0.3317307692307692 0.09134615384615384 0.13942307692307693
0 0.8966346153846154 0.4735576923076923 0.18269230769230768 0.20192307692307693
0 0.7644230769230769 0.47115384615384615 0.1971153846153846 0.24519230769230768
0 0.6117788461538461 0.47596153846153844 0.22355769230769232 0.3173076923076923
0 0.3389423076923077 0.5084134615384616 0.36778846153846156 0.39663461538461536
0 0.16346153846153846 0.5348557692307693 0.3173076923076923 0.4206730769230769
0 0.07451923076923077 0.8016826923076923 0.13942307692307693 0.25961538461538464
0 0.2956730769230769 0.8100961538461539 0.375 0.24278846153846154
0 0.6237980769230769 0.7331730769230769 0.2932692307692308 0.21634615384615385
0 0.8016826923076923 0.6971153846153846 0.24759615384615385 0.2403846153846154
0 0.9362980769230769 0.6754807692307693 0.125 0.23317307692307693
0 0.9254807692307693 0.8942307692307693 0.14903846153846154 0.20673076923076922
0 0.7728365384615384 0.8918269230769231 0.23798076923076922 0.21153846153846154
0 0.5841346153846154 0.9170673076923077 0.3317307692307692 0.16105769230769232
0 0.3605769230769231 0.9567307692307693 0.3317307692307692 0.08173076923076923
0 0.12620192307692307 0.9603365384615384 0.24278846153846154 0.07451923076923077