0 0.9555288461538461 0.038461538461538464 0.08413461538461539 0.07692307692307693
0 0.9663461538461539 0.16105769230769232 0.0625 0.16826923076923078
0 0.9375 0.30408653846153844 0.10096153846153846 0.23557692307692307
0 0.8617788461538461 0.36778846153846156 0.09615384615384616 0.23557692307692307
0 0.9627403846153846 0.3954326923076923 0.06971153846153846 0.13701923076923078
0 0.9302884615384616 0.5757211538461539 0.1346153846153846 0.3004807692307692
0 0.7055288461538461 0.6009615384615384 0.20192307692307693 0.17307692307692307
0 0.6346153846153846 0.7608173076923077 0.17548076923076922 0.16826923076923078
0 0.5552884615384616 0.6382211538461539 0.17548076923076922 0.2980769230769231
0 0.41225961538461536 0.609375 0.13942307692307693 0.28125
0 0.27163461538461536 0.48197115384615385 0.1875 0.2644230769230769
0 0.21875 0.34615384615384615 0.11057692307692307 0.19230769230769232
0 0.11177884615384616 0.35697115384615385 0.10096153846153846 0.16105769230769232
0 0.06610576923076923 0.2920673076923077 0.08653846153846154 0.1778846153846154
0 0.051682692307692304 0.14783653846153846 0.09615384615384616 0.16105769230769232
0 0.026442307692307692 0.028846153846153848 0.04567307692307692 0.057692307692307696
0 0.16706730769230768 0.14543269230769232 0.14423076923076922 0.1971153846153846
0 0.29086538461538464 0.20793269230769232 0.13942307692307693 0.20673076923076922
0 0.3557692307692308 0.046875 0.2091346153846154 0.09375
0 0.19831730769230768 0.03365384615384615 0.10576923076923077 0.0673076923076923
0 0.41466346153846156 0.21875 0.10576923076923077 0.21875
0 0.42788461538461536 0.41947115384615385 0.1346153846153846 0.23557692307692307
0 0.4831730769230769 0.421875 0.0985576923076923 0.16826923076923078
0 0.6117788461538461 0.25240384615384615 0.14423076923076922 0.20192307692307693
0 0.7524038461538461 0.140625 0.12980769230769232 0.25961538461538464
0 0.8629807692307693 0.10697115384615384 0.10576923076923077 0.17307692307692307
0 0.84375 0.22355769230769232 0.0673076923076923 0.10576923076923077
0 0.7524038461538461 0.5072115384615384 0.20673076923076922 0.23557692307692307
0 0.5949519230769231 0.390625 0.17067307692307693 0.21875
0 0.734375 0.328125 0.16826923076923078 0.1346153846153846
0 0.5985576923076923 0.11177884615384616 0.16346153846153846 0.22355769230769232
0 0.5132211538461539 0.0733173076923077 0.13701923076923078 0.14423076923076922