0 0.6009615384615384 0.625 0.34615384615384615 0.21634615384615385
0 0.48677884615384615 0.7680288461538461 0.31490384615384615 0.24759615384615385
0 0.6105769230769231 0.859375 0.34615384615384615 0.27403846153846156
0 0.32211538461538464 0.7127403846153846 0.2644230769230769 0.1658653846153846
0 0.3245192307692308 0.8689903846153846 0.2692307692307692 0.2548076923076923
0 0.13942307692307693 0.8689903846153846 0.16346153846153846 0.2403846153846154
0 0.09134615384615384 0.9266826923076923 0.1778846153846154 0.14182692307692307
0 0.0889423076923077 0.8112980769230769 0.17307692307692307 0.13221153846153846
0 0.0889423076923077 0.7391826923076923 0.17307692307692307 0.13701923076923078
0 0.08774038461538461 0.6274038461538461 0.10336538461538461 0.1346153846153846
0 0.234375 0.5865384615384616 0.2644230769230769 0.2403846153846154
0 0.1045673076923077 0.45552884615384615 0.20432692307692307 0.18028846153846154
0 0.3269230769230769 0.5120192307692307 0.30288461538461536 0.14423076923076922
0 0.3581730769230769 0.4495192307692308 0.31490384615384615 0.14423076923076922
0 0.5384615384615384 0.46153846153846156 0.10817307692307693 0.18269230769230768
0 0.44350961538461536 0.5120192307692307 0.019230769230769232 0.01201923076923077
0 0.6526442307692307 0.41346153846153844 0.21153846153846154 0.19230769230769232
0 0.6081730769230769 0.36538461538461536 0.2980769230769231 0.35096153846153844
0 0.46153846153846156 0.32572115384615385 0.13942307692307693 0.1346153846153846
0 0.26322115384615385 0.37259615384615385 0.5048076923076923 0.27403846153846156
0 0.3762019230769231 0.171875 0.20673076923076922 0.1658653846153846
0 0.13341346153846154 0.125 0.2620192307692308 0.21153846153846154