0 0.3112980769230769 0.7752403846153846 0.3581730769230769 0.44471153846153844
0 0.21394230769230768 0.4387019230769231 0.18269230769230768 0.6009615384615384
0 0.3245192307692308 0.421875 0.27163461538461536 0.5576923076923077
0 0.4579326923076923 0.4639423076923077 0.2403846153846154 0.5216346153846154
0 0.3557692307692308 0.7584134615384616 0.1778846153846154 0.18269230769230768
0 0.5264423076923077 0.8569711538461539 0.19230769230769232 0.28125
0 0.6887019230769231 0.7487980769230769 0.24519230769230768 0.38221153846153844
0 0.8930288461538461 0.8257211538461539 0.2091346153846154 0.06490384615384616
0 0.8930288461538461 0.6454326923076923 0.2091346153846154 0.31490384615384615
0 0.8689903846153846 0.5300480769230769 0.2283653846153846 0.38221153846153844
0 0.7716346153846154 0.42908653846153844 0.28846153846153844 0.47836538461538464
0 0.5829326923076923 0.34615384615384615 0.3894230769230769 0.47115384615384615