0 0.8413461538461539 0.7247596153846154 0.125 0.18028846153846154
0 0.03485576923076923 0.28365384615384615 0.06971153846153846 0.17548076923076922
0 0.10216346153846154 0.5360576923076923 0.14423076923076922 0.21634615384615385
0 0.18389423076923078 0.3918269230769231 0.14903846153846154 0.17548076923076922
0 0.27163461538461536 0.5204326923076923 0.12740384615384615 0.1971153846153846
0 0.1935096153846154 0.734375 0.13942307692307693 0.22115384615384615
0 0.2956730769230769 0.7836538461538461 0.11057692307692307 0.1971153846153846
0 0.3762019230769231 0.8064903846153846 0.1346153846153846 0.24278846153846154
0 0.49038461538461536 0.6310096153846154 0.13942307692307693 0.21153846153846154
0 0.4807692307692308 0.8221153846153846 0.11057692307692307 0.18028846153846154
0 0.5961538461538461 0.8449519230769231 0.1346153846153846 0.23557692307692307
0 0.6875 0.8149038461538461 0.125 0.22596153846153846
0 0.7584134615384616 0.7752403846153846 0.11057692307692307 0.19230769230769232
0 0.8882211538461539 0.6526442307692307 0.0625 0.09615384615384616
0 0.9038461538461539 0.5336538461538461 0.11538461538461539 0.18028846153846154
0 0.9110576923076923 0.4098557692307692 0.08653846153846154 0.0673076923076923
0 0.8882211538461539 0.3173076923076923 0.13942307692307693 0.17067307692307693
0 0.9879807692307693 0.2247596153846154 0.014423076923076924 0.10817307692307693
0 0.8305288461538461 0.2548076923076923 0.1466346153846154 0.19230769230769232
0 0.8125 0.43509615384615385 0.11057692307692307 0.13942307692307693
0 0.7932692307692307 0.5829326923076923 0.14423076923076922 0.16346153846153846
0 0.7199519230769231 0.5769230769230769 0.09615384615384616 0.16346153846153846
0 0.671875 0.6670673076923077 0.0625 0.0673076923076923
0 0.5949519230769231 0.6442307692307693 0.10096153846153846 0.18509615384615385
0 0.6502403846153846 0.5288461538461539 0.14903846153846154 0.19230769230769232
0 0.7175480769230769 0.4411057692307692 0.08653846153846154 0.1201923076923077
0 0.4831730769230769 0.4891826923076923 0.12980769230769232 0.14423076923076922
0 0.4074519230769231 0.6394230769230769 0.0673076923076923 0.1346153846153846
0 0.32091346153846156 0.6370192307692307 0.12980769230769232 0.1201923076923077
0 0.375 0.5288461538461539 0.10096153846153846 0.17067307692307693
0 0.31490384615384615 0.3629807692307692 0.1201923076923077 0.17067307692307693
0 0.4362980769230769 0.3918269230769231 0.08653846153846154 0.1971153846153846
0 0.53125 0.3329326923076923 0.12740384615384615 0.21153846153846154
0 0.6502403846153846 0.3401442307692308 0.11057692307692307 0.18509615384615385
0 0.6971153846153846 0.28846153846153844 0.1201923076923077 0.16346153846153846
0 0.7259615384615384 0.15264423076923078 0.15384615384615385 0.15865384615384615
0 0.6346153846153846 0.09014423076923077 0.09615384615384616 0.18028846153846154
0 0.5348557692307693 0.06971153846153846 0.15865384615384615 0.13942307692307693
0 0.43990384615384615 0.056490384615384616 0.06971153846153846 0.11298076923076923
0 0.3858173076923077 0.056490384615384616 0.09134615384615384 0.11298076923076923
0 0.2764423076923077 0.06971153846153846 0.1201923076923077 0.13942307692307693
0 0.3473557692307692 0.16466346153846154 0.11538461538461539 0.15384615384615385
0 0.3954326923076923 0.25 0.14423076923076922 0.22115384615384615
0 0.46153846153846156 0.18028846153846154 0.08173076923076923 0.1346153846153846
0 0.24759615384615385 0.2247596153846154 0.125 0.17067307692307693
0 0.1935096153846154 0.14903846153846154 0.07692307692307693 0.1346153846153846
0 0.125 0.2548076923076923 0.11057692307692307 0.12980769230769232
0 0.14903846153846154 0.2932692307692308 0.1201923076923077 0.15384615384615385
0 0.06610576923076923 0.4050480769230769 0.08653846153846154 0.07692307692307693