0 0.46033653846153844 0.5925480769230769 0.3605769230769231 0.07211538461538461
0 0.4567307692307692 0.20192307692307693 0.6514423076923077 0.3942307692307692
0 0.84375 0.26802884615384615 0.30528846153846156 0.2403846153846154
0 0.9459134615384616 0.4567307692307692 0.10096153846153846 0.15865384615384615
0 0.9651442307692307 0.5793269230769231 0.0625 0.13221153846153846
0 0.84375 0.5060096153846154 0.23317307692307693 0.22355769230769232
0 0.6947115384615384 0.390625 0.24759615384615385 0.12740384615384615
0 0.1814903846153846 0.4098557692307692 0.2692307692307692 0.25240384615384615
0 0.41586538461538464 0.43149038461538464 0.3317307692307692 0.052884615384615384
0 0.07692307692307693 0.38221153846153844 0.15384615384615385 0.1971153846153846
0 0.6418269230769231 0.6262019230769231 0.25961538461538464 0.13701923076923078