0 0.8064903846153846 0.21153846153846154 0.37740384615384615 0.41346153846153844
0 0.9711538461538461 0.35096153846153844 0.04807692307692308 0.30288461538461536
0 0.890625 0.6334134615384616 0.2091346153846154 0.6971153846153846
0 0.5204326923076923 0.5 0.7548076923076923 0.9903846153846154
0 0.08774038461538461 0.36177884615384615 0.17067307692307693 0.65625
0 0.14543269230769232 0.06850961538461539 0.2860576923076923 0.13221153846153846
0 0.051682692307692304 0.7668269230769231 0.10336538461538461 0.22596153846153846
0 0.08774038461538461 0.7451923076923077 0.17067307692307693 0.32211538461538464
0 0.3713942307692308 0.7956730769230769 0.46634615384615385 0.375
0 0.7115384615384616 0.8713942307692307 0.2403846153846154 0.15865384615384615
0 0.8461538461538461 0.9110576923076923 0.09375 0.08173076923076923
0 0.8521634615384616 0.9759615384615384 0.0889423076923077 0.04326923076923077
0 0.9483173076923077 0.9795673076923077 0.09375 0.038461538461538464
0 0.6262019230769231 0.9447115384615384 0.15144230769230768 0.10576923076923077
0 0.609375 0.9699519230769231 0.0985576923076923 0.055288461538461536
0 0.7175480769230769 0.9651442307692307 0.12259615384615384 0.06490384615384616
0 0.4891826923076923 0.9651442307692307 0.12740384615384615 0.06490384615384616
0 0.16466346153846154 0.9350961538461539 0.11538461538461539 0.10096153846153846
0 0.055288461538461536 0.9326923076923077 0.10576923076923077 0.10096153846153846