0 0.038461538461538464 0.8798076923076923 0.06971153846153846 0.23076923076923078
0 0.1201923076923077 0.9399038461538461 0.16826923076923078 0.11057692307692307
0 0.10697115384615384 0.8665865384615384 0.0985576923076923 0.09134615384615384
0 0.03125 0.6634615384615384 0.055288461538461536 0.20192307692307693
0 0.2403846153846154 0.8930288461538461 0.1466346153846154 0.20192307692307693
0 0.17668269230769232 0.8197115384615384 0.12740384615384615 0.16346153846153846
0 0.1201923076923077 0.7235576923076923 0.1466346153846154 0.20192307692307693
0 0.04326923076923077 0.5661057692307693 0.08173076923076923 0.125
0 0.18028846153846154 0.5192307692307693 0.20673076923076922 0.2403846153846154
0 0.12139423076923077 0.43990384615384615 0.15625 0.14903846153846154
0 0.03245192307692308 0.4807692307692308 0.057692307692307696 0.11057692307692307
0 0.04927884615384615 0.3473557692307692 0.09134615384615384 0.15865384615384615
0 0.046875 0.26802884615384615 0.0889423076923077 0.0985576923076923
0 0.027644230769230768 0.171875 0.04807692307692308 0.09134615384615384
0 0.13942307692307693 0.28725961538461536 0.10576923076923077 0.14903846153846154
0 0.10576923076923077 0.16947115384615385 0.11778846153846154 0.12980769230769232
0 0.04567307692307692 0.10336538461538461 0.08413461538461539 0.16346153846153846
0 0.03245192307692308 0.02283653846153846 0.06009615384615385 0.040865384615384616
0 0.08533653846153846 0.016826923076923076 0.055288461538461536 0.03365384615384615
0 0.1346153846153846 0.052884615384615384 0.10576923076923077 0.10096153846153846
0 0.19471153846153846 0.1935096153846154 0.09134615384615384 0.19230769230769232
0 0.27283653846153844 0.30288461538461536 0.125 0.15865384615384615
0 0.4014423076923077 0.9314903846153846 0.14903846153846154 0.125
0 0.3112980769230769 0.9675480769230769 0.052884615384615384 0.052884615384615384
0 0.3473557692307692 0.8173076923076923 0.22355769230769232 0.25721153846153844
0 0.2548076923076923 0.6742788461538461 0.125 0.19230769230769232
0 0.3641826923076923 0.6778846153846154 0.06490384615384616 0.07692307692307693
0 0.3088942307692308 0.5985576923076923 0.11057692307692307 0.13701923076923078
0 0.3088942307692308 0.4375 0.13942307692307693 0.16346153846153846
0 0.3870192307692308 0.31971153846153844 0.14903846153846154 0.18028846153846154
0 0.2932692307692308 0.16706730769230768 0.1201923076923077 0.15865384615384615
0 0.3449519230769231 0.16105769230769232 0.10336538461538461 0.14903846153846154
0 0.28725961538461536 0.09014423076923077 0.08173076923076923 0.07211538461538461
0 0.21754807692307693 0.056490384615384616 0.08413461538461539 0.10817307692307693
0 0.296875 0.036057692307692304 0.0673076923076923 0.07211538461538461
0 0.3786057692307692 0.052884615384615384 0.10817307692307693 0.10096153846153846
0 0.42908653846153844 0.12860576923076922 0.11057692307692307 0.13701923076923078
0 0.4795673076923077 0.24879807692307693 0.10336538461538461 0.18028846153846154
0 0.5096153846153846 0.3581730769230769 0.10096153846153846 0.11538461538461539
0 0.4651442307692308 0.4182692307692308 0.08653846153846154 0.06009615384615385
0 0.4074519230769231 0.42908653846153844 0.036057692307692304 0.038461538461538464
0 0.41466346153846156 0.5108173076923077 0.15384615384615385 0.16826923076923078
0 0.47475961538461536 0.6370192307692307 0.20673076923076922 0.16826923076923078
0 0.5492788461538461 0.8665865384615384 0.1971153846153846 0.25721153846153844
0 0.5997596153846154 0.7764423076923077 0.13942307692307693 0.21875
0 0.6706730769230769 0.9158653846153846 0.09134615384615384 0.15865384615384615
0 0.5576923076923077 0.9759615384615384 0.17067307692307693 0.038461538461538464
0 0.7524038461538461 0.7728365384615384 0.18269230769230768 0.19230769230769232
0 0.6706730769230769 0.5709134615384616 0.21634615384615385 0.22355769230769232
0 0.5853365384615384 0.4266826923076923 0.125 0.12980769230769232
0 0.625 0.31971153846153844 0.11538461538461539 0.15865384615384615
0 0.5961538461538461 0.27884615384615385 0.11778846153846154 0.15384615384615385
0 0.5564903846153846 0.15865384615384615 0.11057692307692307 0.1971153846153846
0 0.5300480769230769 0.06490384615384616 0.12740384615384615 0.125
0 0.4387019230769231 0.026442307692307692 0.07932692307692307 0.04807692307692308
0 0.6442307692307693 0.052884615384615384 0.11057692307692307 0.10096153846153846
0 0.6983173076923077 0.11177884615384616 0.15865384615384615 0.19230769230769232
0 0.7764423076923077 0.9158653846153846 0.16346153846153846 0.15865384615384615
0 0.9278846153846154 0.9314903846153846 0.13942307692307693 0.12740384615384615
0 0.9699519230769231 0.8473557692307693 0.055288461538461536 0.04567307692307692
0 0.890625 0.8822115384615384 0.12980769230769232 0.125
0 0.9074519230769231 0.7319711538461539 0.14903846153846154 0.1971153846153846
0 0.7980769230769231 0.6478365384615384 0.0985576923076923 0.12740384615384615
0 0.8221153846153846 0.5132211538461539 0.125 0.14182692307692307
0 0.8822115384615384 0.5540865384615384 0.12740384615384615 0.15865384615384615
0 0.9723557692307693 0.609375 0.052884615384615384 0.13701923076923078
0 0.9891826923076923 0.7223557692307693 0.016826923076923076 0.18990384615384615
0 0.9459134615384616 0.4723557692307692 0.10336538461538461 0.15144230769230768
0 0.8485576923076923 0.3798076923076923 0.1201923076923077 0.14903846153846154
0 0.7632211538461539 0.39302884615384615 0.08653846153846154 0.13221153846153846
0 0.6947115384615384 0.45072115384615385 0.125 0.09134615384615384
0 0.7055288461538461 0.3557692307692308 0.09615384615384616 0.0985576923076923
0 0.7067307692307693 0.22355769230769232 0.0985576923076923 0.1875
0 0.8149038461538461 0.20793269230769232 0.15865384615384615 0.2403846153846154
0 0.8088942307692307 0.052884615384615384 0.10817307692307693 0.10096153846153846
0 0.7415865384615384 0.016826923076923076 0.09615384615384616 0.03365384615384615
0 0.8509615384615384 0.05048076923076923 0.15865384615384615 0.09615384615384616
0 0.9423076923076923 0.1502403846153846 0.11057692307692307 0.23798076923076922
0 0.9158653846153846 0.24278846153846154 0.057692307692307696 0.11538461538461539
0 0.9002403846153846 0.3329326923076923 0.07692307692307693 0.1201923076923077
0 0.9663461538461539 0.37740384615384615 0.0625 0.10096153846153846
0 0.9663461538461539 0.296875 0.0625 0.11298076923076923
0 0.9639423076923077 0.02403846153846154 0.0673076923076923 0.04326923076923077