0 0.78125 0.9038461538461539 0.38221153846153844 0.18509615384615385
0 0.9723557692307693 0.9326923076923077 0.04326923076923077 0.12740384615384615
0 0.5625 0.9855769230769231 0.0985576923076923 0.021634615384615384
0 0.5084134615384616 0.8930288461538461 0.23076923076923078 0.20673076923076922
0 0.37740384615384615 0.9855769230769231 0.12980769230769232 0.021634615384615384
0 0.3737980769230769 0.875 0.18028846153846154 0.1778846153846154
0 0.2980769230769231 0.9290865384615384 0.19230769230769232 0.1346153846153846
0 0.171875 0.9290865384615384 0.20192307692307693 0.1346153846153846
0 0.07692307692307693 0.9831730769230769 0.0985576923076923 0.026442307692307692
0 0.16947115384615385 0.8173076923076923 0.0985576923076923 0.0889423076923077
0 0.22115384615384615 0.8461538461538461 0.09134615384615384 0.040865384615384616
0 0.28365384615384615 0.7896634615384616 0.14182692307692307 0.12259615384615384
0 0.36899038461538464 0.7223557692307693 0.10336538461538461 0.12740384615384615
0 0.4723557692307692 0.7079326923076923 0.18028846153846154 0.16346153846153846
0 0.5925480769230769 0.7403846153846154 0.14903846153846154 0.1778846153846154
0 0.8004807692307693 0.703125 0.3894230769230769 0.25961538461538464
0 0.78125 0.5709134615384616 0.2956730769230769 0.09134615384615384
0 0.7764423076923077 0.45072115384615385 0.35096153846153844 0.2283653846153846
0 0.9459134615384616 0.5168269230769231 0.0985576923076923 0.20673076923076922
0 0.9314903846153846 0.31009615384615385 0.125 0.19230769230769232
0 0.8497596153846154 0.3389423076923077 0.04807692307692308 0.02403846153846154
0 0.6586538461538461 0.34975961538461536 0.27884615384615385 0.17067307692307693
0 0.5108173076923077 0.4855769230769231 0.23557692307692307 0.15865384615384615
0 0.5793269230769231 0.59375 0.16346153846153846 0.13942307692307693
0 0.39663461538461536 0.5492788461538461 0.20192307692307693 0.1346153846153846
0 0.2980769230769231 0.49038461538461536 0.09134615384615384 0.10576923076923077
0 0.39663461538461536 0.4387019230769231 0.11538461538461539 0.08653846153846154
0 0.44591346153846156 0.3293269230769231 0.16826923076923078 0.12980769230769232
0 0.33052884615384615 0.6538461538461539 0.19230769230769232 0.1346153846153846
0 0.25721153846153844 0.6033653846153846 0.0985576923076923 0.08173076923076923
0 0.21634615384615385 0.65625 0.04807692307692308 0.028846153846153848
0 0.1935096153846154 0.7223557692307693 0.11538461538461539 0.0985576923076923
0 0.2620192307692308 0.7295673076923077 0.11057692307692307 0.07692307692307693
0 0.6442307692307693 0.13822115384615385 0.1971153846153846 0.16826923076923078
0 0.6995192307692307 0.2608173076923077 0.2403846153846154 0.11538461538461539
0 0.5625 0.2668269230769231 0.052884615384615384 0.03365384615384615
0 0.7572115384615384 0.21754807692307693 0.15865384615384615 0.16826923076923078
0 0.8774038461538461 0.22956730769230768 0.22355769230769232 0.20673076923076922
0 0.9086538461538461 0.08173076923076923 0.16826923076923078 0.15865384615384615
0 0.7908653846153846 0.07451923076923077 0.1971153846153846 0.14423076923076922
0 0.6730769230769231 0.07091346153846154 0.1778846153846154 0.13701923076923078
0 0.5276442307692307 0.12860576923076922 0.07211538461538461 0.1201923076923077
0 0.5300480769230769 0.21875 0.11057692307692307 0.09134615384615384
0 0.4338942307692308 0.24759615384615385 0.10336538461538461 0.0625
0 0.4182692307692308 0.15985576923076922 0.13701923076923078 0.10096153846153846
0 0.5024038461538461 0.04447115384615385 0.057692307692307696 0.08413461538461539
0 0.5516826923076923 0.030048076923076924 0.0889423076923077 0.055288461538461536
0 0.40384615384615385 0.056490384615384616 0.14182692307692307 0.11057692307692307
0 0.31971153846153844 0.08173076923076923 0.07211538461538461 0.0625
0 0.29927884615384615 0.026442307692307692 0.08413461538461539 0.04807692307692308
0 0.2956730769230769 0.15745192307692307 0.0985576923076923 0.08173076923076923
0 0.3557692307692308 0.2247596153846154 0.0985576923076923 0.07932692307692307
0 0.28725961538461536 0.25600961538461536 0.07211538461538461 0.0625
0 0.2980769230769231 0.3137019230769231 0.10336538461538461 0.08173076923076923
0 0.3629807692307692 0.3786057692307692 0.04807692307692308 0.04807692307692308
0 0.2764423076923077 0.4254807692307692 0.11538461538461539 0.07692307692307693
0 0.28365384615384615 0.37259615384615385 0.08653846153846154 0.036057692307692304
0 0.22956730769230768 0.4891826923076923 0.052884615384615384 0.07211538461538461
0 0.20192307692307693 0.5564903846153846 0.11057692307692307 0.0673076923076923
0 0.11177884615384616 0.5889423076923077 0.09134615384615384 0.0673076923076923
0 0.16947115384615385 0.6322115384615384 0.07692307692307693 0.0673076923076923
0 0.1201923076923077 0.5108173076923077 0.0673076923076923 0.06490384615384616
0 0.16346153846153846 0.4795673076923077 0.07692307692307693 0.07692307692307693
0 0.08774038461538461 0.47836538461538464 0.08653846153846154 0.057692307692307696
0 0.17427884615384615 0.4254807692307692 0.08653846153846154 0.0625
0 0.27283653846153844 0.4182692307692308 0.11057692307692307 0.0625
0 0.19951923076923078 0.38221153846153844 0.06009615384615385 0.0625
0 0.12259615384615384 0.3545673076923077 0.09134615384615384 0.09375
0 0.21033653846153846 0.3245192307692308 0.09134615384615384 0.08173076923076923
0 0.18870192307692307 0.2824519230769231 0.06009615384615385 0.04326923076923077
0 0.1935096153846154 0.22235576923076922 0.08173076923076923 0.07692307692307693
0 0.22956730769230768 0.24278846153846154 0.0673076923076923 0.08653846153846154
0 0.22716346153846154 0.1466346153846154 0.06009615384615385 0.07692307692307693
0 0.27283653846153844 0.08533653846153846 0.03365384615384615 0.052884615384615384
0 0.11177884615384616 0.2920673076923077 0.09134615384615384 0.0625
0 0.0733173076923077 0.25961538461538464 0.07211538461538461 0.04807692307692308
0 0.0985576923076923 0.21754807692307693 0.052884615384615384 0.057692307692307696
0 0.13701923076923078 0.22235576923076922 0.04326923076923077 0.07692307692307693
0 0.12259615384615384 0.16105769230769232 0.07211538461538461 0.04807692307692308
0 0.16947115384615385 0.1502403846153846 0.03365384615384615 0.0625
0 0.14783653846153846 0.11057692307692307 0.0673076923076923 0.0625
0 0.18870192307692307 0.09735576923076923 0.038461538461538464 0.057692307692307696
0 0.22716346153846154 0.11057692307692307 0.06009615384615385 0.04807692307692308
0 0.22355769230769232 0.07451923076923077 0.052884615384615384 0.04807692307692308
0 0.21033653846153846 0.03125 0.10336538461538461 0.0625
0 0.14182692307692307 0.06850961538461539 0.04326923076923077 0.05048076923076923