0 0.7199519230769231 0.5600961538461539 0.21153846153846154 0.32211538461538464
0 0.765625 0.48677884615384615 0.3245192307692308 0.7307692307692307
0 0.5673076923076923 0.33653846153846156 0.20432692307692307 0.3317307692307692
0 0.4963942307692308 0.11778846153846154 0.18509615384615385 0.22355769230769232
0 0.3762019230769231 0.2620192307692308 0.1778846153846154 0.2403846153846154
0 0.3713942307692308 0.4699519230769231 0.18269230769230768 0.28365384615384615
0 0.5276442307692307 0.5985576923076923 0.18269230769230768 0.3125
0 0.6574519230769231 0.8377403846153846 0.18028846153846154 0.31971153846153844
0 0.21875 0.42908653846153844 0.17307692307692307 0.2692307692307692
0 0.25240384615384615 0.6586538461538461 0.10576923076923077 0.21153846153846154
0 0.33052884615384615 0.6742788461538461 0.08173076923076923 0.14903846153846154
0 0.3858173076923077 0.6334134615384616 0.021634615384615384 0.04326923076923077
0 0.45072115384615385 0.6586538461538461 0.09615384615384616 0.18028846153846154
0 0.3894230769230769 0.7319711538461539 0.10336538461538461 0.15384615384615385
0 0.5240384615384616 0.7896634615384616 0.11057692307692307 0.09134615384615384
0 0.6021634615384616 0.9038461538461539 0.0673076923076923 0.14903846153846154
0 0.5288461538461539 0.9098557692307693 0.08413461538461539 0.14903846153846154
0 0.46875 0.8798076923076923 0.08653846153846154 0.16346153846153846
0 0.4855769230769231 0.9771634615384616 0.10096153846153846 0.040865384615384616
0 0.5733173076923077 0.9819711538461539 0.07932692307692307 0.03125
0 0.4074519230769231 0.8088942307692307 0.09615384615384616 0.0985576923076923
0 0.3762019230769231 0.9098557692307693 0.0985576923076923 0.14903846153846154
0 0.3786057692307692 0.984375 0.11778846153846154 0.026442307692307692
0 0.2704326923076923 0.9314903846153846 0.10576923076923077 0.125
0 0.3016826923076923 0.7980769230769231 0.10336538461538461 0.14182692307692307
0 0.26322115384615385 0.7235576923076923 0.07692307692307693 0.09134615384615384
0 0.22596153846153846 0.84375 0.0889423076923077 0.15865384615384615
0 0.1658653846153846 0.71875 0.07692307692307693 0.14903846153846154
0 0.1201923076923077 0.6033653846153846 0.07451923076923077 0.11298076923076923