0 0.5913461538461539 0.3473557692307692 0.21634615384615385 0.0625
0 0.6322115384615384 0.7944711538461539 0.1778846153846154 0.0625
0 0.6177884615384616 0.8329326923076923 0.12980769230769232 0.06971153846153846
0 0.6237980769230769 0.7692307692307693 0.14423076923076922 0.040865384615384616
0 0.6129807692307693 0.7379807692307693 0.11298076923076923 0.05048076923076923
0 0.5396634615384616 0.90625 0.0625 0.040865384615384616
0 0.4651442307692308 0.9014423076923077 0.15625 0.05048076923076923
0 0.4807692307692308 0.8882211538461539 0.14423076923076922 0.05048076923076923
0 0.4675480769230769 0.8701923076923077 0.15384615384615385 0.057692307692307696
0 0.46274038461538464 0.8521634615384616 0.16105769230769232 0.057692307692307696
0 0.46033653846153844 0.8100961538461539 0.13942307692307693 0.03365384615384615
0 0.7824519230769231 0.8149038461538461 0.10576923076923077 0.07932692307692307
0 0.7716346153846154 0.7836538461538461 0.10817307692307693 0.06971153846153846
0 0.765625 0.7620192307692307 0.08653846153846154 0.04567307692307692
0 0.9146634615384616 0.7920673076923077 0.09134615384615384 0.040865384615384616
0 0.9086538461538461 0.7692307692307693 0.10576923076923077 0.057692307692307696
0 0.9026442307692307 0.7235576923076923 0.07211538461538461 0.057692307692307696
0 0.8497596153846154 0.7788461538461539 0.038461538461538464 0.09615384615384616
0 0.9783653846153846 0.7091346153846154 0.038461538461538464 0.0673076923076923
0 0.9807692307692307 0.7596153846153846 0.03365384615384615 0.03365384615384615
0 0.9855769230769231 0.7860576923076923 0.02403846153846154 0.038461538461538464
0 0.36538461538461536 0.3293269230769231 0.22596153846153846 0.0625
0 0.3605769230769231 0.2620192307692308 0.23557692307692307 0.07692307692307693
0 0.5865384615384616 0.2920673076923077 0.22596153846153846 0.07211538461538461
0 0.5516826923076923 0.2283653846153846 0.2956730769230769 0.0625
0 0.5733173076923077 0.18269230769230768 0.25240384615384615 0.07211538461538461
0 0.5516826923076923 0.18269230769230768 0.3317307692307692 0.10096153846153846
0 0.6081730769230769 0.07572115384615384 0.21634615384615385 0.07692307692307693
0 0.5805288461538461 0.0985576923076923 0.29086538461538464 0.08653846153846154
0 0.5721153846153846 0.037259615384615384 0.30288461538461536 0.07451923076923077
0 0.8221153846153846 0.17548076923076922 0.19230769230769232 0.040865384615384616
0 0.7908653846153846 0.19591346153846154 0.14903846153846154 0.0625
0 0.7848557692307693 0.13942307692307693 0.15384615384615385 0.03365384615384615
0 0.7692307692307693 0.3329326923076923 0.12980769230769232 0.036057692307692304
0 0.7896634615384616 0.29447115384615385 0.10817307692307693 0.040865384615384616
0 0.7896634615384616 0.2692307692307692 0.09134615384615384 0.036057692307692304
0 0.7980769230769231 0.24639423076923078 0.11778846153846154 0.0625
0 0.828125 0.06610576923076923 0.1971153846153846 0.08653846153846154
0 0.828125 0.09375 0.21153846153846154 0.040865384615384616
0 0.6742788461538461 0.004807692307692308 0.06971153846153846 0.009615384615384616
0 0.8112980769230769 0.007211538461538462 0.06490384615384616 0.014423076923076924
0 0.9170673076923077 0.009615384615384616 0.04326923076923077 0.019230769230769232
0 0.1502403846153846 0.9567307692307693 0.10817307692307693 0.07692307692307693
0 0.14302884615384615 0.8293269230769231 0.10576923076923077 0.10576923076923077
0 0.2980769230769231 0.9411057692307693 0.10096153846153846 0.10096153846153846
0 0.36899038461538464 0.890625 0.016826923076923076 0.07211538461538461
0 0.29086538461538464 0.796875 0.1201923076923077 0.11298076923076923
0 0.16105769230769232 0.6694711538461539 0.11298076923076923 0.12259615384615384
0 0.3004807692307692 0.6298076923076923 0.10576923076923077 0.11057692307692307
0 0.27884615384615385 0.4266826923076923 0.11298076923076923 0.125
0 0.14182692307692307 0.44711538461538464 0.11778846153846154 0.11057692307692307
0 0.12620192307692307 0.29927884615384615 0.11298076923076923 0.13221153846153846
0 0.09375 0.17548076923076922 0.10817307692307693 0.03365384615384615
0 0.09975961538461539 0.1935096153846154 0.09615384615384616 0.014423076923076924
0 0.1045673076923077 0.1466346153846154 0.12980769230769232 0.036057692307692304
0 0.09735576923076923 0.11899038461538461 0.10817307692307693 0.028846153846153848
0 0.10216346153846154 0.09375 0.10817307692307693 0.02403846153846154
0 0.11899038461538461 0.08173076923076923 0.057692307692307696 0.019230769230769232
0 0.25240384615384615 0.20552884615384615 0.09615384615384616 0.036057692307692304
0 0.25240384615384615 0.19230769230769232 0.06971153846153846 0.028846153846153848
0 0.265625 0.17307692307692307 0.052884615384615384 0.028846153846153848
0 0.23918269230769232 0.1502403846153846 0.11298076923076923 0.0625
0 0.23317307692307693 0.13701923076923078 0.06490384615384616 0.055288461538461536
0 0.21995192307692307 0.12740384615384615 0.04807692307692308 0.04567307692307692
0 0.3545673076923077 0.14423076923076922 0.09134615384615384 0.03365384615384615
0 0.3545673076923077 0.11899038461538461 0.10096153846153846 0.028846153846153848
0 0.35216346153846156 0.09615384615384616 0.10576923076923077 0.036057692307692304
0 0.3473557692307692 0.06129807692307692 0.09615384615384616 0.05048076923076923
0 0.3473557692307692 0.05048076923076923 0.07692307692307693 0.036057692307692304
0 0.2127403846153846 0.030048076923076924 0.11298076923076923 0.05048076923076923
0 0.20432692307692307 0.05889423076923077 0.11298076923076923 0.028846153846153848
0 0.22355769230769232 0.018028846153846152 0.10096153846153846 0.036057692307692304
0 0.06490384615384616 0.016826923076923076 0.125 0.03365384615384615
0 0.0673076923076923 0.036057692307692304 0.11778846153846154 0.028846153846153848
0 0.36778846153846156 0.004807692307692308 0.057692307692307696 0.009615384615384616
0 0.41346153846153844 0.44350961538461536 0.10576923076923077 0.12740384615384615
0 0.41947115384615385 0.5709134615384616 0.10096153846153846 0.11057692307692307
0 0.43509615384615385 0.7163461538461539 0.10576923076923077 0.12740384615384615
0 0.5324519230769231 0.6478365384615384 0.10096153846153846 0.11057692307692307
0 0.5348557692307693 0.5096153846153846 0.09615384615384616 0.10576923076923077
0 0.6478365384615384 0.6370192307692307 0.07692307692307693 0.10576923076923077
0 0.7415865384615384 0.6754807692307693 0.07211538461538461 0.09134615384615384
0 0.7307692307692307 0.5612980769230769 0.07692307692307693 0.10096153846153846
0 0.7211538461538461 0.4266826923076923 0.07692307692307693 0.09615384615384616
0 0.6346153846153846 0.4891826923076923 0.08653846153846154 0.09134615384615384
0 0.5240384615384616 0.9819711538461539 0.09134615384615384 0.028846153846153848
0 0.6502403846153846 0.921875 0.14423076923076922 0.1466346153846154
0 0.7896634615384616 0.9206730769230769 0.125 0.15144230769230768
0 0.8978365384615384 0.9206730769230769 0.09134615384615384 0.14903846153846154
0 0.9747596153846154 0.9170673076923077 0.04567307692307692 0.16105769230769232