0 0.8449519230769231 0.7475961538461539 0.30288461538461536 0.4951923076923077
0 0.96875 0.9615384615384616 0.055288461538461536 0.06490384615384616
0 0.6574519230769231 0.8882211538461539 0.2764423076923077 0.21153846153846154
0 0.7067307692307693 0.5973557692307693 0.23076923076923078 0.3918269230769231
0 0.8990384615384616 0.3918269230769231 0.19230769230769232 0.34615384615384615
0 0.9278846153846154 0.12139423076923077 0.13942307692307693 0.23798076923076922
0 0.6802884615384616 0.25 0.25961538461538464 0.3701923076923077
0 0.7295673076923077 0.04927884615384615 0.2644230769230769 0.0985576923076923
0 0.5072115384615384 0.06009615384615385 0.23317307692307693 0.1201923076923077
0 0.32091346153846156 0.21514423076923078 0.2932692307692308 0.35336538461538464
0 0.49759615384615385 0.6814903846153846 0.3605769230769231 0.5600961538461539
0 0.3629807692307692 0.5949519230769231 0.2091346153846154 0.40865384615384615
0 0.3545673076923077 0.9134615384615384 0.33653846153846156 0.16346153846153846
0 0.18389423076923078 0.5084134615384616 0.3173076923076923 0.4519230769230769
0 0.1141826923076923 0.8173076923076923 0.22355769230769232 0.3557692307692308
0 0.036057692307692304 0.4807692307692308 0.0673076923076923 0.3557692307692308
0 0.027644230769230768 0.04326923076923077 0.05048076923076923 0.08173076923076923