0 0.8449519230769231 0.4230769230769231 0.21634615384615385 0.28846153846153844
0 0.6382211538461539 0.37740384615384615 0.21634615384615385 0.20673076923076922
0 0.41947115384615385 0.49759615384615385 0.28846153846153844 0.4375
0 0.18870192307692307 0.5228365384615384 0.37259615384615385 0.9495192307692307
0 0.6935096153846154 0.6682692307692307 0.6081730769230769 0.38461538461538464
0 0.9387019230769231 0.38221153846153844 0.11778846153846154 0.21153846153846154
0 0.8329326923076923 0.7079326923076923 0.23317307692307693 0.14903846153846154
0 0.7091346153846154 0.8088942307692307 0.16826923076923078 0.20673076923076922
0 0.5372596153846154 0.8786057692307693 0.3629807692307692 0.23798076923076922
0 0.7836538461538461 0.8629807692307693 0.19951923076923078 0.25
0 0.30288461538461536 0.8425480769230769 0.22115384615384615 0.31009615384615385
0 0.21153846153846154 0.9495192307692307 0.25 0.09615384615384616
0 0.8581730769230769 0.8533653846153846 0.27884615384615385 0.28846153846153844
0 0.6322115384615384 0.5216346153846154 0.15865384615384615 0.15865384615384615