0 0.15504807692307693 0.8605769230769231 0.2980769230769231 0.27163461538461536
0 0.36899038461538464 0.8978365384615384 0.24278846153846154 0.1971153846153846
0 0.5769230769230769 0.7956730769230769 0.2692307692307692 0.34134615384615385
0 0.7932692307692307 0.8701923076923077 0.23557692307692307 0.1658653846153846
0 0.9134615384615384 0.7247596153846154 0.16826923076923078 0.18509615384615385
0 0.7728365384615384 0.7548076923076923 0.17548076923076922 0.0889423076923077
0 0.7572115384615384 0.6742788461538461 0.1971153846153846 0.14423076923076922
0 0.8581730769230769 0.6021634615384616 0.10817307692307693 0.12980769230769232
0 0.765625 0.5480769230769231 0.10817307692307693 0.10817307692307693
0 0.8653846153846154 0.5420673076923077 0.052884615384615384 0.05048076923076923
0 0.8533653846153846 0.5036057692307693 0.08653846153846154 0.0673076923076923
0 0.7932692307692307 0.4579326923076923 0.16346153846153846 0.09615384615384616
0 0.8894230769230769 0.44591346153846156 0.08653846153846154 0.0889423076923077
0 0.8737980769230769 0.3629807692307692 0.0673076923076923 0.08653846153846154
0 0.7992788461538461 0.3629807692307692 0.1346153846153846 0.10096153846153846
0 0.6310096153846154 0.5637019230769231 0.19230769230769232 0.15384615384615385
0 0.3269230769230769 0.6057692307692307 0.49038461538461536 0.38461538461538464
0 0.040865384615384616 0.5264423076923077 0.07211538461538461 0.23557692307692307
0 0.18028846153846154 0.2764423076923077 0.35096153846153844 0.33653846153846156
0 0.46153846153846156 0.34134615384615385 0.25240384615384615 0.1971153846153846
0 0.4326923076923077 0.13341346153846154 0.31971153846153844 0.2283653846153846
0 0.27884615384615385 0.06610576923076923 0.5360576923076923 0.12980769230769232
0 0.6033653846153846 0.28966346153846156 0.27884615384615385 0.4182692307692308
0 0.71875 0.18870192307692307 0.1201923076923077 0.125
0 0.7752403846153846 0.1622596153846154 0.3870192307692308 0.3245192307692308