0 0.6105769230769231 0.20192307692307693 0.5528846153846154 0.3173076923076923
0 0.6959134615384616 0.042067307692307696 0.3557692307692308 0.07692307692307693
0 0.49399038461538464 0.07692307692307693 0.2980769230769231 0.1466346153846154
0 0.20793269230769232 0.06490384615384616 0.3942307692307692 0.125
0 0.125 0.11658653846153846 0.22596153846153846 0.15865384615384615
0 0.2824519230769231 0.24879807692307693 0.375 0.25
0 0.35096153846153844 0.3894230769230769 0.2620192307692308 0.08653846153846154
0 0.43990384615384615 0.5 0.4182692307692308 0.24519230769230768
0 0.4855769230769231 0.6346153846153846 0.3389423076923077 0.16346153846153846
0 0.8100961538461539 0.8329326923076923 0.3701923076923077 0.3317307692307692
0 0.9074519230769231 0.6394230769230769 0.17307692307692307 0.0673076923076923
0 0.8125 0.34375 0.3629807692307692 0.3076923076923077
0 0.6165865384615384 0.4230769230769231 0.125 0.11298076923076923
0 0.12860576923076922 0.40865384615384615 0.25721153846153844 0.1778846153846154
0 0.0625 0.22115384615384615 0.125 0.1971153846153846
0 0.15504807692307693 0.5721153846153846 0.31009615384615385 0.21634615384615385
0 0.054086538461538464 0.6153846153846154 0.10576923076923077 0.18509615384615385
0 0.20192307692307693 0.7331730769230769 0.20192307692307693 0.11298076923076923
0 0.0985576923076923 0.8137019230769231 0.1971153846153846 0.22596153846153846
0 0.5324519230769231 0.8846153846153846 0.18509615384615385 0.09134615384615384
0 0.5925480769230769 0.9194711538461539 0.2548076923076923 0.15865384615384615