0 0.13822115384615385 0.9507211538461539 0.17548076923076922 0.09375
0 0.04326923076923077 0.8713942307692307 0.07692307692307693 0.12740384615384615
0 0.08774038461538461 0.7776442307692307 0.15384615384615385 0.11057692307692307
0 0.07692307692307693 0.6947115384615384 0.12980769230769232 0.07211538461538461
0 0.09014423076923077 0.6069711538461539 0.16826923076923078 0.10096153846153846
0 0.051682692307692304 0.5240384615384616 0.09134615384615384 0.08653846153846154
0 0.12860576923076922 0.48197115384615385 0.16826923076923078 0.11298076923076923
0 0.03245192307692308 0.43149038461538464 0.052884615384615384 0.1201923076923077
0 0.04927884615384615 0.3293269230769231 0.08653846153846154 0.09134615384615384
0 0.08774038461538461 0.21995192307692307 0.16346153846153846 0.11298076923076923
0 0.09254807692307693 0.11057692307692307 0.17307692307692307 0.10576923076923077
0 0.22355769230769232 0.3545673076923077 0.16346153846153846 0.1201923076923077
0 0.1141826923076923 0.3870192307692308 0.12980769230769232 0.10576923076923077
0 0.15625 0.2668269230769231 0.13701923076923078 0.0985576923076923
0 0.22115384615384615 0.17307692307692307 0.14903846153846154 0.1201923076923077
0 0.2403846153846154 0.057692307692307696 0.21875 0.11057692307692307
0 0.2980769230769231 0.27403846153846156 0.11538461538461539 0.10576923076923077
0 0.39903846153846156 0.07692307692307693 0.15384615384615385 0.08653846153846154
0 0.4014423076923077 0.016826923076923076 0.16826923076923078 0.02403846153846154
0 0.21634615384615385 0.5540865384615384 0.13701923076923078 0.0985576923076923
0 0.2704326923076923 0.4423076923076923 0.14903846153846154 0.10576923076923077
0 0.3605769230769231 0.3605769230769231 0.15384615384615385 0.08173076923076923
0 0.37740384615384615 0.2764423076923077 0.12980769230769232 0.08653846153846154
0 0.39302884615384615 0.17427884615384615 0.1971153846153846 0.11057692307692307
0 0.49158653846153844 0.13221153846153846 0.15384615384615385 0.10576923076923077
0 0.5324519230769231 0.056490384615384616 0.14903846153846154 0.08413461538461539
0 0.5961538461538461 0.025240384615384616 0.17307692307692307 0.04326923076923077
0 0.6201923076923077 0.2668269230769231 0.16826923076923078 0.1201923076923077
0 0.5733173076923077 0.1875 0.17307692307692307 0.11298076923076923
0 0.6418269230769231 0.11658653846153846 0.13701923076923078 0.11538461538461539
0 0.7728365384615384 0.039663461538461536 0.15865384615384615 0.07211538461538461
0 0.7872596153846154 0.14543269230769232 0.16346153846153846 0.08173076923076923
0 0.8221153846153846 0.08052884615384616 0.15865384615384615 0.08653846153846154
0 0.9411057692307693 0.0889423076923077 0.11298076923076923 0.10096153846153846
0 0.9603365384615384 0.025240384615384616 0.07451923076923077 0.040865384615384616
0 0.9350961538461539 0.1935096153846154 0.125 0.14182692307692307
0 0.828125 0.23317307692307693 0.19230769230769232 0.11057692307692307
0 0.7764423076923077 0.2980769230769231 0.14182692307692307 0.09615384615384616
0 0.9387019230769231 0.2764423076923077 0.11778846153846154 0.052884615384615384
0 0.9230769230769231 0.33413461538461536 0.12980769230769232 0.07211538461538461
0 0.9435096153846154 0.39783653846153844 0.10817307692307693 0.10817307692307693
0 0.9206730769230769 0.4326923076923077 0.07211538461538461 0.06490384615384616
0 0.8137019230769231 0.40384615384615385 0.0985576923076923 0.09615384615384616
0 0.6911057692307693 0.36538461538461536 0.11538461538461539 0.11298076923076923
0 0.5216346153846154 0.30408653846153844 0.125 0.0985576923076923
0 0.5685096153846154 0.40865384615384615 0.14182692307692307 0.11298076923076923
0 0.46153846153846156 0.4254807692307692 0.11538461538461539 0.11057692307692307
0 0.36899038461538464 0.49038461538461536 0.125 0.10096153846153846
0 0.34375 0.5985576923076923 0.15384615384615385 0.09134615384615384
0 0.48677884615384615 0.5396634615384616 0.14182692307692307 0.0985576923076923
0 0.6394230769230769 0.4855769230769231 0.17307692307692307 0.09134615384615384
0 0.7403846153846154 0.4579326923076923 0.14903846153846154 0.04326923076923077
0 0.8173076923076923 0.48197115384615385 0.125 0.0673076923076923
0 0.890625 0.53125 0.16346153846153846 0.09615384615384616
0 0.7536057692307693 0.5961538461538461 0.16346153846153846 0.08653846153846154
0 0.6971153846153846 0.5420673076923077 0.125 0.08173076923076923
0 0.5961538461538461 0.5877403846153846 0.11057692307692307 0.0673076923076923
0 0.546875 0.6814903846153846 0.14182692307692307 0.12740384615384615
0 0.3737980769230769 0.7295673076923077 0.15865384615384615 0.0985576923076923
0 0.3605769230769231 0.6394230769230769 0.14182692307692307 0.06490384615384616
0 0.27283653846153844 0.8149038461538461 0.15384615384615385 0.125
0 0.19110576923076922 0.7548076923076923 0.1201923076923077 0.09134615384615384
0 0.21033653846153846 0.6634615384615384 0.15865384615384615 0.1201923076923077
0 0.18269230769230768 0.8822115384615384 0.20192307692307693 0.1346153846153846
0 0.36899038461538464 0.9314903846153846 0.16826923076923078 0.10336538461538461
0 0.2848557692307692 0.9675480769230769 0.1658653846153846 0.06009615384615385
0 0.46153846153846156 0.8509615384615384 0.18028846153846154 0.12980769230769232
0 0.5132211538461539 0.7596153846153846 0.11057692307692307 0.057692307692307696
0 0.6225961538461539 0.7908653846153846 0.12980769230769232 0.0985576923076923
0 0.6887019230769231 0.6802884615384616 0.17307692307692307 0.12980769230769232
0 0.8221153846153846 0.7055288461538461 0.125 0.0889423076923077
0 0.8798076923076923 0.6286057692307693 0.15384615384615385 0.10096153846153846
0 0.9723557692307693 0.5853365384615384 0.052884615384615384 0.12980769230769232
0 0.9735576923076923 0.48677884615384615 0.04807692307692308 0.0889423076923077
0 0.9543269230769231 0.6887019230769231 0.08653846153846154 0.11778846153846154
0 0.9122596153846154 0.7632211538461539 0.12980769230769232 0.11538461538461539
0 0.9170673076923077 0.8834134615384616 0.16105769230769232 0.15144230769230768
0 0.8521634615384616 0.9819711538461539 0.17548076923076922 0.03125
0 0.7980769230769231 0.9543269230769231 0.15384615384615385 0.06971153846153846
0 0.765625 0.9074519230769231 0.1201923076923077 0.0985576923076923
0 0.9711538461538461 0.9855769230769231 0.052884615384615384 0.028846153846153848
0 0.6394230769230769 0.9122596153846154 0.23076923076923078 0.15384615384615385
0 0.45913461538461536 0.9567307692307693 0.15384615384615385 0.08173076923076923