0 0.4050480769230769 0.7764423076923077 0.14182692307692307 0.20673076923076922
0 0.4423076923076923 0.9038461538461539 0.11298076923076923 0.15865384615384615
0 0.2668269230769231 0.890625 0.14903846153846154 0.20673076923076922
0 0.28365384615384615 0.6610576923076923 0.16105769230769232 0.2403846153846154
0 0.8509615384615384 0.28125 0.08653846153846154 0.125
0 0.7872596153846154 0.2127403846153846 0.0673076923076923 0.07692307692307693
0 0.7524038461538461 0.265625 0.09615384615384616 0.12740384615384615
0 0.6346153846153846 0.21033653846153846 0.1201923076923077 0.13701923076923078
0 0.5709134615384616 0.2512019230769231 0.09615384615384616 0.1201923076923077
0 0.4579326923076923 0.20192307692307693 0.11778846153846154 0.16346153846153846
0 0.41947115384615385 0.2704326923076923 0.12740384615384615 0.09134615384615384
0 0.37259615384615385 0.20432692307692307 0.07692307692307693 0.08173076923076923
0 0.28365384615384615 0.21033653846153846 0.10336538461538461 0.09134615384615384
0 0.26322115384615385 0.18269230769230768 0.11298076923076923 0.10336538461538461
0 0.7692307692307693 0.0985576923076923 0.052884615384615384 0.0673076923076923
0 0.7331730769230769 0.0625 0.038461538461538464 0.06009615384615385
0 0.7103365384615384 0.07692307692307693 0.038461538461538464 0.03365384615384615
0 0.7151442307692307 0.11778846153846154 0.052884615384615384 0.038461538461538464
0 0.6814903846153846 0.09014423076923077 0.038461538461538464 0.07211538461538461
0 0.6201923076923077 0.08173076923076923 0.03365384615384615 0.052884615384615384
0 0.5997596153846154 0.09014423076923077 0.04326923076923077 0.06009615384615385
0 0.5817307692307693 0.04927884615384615 0.028846153846153848 0.021634615384615384
0 0.5649038461538461 0.09014423076923077 0.02403846153846154 0.038461538461538464
0 0.5649038461538461 0.12620192307692307 0.02403846153846154 0.03365384615384615
0 0.5348557692307693 0.14423076923076922 0.05048076923076923 0.08173076923076923
0 0.5673076923076923 0.16947115384615385 0.014423076923076924 0.04326923076923077
0 0.5324519230769231 0.08774038461538461 0.02403846153846154 0.03365384615384615
0 0.5 0.07932692307692307 0.03365384615384615 0.038461538461538464
0 0.49399038461538464 0.109375 0.021634615384615384 0.021634615384615384
0 0.46033653846153844 0.09254807692307693 0.038461538461538464 0.03365384615384615
0 0.3581730769230769 0.14783653846153846 0.052884615384615384 0.04326923076923077
0 0.39302884615384615 0.13701923076923078 0.014423076923076924 0.03365384615384615
0 0.36538461538461536 0.08774038461538461 0.038461538461538464 0.03365384615384615
0 0.4110576923076923 0.08413461538461539 0.036057692307692304 0.04807692307692308
0 0.421875 0.10096153846153846 0.036057692307692304 0.028846153846153848
0 0.4651442307692308 0.0625 0.036057692307692304 0.028846153846153848
0 0.37259615384615385 0.06009615384615385 0.038461538461538464 0.021634615384615384
0 0.3269230769230769 0.06850961538461539 0.036057692307692304 0.028846153846153848
0 0.32572115384615385 0.0985576923076923 0.04567307692307692 0.03365384615384615
0 0.29447115384615385 0.11177884615384616 0.06490384615384616 0.028846153846153848
0 0.2704326923076923 0.0625 0.0625 0.06009615384615385
0 0.25240384615384615 0.10096153846153846 0.06971153846153846 0.05048076923076923
0 0.19591346153846154 0.13341346153846154 0.04326923076923077 0.038461538461538464
0 0.14783653846153846 0.12620192307692307 0.055288461538461536 0.052884615384615384
0 0.19831730769230768 0.0985576923076923 0.040865384615384616 0.04326923076923077
0 0.21514423076923078 0.07091346153846154 0.028846153846153848 0.03365384615384615
0 0.8677884615384616 0.11778846153846154 0.04807692307692308 0.06009615384615385
0 0.8762019230769231 0.14423076923076922 0.028846153846153848 0.028846153846153848
0 0.8329326923076923 0.13701923076923078 0.021634615384615384 0.021634615384615384
0 0.9230769230769231 0.11177884615384616 0.06490384615384616 0.07211538461538461
0 0.9050480769230769 0.04927884615384615 0.057692307692307696 0.052884615384615384
0 0.8581730769230769 0.06850961538461539 0.036057692307692304 0.028846153846153848
0 0.8521634615384616 0.038461538461538464 0.04807692307692308 0.052884615384615384
0 0.7980769230769231 0.051682692307692304 0.02403846153846154 0.028846153846153848
0 0.765625 0.04927884615384615 0.02403846153846154 0.03365384615384615
0 0.6742788461538461 0.046875 0.03365384615384615 0.04807692307692308
0 0.6418269230769231 0.04927884615384615 0.055288461538461536 0.052884615384615384
0 0.5673076923076923 0.027644230769230768 0.04326923076923077 0.052884615384615384
0 0.5348557692307693 0.051682692307692304 0.036057692307692304 0.028846153846153848
0 0.5324519230769231 0.021634615384615384 0.02403846153846154 0.021634615384615384
0 0.5 0.046875 0.02403846153846154 0.038461538461538464
0 0.46274038461538464 0.026442307692307692 0.04567307692307692 0.04807692307692308
0 0.4326923076923077 0.036057692307692304 0.028846153846153848 0.04807692307692308
0 0.39783653846153844 0.038461538461538464 0.03365384615384615 0.04326923076923077
0 0.01201923076923077 0.2512019230769231 0.019230769230769232 0.11298076923076923
0 0.038461538461538464 0.234375 0.06971153846153846 0.04326923076923077
0 0.030048076923076924 0.4110576923076923 0.055288461538461536 0.18269230769230768
0 0.078125 0.4206730769230769 0.12740384615384615 0.16346153846153846
0 0.11658653846153846 0.43149038461538464 0.125 0.14182692307692307
0 0.19110576923076922 0.3112980769230769 0.17067307692307693 0.11057692307692307
0 0.3557692307692308 0.3112980769230769 0.22596153846153846 0.0985576923076923
0 0.2091346153846154 0.47836538461538464 0.19230769230769232 0.22355769230769232
0 0.33653846153846156 0.47836538461538464 0.14903846153846154 0.13701923076923078
0 0.46875 0.5661057692307693 0.24759615384615385 0.21153846153846154
0 0.5024038461538461 0.6201923076923077 0.16826923076923078 0.08173076923076923
0 0.7331730769230769 0.6225961538461539 0.36778846153846156 0.3389423076923077
0 0.78125 0.41586538461538464 0.30528846153846156 0.1971153846153846
0 0.390625 0.37740384615384615 0.15625 0.0673076923076923
0 0.5576923076923077 0.3737980769230769 0.23557692307692307 0.18028846153846154