0 0.16346153846153846 0.6911057692307693 0.11298076923076923 0.06971153846153846
0 0.10096153846153846 0.7295673076923077 0.10576923076923077 0.0673076923076923
0 0.07451923076923077 0.8449519230769231 0.13701923076923078 0.30288461538461536
0 0.11658653846153846 0.9567307692307693 0.125 0.0673076923076923
0 0.11658653846153846 0.8052884615384616 0.07692307692307693 0.05048076923076923
0 0.35697115384615385 0.7283653846153846 0.15384615384615385 0.14423076923076922
0 0.4230769230769231 0.9086538461538461 0.23798076923076922 0.1778846153846154
0 0.33052884615384615 0.9038461538461539 0.20673076923076922 0.1875
0 0.33052884615384615 0.8413461538461539 0.06490384615384616 0.057692307692307696
0 0.6875 0.7896634615384616 0.30288461538461536 0.22596153846153846
0 0.8064903846153846 0.6346153846153846 0.2932692307692308 0.15144230769230768
0 0.7439903846153846 0.7115384615384616 0.15384615384615385 0.05048076923076923
0 0.8353365384615384 0.5625 0.3245192307692308 0.13942307692307693
0 0.6899038461538461 0.5216346153846154 0.08173076923076923 0.07692307692307693
0 0.8737980769230769 0.5084134615384616 0.24759615384615385 0.0985576923076923
0 0.8509615384615384 0.39783653846153844 0.22596153846153846 0.13701923076923078
0 0.7019230769230769 0.40384615384615385 0.1778846153846154 0.15384615384615385
0 0.29447115384615385 0.5985576923076923 0.18509615384615385 0.12980769230769232
0 0.15504807692307693 0.546875 0.21394230769230768 0.19230769230769232
0 0.19591346153846154 0.625 0.09615384615384616 0.07692307692307693
0 0.04807692307692308 0.5865384615384616 0.08173076923076923 0.09375
0 0.038461538461538464 0.47115384615384615 0.06490384615384616 0.11057692307692307
0 0.12259615384615384 0.34615384615384615 0.23076923076923078 0.3798076923076923
0 0.25600961538461536 0.328125 0.2620192307692308 0.23557692307692307
0 0.3425480769230769 0.3016826923076923 0.18509615384615385 0.28846153846153844
0 0.39903846153846156 0.12139423076923077 0.07211538461538461 0.038461538461538464
0 0.3449519230769231 0.09975961538461539 0.06009615384615385 0.03365384615384615
0 0.3329326923076923 0.13942307692307693 0.06009615384615385 0.03365384615384615
0 0.2644230769230769 0.11057692307692307 0.07692307692307693 0.026442307692307692
0 0.27403846153846156 0.078125 0.07211538461538461 0.028846153846153848
0 0.31850961538461536 0.051682692307692304 0.07692307692307693 0.038461538461538464
0 0.3449519230769231 0.07451923076923077 0.06009615384615385 0.02403846153846154
0 0.2704326923076923 0.018028846153846152 0.0889423076923077 0.028846153846153848
0 0.22596153846153846 0.04807692307692308 0.07211538461538461 0.028846153846153848
0 0.20192307692307693 0.08774038461538461 0.08173076923076923 0.04326923076923077
0 0.14302884615384615 0.04807692307692308 0.12980769230769232 0.09615384615384616
0 0.07692307692307693 0.025240384615384616 0.1201923076923077 0.05048076923076923
0 0.3870192307692308 0.026442307692307692 0.14423076923076922 0.052884615384615384
0 0.4014423076923077 0.07451923076923077 0.07692307692307693 0.028846153846153848
0 0.8918269230769231 0.23677884615384615 0.21153846153846154 0.0889423076923077
0 0.7800480769230769 0.20552884615384615 0.32211538461538464 0.13701923076923078
0 0.8269230769230769 0.3088942307692308 0.2980769230769231 0.0625
2 0.41947115384615385 0.7463942307692307 0.2932692307692308 0.1875
2 0.6490384615384616 0.17307692307692307 0.5600961538461539 0.1201923076923077
2 0.6875 0.0985576923076923 0.4951923076923077 0.09134615384615384