0 0.6538461538461539 0.8942307692307693 0.2283653846153846 0.20192307692307693
0 0.7487980769230769 0.6550480769230769 0.1778846153846154 0.28846153846153844
0 0.546875 0.6646634615384616 0.23557692307692307 0.2980769230769231
0 0.4831730769230769 0.8894230769230769 0.12980769230769232 0.21153846153846154
0 0.3798076923076923 0.7788461538461539 0.15865384615384615 0.21634615384615385
0 0.4110576923076923 0.5901442307692307 0.0889423076923077 0.14903846153846154
0 0.32091346153846156 0.6346153846153846 0.10096153846153846 0.1346153846153846
0 0.2644230769230769 0.6346153846153846 0.04326923076923077 0.11298076923076923
0 0.20793269230769232 0.7007211538461539 0.13942307692307693 0.3798076923076923
0 0.4963942307692308 0.4254807692307692 0.12740384615384615 0.15865384615384615
0 0.6526442307692307 0.41225961538461536 0.1778846153846154 0.25721153846153844
0 0.5348557692307693 0.2548076923076923 0.14903846153846154 0.19230769230769232
0 0.65625 0.18028846153846154 0.18509615384615385 0.20673076923076922
0 0.4651442307692308 0.35336538461538464 0.5432692307692307 0.7067307692307693
0 0.33413461538461536 0.5108173076923077 0.11057692307692307 0.11298076923076923
0 0.36899038461538464 0.39663461538461536 0.08173076923076923 0.10336538461538461
0 0.25721153846153844 0.3629807692307692 0.07211538461538461 0.09615384615384616
0 0.24158653846153846 0.47716346153846156 0.04326923076923077 0.1201923076923077
0 0.1971153846153846 0.36538461538461536 0.052884615384615384 0.1346153846153846
0 0.2956730769230769 0.26802884615384615 0.09615384615384616 0.125
0 0.328125 0.17307692307692307 0.10096153846153846 0.13942307692307693
0 0.2608173076923077 0.1466346153846154 0.04326923076923077 0.08653846153846154
0 0.34134615384615385 0.06490384615384616 0.1875 0.12980769230769232
0 0.23798076923076922 0.015625 0.019230769230769232 0.03125
0 0.4338942307692308 0.3293269230769231 0.18269230769230768 0.40384615384615385
4 0.8653846153846154 0.22716346153846154 0.2620192307692308 0.4519230769230769
4 0.8942307692307693 0.47115384615384615 0.20432692307692307 0.13942307692307693
4 0.9326923076923077 0.7608173076923077 0.12740384615384615 0.46875
4 0.8317307692307693 0.8894230769230769 0.11057692307692307 0.21153846153846154
4 0.7524038461538461 0.8245192307692307 0.0625 0.0625
4 0.6778846153846154 0.765625 0.05048076923076923 0.057692307692307696
4 0.07091346153846154 0.4987980769230769 0.13701923076923078 0.9975961538461539
4 0.484375 0.03365384615384615 0.12740384615384615 0.0673076923076923