0 0.9002403846153846 0.5240384615384616 0.14182692307692307 0.1971153846153846
0 0.8040865384615384 0.42908653846153844 0.10096153846153846 0.125
0 0.7259615384615384 0.30288461538461536 0.11298076923076923 0.15865384615384615
0 0.6550480769230769 0.3088942307692308 0.04326923076923077 0.11538461538461539
0 0.609375 0.1935096153846154 0.0985576923076923 0.125
0 0.5276442307692307 0.22956730769230768 0.08173076923076923 0.08653846153846154
0 0.4963942307692308 0.3112980769230769 0.0985576923076923 0.16346153846153846
0 0.5889423076923077 0.27884615384615385 0.08173076923076923 0.08653846153846154
0 0.5877403846153846 0.38221153846153844 0.12740384615384615 0.16346153846153846
0 0.5132211538461539 0.4206730769230769 0.036057692307692304 0.052884615384615384
0 0.6274038461538461 0.43990384615384615 0.0673076923076923 0.16826923076923078
0 0.7019230769230769 0.42908653846153844 0.11057692307692307 0.15865384615384615
0 0.7475961538461539 0.5276442307692307 0.14903846153846154 0.20192307692307693
0 0.8233173076923077 0.6778846153846154 0.1201923076923077 0.21875
0 0.9074519230769231 0.65625 0.0673076923076923 0.0985576923076923
0 0.7367788461538461 0.7680288461538461 0.15625 0.22355769230769232
0 0.609375 0.890625 0.15625 0.20673076923076922
0 0.4639423076923077 0.953125 0.14182692307692307 0.08173076923076923
0 0.3557692307692308 0.9122596153846154 0.14423076923076922 0.16346153846153846
0 0.21634615384615385 0.9266826923076923 0.12740384615384615 0.13701923076923078
0 0.203125 0.8064903846153846 0.13942307692307693 0.16826923076923078
0 0.14783653846153846 0.6418269230769231 0.10576923076923077 0.19230769230769232
0 0.17307692307692307 0.47836538461538464 0.1346153846153846 0.15865384615384615
0 0.24879807692307693 0.4098557692307692 0.0673076923076923 0.12980769230769232
0 0.2548076923076923 0.6286057692307693 0.13942307692307693 0.21875
0 0.33653846153846156 0.7463942307692307 0.15625 0.23557692307692307
0 0.41586538461538464 0.8064903846153846 0.0625 0.10336538461538461
0 0.4963942307692308 0.8365384615384616 0.1346153846153846 0.1875
0 0.4567307692307692 0.6802884615384616 0.12740384615384615 0.18028846153846154
0 0.3786057692307692 0.5576923076923077 0.11057692307692307 0.17307692307692307
0 0.27403846153846156 0.5324519230769231 0.0985576923076923 0.11538461538461539
0 0.33413461538461536 0.4014423076923077 0.11538461538461539 0.16826923076923078
0 0.3786057692307692 0.3605769230769231 0.07211538461538461 0.11057692307692307
0 0.43149038461538464 0.3173076923076923 0.052884615384615384 0.08653846153846154
0 0.43990384615384615 0.4423076923076923 0.10096153846153846 0.15384615384615385
0 0.4567307692307692 0.5384615384615384 0.052884615384615384 0.11538461538461539
0 0.53125 0.5408653846153846 0.12980769230769232 0.1971153846153846
0 0.6201923076923077 0.5733173076923077 0.07692307692307693 0.0985576923076923
0 0.5997596153846154 0.7043269230769231 0.14423076923076922 0.16346153846153846
0 0.7091346153846154 0.6418269230769231 0.11538461538461539 0.10336538461538461
0 0.6550480769230769 0.5432692307692307 0.05048076923076923 0.125
1 0.203125 0.1502403846153846 0.39903846153846156 0.3004807692307692
1 0.07451923076923077 0.8665865384615384 0.14182692307692307 0.25721153846153844
1 0.05048076923076923 0.5216346153846154 0.09615384615384616 0.4326923076923077
1 0.15865384615384615 0.3557692307692308 0.1201923076923077 0.0985576923076923
1 0.5024038461538461 0.07091346153846154 0.21153846153846154 0.14182692307692307
1 0.4639423076923077 0.17427884615384615 0.12740384615384615 0.052884615384615384
1 0.4362980769230769 0.23798076923076922 0.07211538461538461 0.07211538461538461
1 0.8834134615384616 0.14182692307692307 0.2283653846153846 0.28365384615384615
1 0.7163461538461539 0.12860576923076922 0.11057692307692307 0.25721153846153844
1 0.6358173076923077 0.06850961538461539 0.057692307692307696 0.13701923076923078
1 0.9242788461538461 0.3605769230769231 0.1466346153846154 0.15384615384615385
1 0.8185096153846154 0.32572115384615385 0.06490384615384616 0.08173076923076923
1 0.9026442307692307 0.8930288461538461 0.18990384615384615 0.20432692307692307
1 0.7487980769230769 0.9507211538461539 0.11538461538461539 0.08653846153846154
1 0.6766826923076923 0.9699519230769231 0.021634615384615384 0.04807692307692308
1 0.6514423076923077 0.9831730769230769 0.028846153846153848 0.021634615384615384
1 0.7896634615384616 0.8713942307692307 0.036057692307692304 0.08173076923076923
1 0.7524038461538461 0.890625 0.036057692307692304 0.03365384615384615
1 0.9579326923076923 0.7331730769230769 0.07932692307692307 0.125
1 0.8942307692307693 0.7620192307692307 0.04326923076923077 0.07211538461538461
1 0.8581730769230769 0.7764423076923077 0.028846153846153848 0.03365384615384615
1 0.9807692307692307 0.6478365384615384 0.03365384615384615 0.040865384615384616
1 0.9879807692307693 0.6129807692307693 0.019230769230769232 0.02403846153846154
1 0.984375 0.5276442307692307 0.026442307692307692 0.17067307692307693