0 0.7908653846153846 0.31490384615384615 0.11538461538461539 0.18028846153846154
0 0.8173076923076923 0.6069711538461539 0.07692307692307693 0.18028846153846154
0 0.6995192307692307 0.5564903846153846 0.15384615384615385 0.30288461538461536
0 0.6586538461538461 0.3449519230769231 0.12740384615384615 0.25
0 0.7223557692307693 0.19591346153846154 0.1466346153846154 0.21394230769230768
0 0.4987980769230769 0.6694711538461539 0.16826923076923078 0.27884615384615385
0 0.3942307692307692 0.5420673076923077 0.20192307692307693 0.25
0 0.3473557692307692 0.6694711538461539 0.16105769230769232 0.22115384615384615
0 0.46153846153846156 0.8774038461538461 0.14182692307692307 0.22115384615384615
0 0.24639423076923078 0.7319711538461539 0.11538461538461539 0.16826923076923078
0 0.22716346153846154 0.8725961538461539 0.16826923076923078 0.1971153846153846