0 0.65625 0.8040865384615384 0.15625 0.10096153846153846
0 0.6201923076923077 0.8786057692307693 0.08173076923076923 0.04567307692307692
0 0.7259615384615384 0.90625 0.0673076923076923 0.06490384615384616
0 0.6490384615384616 0.9507211538461539 0.057692307692307696 0.06971153846153846
0 0.15625 0.6887019230769231 0.3125 0.36538461538461536
0 0.28365384615384615 0.6009615384615384 0.3894230769230769 0.33413461538461536
0 0.40625 0.6862980769230769 0.10576923076923077 0.026442307692307692
0 0.4170673076923077 0.7223557692307693 0.09375 0.04567307692307692
0 0.4483173076923077 0.7391826923076923 0.0625 0.04326923076923077
0 0.4735576923076923 0.703125 0.052884615384615384 0.038461538461538464
0 0.16947115384615385 0.7980769230769231 0.04807692307692308 0.0673076923076923
0 0.20793269230769232 0.8389423076923077 0.052884615384615384 0.06490384615384616
0 0.23197115384615385 0.8040865384615384 0.0673076923076923 0.057692307692307696
0 0.27283653846153844 0.8305288461538461 0.057692307692307696 0.03365384615384615
0 0.2920673076923077 0.8016826923076923 0.0625 0.02403846153846154
0 0.11177884615384616 0.5168269230769231 0.036057692307692304 0.02403846153846154
0 0.109375 0.4831730769230769 0.052884615384615384 0.038461538461538464
0 0.17668269230769232 0.2800480769230769 0.04326923076923077 0.057692307692307696
0 0.18509615384615385 0.15745192307692307 0.07692307692307693 0.17067307692307693
0 0.23197115384615385 0.04807692307692308 0.0985576923076923 0.08653846153846154
0 0.2548076923076923 0.06490384615384616 0.09375 0.0673076923076923
0 0.24278846153846154 0.20192307692307693 0.0889423076923077 0.0673076923076923
0 0.28846153846153844 0.30408653846153844 0.1201923076923077 0.1201923076923077
0 0.21634615384615385 0.28846153846153844 0.036057692307692304 0.1201923076923077
0 0.28365384615384615 0.44471153846153844 0.0889423076923077 0.08413461538461539
0 0.25721153846153844 0.375 0.07692307692307693 0.06490384615384616
0 0.3173076923076923 0.49038461538461536 0.052884615384615384 0.07692307692307693
0 0.3641826923076923 0.4891826923076923 0.08173076923076923 0.1346153846153846
0 0.5384615384615384 0.47716346153846156 0.07692307692307693 0.125
0 0.6322115384615384 0.4579326923076923 0.21394230769230768 0.1875
0 0.7139423076923077 0.04927884615384615 0.125 0.09134615384615384
0 0.8173076923076923 0.12139423076923077 0.2692307692307692 0.23557692307692307
0 0.8882211538461539 0.056490384615384616 0.16105769230769232 0.10576923076923077
0 0.9350961538461539 0.1502403846153846 0.0673076923076923 0.125
0 0.8569711538461539 0.15264423076923078 0.13942307692307693 0.16826923076923078
0 0.7548076923076923 0.09134615384615384 0.14423076923076922 0.17548076923076922
0 0.8485576923076923 0.2848557692307692 0.1778846153846154 0.14423076923076922
0 0.7295673076923077 0.19591346153846154 0.11538461538461539 0.22596153846153846
0 0.6850961538461539 0.18870192307692307 0.16105769230769232 0.16346153846153846
0 0.5985576923076923 0.07572115384615384 0.09375 0.14423076923076922
0 0.5048076923076923 0.06610576923076923 0.125 0.125
0 0.5288461538461539 0.13341346153846154 0.07692307692307693 0.11538461538461539
0 0.8173076923076923 0.36899038461538464 0.15625 0.04567307692307692
0 0.640625 0.34615384615384615 0.2692307692307692 0.11538461538461539
0 0.7079326923076923 0.375 0.11538461538461539 0.057692307692307696
0 0.703125 0.42788461538461536 0.1875 0.057692307692307696
0 0.8076923076923077 0.4387019230769231 0.0625 0.10096153846153846
0 0.5420673076923077 0.2704326923076923 0.1778846153846154 0.15865384615384615
0 0.5108173076923077 0.19591346153846154 0.16826923076923078 0.09615384615384616
0 0.4423076923076923 0.15625 0.08173076923076923 0.09134615384615384
0 0.3858173076923077 0.056490384615384616 0.1346153846153846 0.10576923076923077
0 0.3233173076923077 0.08173076923076923 0.09375 0.15625
0 0.3954326923076923 0.2091346153846154 0.125 0.2980769230769231
0 0.37740384615384615 0.37259615384615385 0.07692307692307693 0.1201923076923077
0 0.43028846153846156 0.3161057692307692 0.07692307692307693 0.17548076923076922
0 0.47115384615384615 0.5324519230769231 0.07692307692307693 0.13701923076923078
0 0.5576923076923077 0.3016826923076923 0.8221153846153846 0.5961538461538461