0 0.8509615384615384 0.9651442307692307 0.11538461538461539 0.0625
0 0.9507211538461539 0.96875 0.08653846153846154 0.055288461538461536
0 0.96875 0.9158653846153846 0.052884615384615384 0.06009615384615385
0 0.8966346153846154 0.921875 0.10336538461538461 0.06009615384615385
0 0.8533653846153846 0.9134615384615384 0.07451923076923077 0.040865384615384616
0 0.8016826923076923 0.9447115384615384 0.07451923076923077 0.04807692307692308
0 0.7355769230769231 0.9711538461538461 0.11538461538461539 0.052884615384615384
0 0.640625 0.9795673076923077 0.052884615384615384 0.03365384615384615
0 0.6862980769230769 0.9254807692307693 0.1201923076923077 0.09134615384615384
0 0.8016826923076923 0.8882211538461539 0.09615384615384616 0.0673076923076923
0 0.9194711538461539 0.8737980769230769 0.08173076923076923 0.04567307692307692
0 0.9711538461538461 0.8641826923076923 0.04567307692307692 0.03125
0 0.9278846153846154 0.828125 0.0625 0.03365384615384615
0 0.9771634615384616 0.828125 0.03365384615384615 0.040865384615384616
0 0.9459134615384616 0.78125 0.09615384615384616 0.052884615384615384
0 0.9314903846153846 0.7259615384615384 0.125 0.052884615384615384
0 0.8617788461538461 0.7584134615384616 0.11538461538461539 0.0673076923076923
0 0.8425480769230769 0.8221153846153846 0.1201923076923077 0.0673076923076923
0 0.7620192307692307 0.8401442307692307 0.09615384615384616 0.052884615384615384
0 0.7103365384615384 0.8521634615384616 0.07451923076923077 0.055288461538461536
0 0.6862980769230769 0.7896634615384616 0.07451923076923077 0.0625
0 0.7644230769230769 0.7860576923076923 0.09134615384615384 0.055288461538461536
0 0.7524038461538461 0.7307692307692307 0.13942307692307693 0.055288461538461536
0 0.6346153846153846 0.7295673076923077 0.07451923076923077 0.057692307692307696
0 0.6237980769230769 0.78125 0.0625 0.052884615384615384
0 0.5973557692307693 0.8305288461538461 0.1971153846153846 0.14423076923076922
0 0.578125 0.9278846153846154 0.13221153846153846 0.13942307692307693
0 0.4543269230769231 0.9615384615384616 0.16105769230769232 0.06971153846153846
0 0.45072115384615385 0.8737980769230769 0.16826923076923078 0.11538461538461539
0 0.4423076923076923 0.7632211538461539 0.16105769230769232 0.10096153846153846
0 0.4483173076923077 0.6670673076923077 0.14903846153846154 0.09134615384615384
0 0.46033653846153844 0.5588942307692307 0.18269230769230768 0.11778846153846154
0 0.4543269230769231 0.44711538461538464 0.18269230769230768 0.10576923076923077
0 0.4855769230769231 0.3485576923076923 0.16826923076923078 0.11057692307692307
0 0.47115384615384615 0.2536057692307692 0.16105769230769232 0.09134615384615384
0 0.4855769230769231 0.15504807692307693 0.14423076923076922 0.09134615384615384
0 0.5745192307692307 0.703125 0.14903846153846154 0.09134615384615384
0 0.7872596153846154 0.6935096153846154 0.28846153846153844 0.040865384615384616
0 0.5829326923076923 0.5997596153846154 0.15384615384615385 0.11778846153846154
0 0.6009615384615384 0.46153846153846156 0.14423076923076922 0.14423076923076922
0 0.6262019230769231 0.36538461538461536 0.10336538461538461 0.04807692307692308
0 0.5973557692307693 0.3004807692307692 0.125 0.09615384615384616
0 0.5829326923076923 0.23918269230769232 0.1201923076923077 0.10096153846153846
0 0.5949519230769231 0.15384615384615385 0.08653846153846154 0.07932692307692307
0 0.5132211538461539 0.06490384615384616 0.3581730769230769 0.125
0 0.6526442307692307 0.36778846153846156 0.038461538461538464 0.0673076923076923
0 0.7043269230769231 0.4170673076923077 0.11057692307692307 0.04807692307692308
0 0.7331730769230769 0.3605769230769231 0.11057692307692307 0.0673076923076923
0 0.7127403846153846 0.31009615384615385 0.11538461538461539 0.055288461538461536
0 0.6959134615384616 0.24879807692307693 0.08173076923076923 0.0673076923076923
0 0.6610576923076923 0.1935096153846154 0.04567307692307692 0.055288461538461536
0 0.7379807692307693 0.1935096153846154 0.11057692307692307 0.07692307692307693
0 0.6670673076923077 0.1502403846153846 0.057692307692307696 0.04326923076923077
0 0.7295673076923077 0.11538461538461539 0.09134615384615384 0.07211538461538461
0 0.6550480769230769 0.09975961538461539 0.04567307692307692 0.04807692307692308
0 0.71875 0.04447115384615385 0.08173076923076923 0.0673076923076923
0 0.828125 0.4170673076923077 0.125 0.055288461538461536
0 0.8942307692307693 0.41947115384615385 0.038461538461538464 0.04326923076923077
0 0.9483173076923077 0.42908653846153844 0.0673076923076923 0.038461538461538464
0 0.96875 0.4074519230769231 0.052884615384615384 0.055288461538461536
0 0.9314903846153846 0.3798076923076923 0.11538461538461539 0.08173076923076923
0 0.8245192307692307 0.3581730769230769 0.09615384615384616 0.055288461538461536
0 0.8185096153846154 0.4170673076923077 0.11057692307692307 0.04807692307692308
0 0.921875 0.31009615384615385 0.07451923076923077 0.04807692307692308
0 0.96875 0.32572115384615385 0.052884615384615384 0.04326923076923077
0 0.828125 0.30528846153846156 0.11538461538461539 0.057692307692307696
0 0.7788461538461539 0.2548076923076923 0.07451923076923077 0.04807692307692308
0 0.9050480769230769 0.2512019230769231 0.1778846153846154 0.0625
0 0.96875 0.28125 0.052884615384615384 0.052884615384615384
0 0.8509615384615384 0.21033653846153846 0.11538461538461539 0.04807692307692308
0 0.9483173076923077 0.1935096153846154 0.09134615384615384 0.040865384615384616
0 0.8329326923076923 0.14182692307692307 0.09134615384615384 0.07692307692307693
0 0.9194711538461539 0.10697115384615384 0.125 0.08173076923076923
0 0.9362980769230769 0.1502403846153846 0.11538461538461539 0.052884615384615384
0 0.8185096153846154 0.040865384615384616 0.11057692307692307 0.055288461538461536
0 0.8185096153846154 0.08653846153846154 0.08653846153846154 0.03365384615384615
0 0.9338942307692307 0.04326923076923077 0.1201923076923077 0.052884615384615384
0 0.9711538461538461 0.6418269230769231 0.04567307692307692 0.0673076923076923
0 0.890625 0.6346153846153846 0.125 0.0673076923076923
0 0.7848557692307693 0.6442307692307693 0.09615384615384616 0.040865384615384616
0 0.71875 0.6442307692307693 0.04567307692307692 0.03365384615384615
0 0.6899038461538461 0.6310096153846154 0.0673076923076923 0.03365384615384615
0 0.7127403846153846 0.6021634615384616 0.09134615384615384 0.052884615384615384
0 0.6694711538461539 0.5709134615384616 0.038461538461538464 0.038461538461538464
0 0.6550480769230769 0.5276442307692307 0.057692307692307696 0.040865384615384616
0 0.7127403846153846 0.49158653846153844 0.09134615384615384 0.052884615384615384
0 0.7151442307692307 0.5384615384615384 0.08653846153846154 0.04807692307692308
0 0.7932692307692307 0.5348557692307693 0.09134615384615384 0.04807692307692308
0 0.7560096153846154 0.5793269230769231 0.0625 0.04807692307692308
0 0.7992788461538461 0.49158653846153844 0.08173076923076923 0.04326923076923077
0 0.8882211538461539 0.5048076923076923 0.11057692307692307 0.07211538461538461
0 0.9074519230769231 0.5661057692307693 0.08173076923076923 0.055288461538461536
0 0.8245192307692307 0.5757211538461539 0.08653846153846154 0.0673076923076923
0 0.9711538461538461 0.5745192307692307 0.04567307692307692 0.0673076923076923
0 0.9711538461538461 0.5036057692307693 0.04567307692307692 0.07692307692307693
0 0.3329326923076923 0.9194711538461539 0.13942307692307693 0.08653846153846154
0 0.35096153846153844 0.9891826923076923 0.08173076923076923 0.014423076923076924
0 0.35096153846153844 0.9759615384615384 0.057692307692307696 0.019230769230769232
0 0.28125 0.9723557692307693 0.08173076923076923 0.04807692307692308
0 0.21514423076923078 0.9759615384615384 0.0625 0.040865384615384616
0 0.21514423076923078 0.9314903846153846 0.07451923076923077 0.055288461538461536
0 0.24759615384615385 0.9134615384615384 0.03365384615384615 0.04807692307692308
0 0.27283653846153844 0.8725961538461539 0.08653846153846154 0.04807692307692308
0 0.3245192307692308 0.8329326923076923 0.13221153846153846 0.07932692307692307
0 0.29927884615384615 0.7487980769230769 0.11538461538461539 0.08173076923076923
0 0.3161057692307692 0.6706730769230769 0.125 0.07932692307692307
0 0.3425480769230769 0.6225961538461539 0.08653846153846154 0.052884615384615384
0 0.3161057692307692 0.5877403846153846 0.125 0.07211538461538461
0 0.33653846153846156 0.5084134615384616 0.1201923076923077 0.07932692307692307
0 0.3245192307692308 0.44471153846153844 0.08653846153846154 0.04807692307692308
0 0.3425480769230769 0.3858173076923077 0.14423076923076922 0.08173076923076923
0 0.24158653846153846 0.4519230769230769 0.0673076923076923 0.055288461538461536
0 0.24759615384615385 0.4963942307692308 0.057692307692307696 0.04807692307692308
0 0.2439903846153846 0.5396634615384616 0.07451923076923077 0.052884615384615384
0 0.23557692307692307 0.578125 0.04567307692307692 0.038461538461538464
0 0.2439903846153846 0.6298076923076923 0.052884615384615384 0.052884615384615384
0 0.22115384615384615 0.6622596153846154 0.028846153846153848 0.019230769230769232
0 0.2439903846153846 0.6995192307692307 0.0625 0.040865384615384616
0 0.2127403846153846 0.75 0.057692307692307696 0.04567307692307692
0 0.25841346153846156 0.7932692307692307 0.0673076923076923 0.03365384615384615
0 0.24158653846153846 0.8365384615384616 0.03365384615384615 0.038461538461538464
0 0.20072115384615385 0.8725961538461539 0.057692307692307696 0.07692307692307693
0 0.19831730769230768 0.8016826923076923 0.038461538461538464 0.057692307692307696
0 0.0889423076923077 0.9338942307692307 0.1778846153846154 0.125
0 0.09254807692307693 0.765625 0.09134615384615384 0.04807692307692308
0 0.09495192307692307 0.8137019230769231 0.18990384615384615 0.12980769230769232
0 0.16346153846153846 0.7235576923076923 0.09615384615384616 0.0625
0 0.18990384615384615 0.6911057692307693 0.08173076923076923 0.03125
0 0.16947115384615385 0.6598557692307693 0.08653846153846154 0.057692307692307696
0 0.22355769230769232 0.6358173076923077 0.03365384615384615 0.038461538461538464
0 0.1778846153846154 0.6033653846153846 0.10336538461538461 0.04807692307692308
0 0.0829326923076923 0.5985576923076923 0.09615384615384616 0.052884615384615384
0 0.22716346153846154 0.3858173076923077 0.08653846153846154 0.0625
0 0.28125 0.3401442307692308 0.08173076923076923 0.04326923076923077
0 0.35096153846153844 0.29447115384615385 0.13942307692307693 0.08653846153846154
0 0.3449519230769231 0.23677884615384615 0.10336538461538461 0.04326923076923077
0 0.38221153846153844 0.1971153846153846 0.08653846153846154 0.055288461538461536
0 0.3557692307692308 0.13581730769230768 0.11538461538461539 0.07211538461538461
0 0.2620192307692308 0.14783653846153846 0.07451923076923077 0.055288461538461536
0 0.2956730769230769 0.19110576923076922 0.08653846153846154 0.057692307692307696
0 0.25600961538461536 0.22235576923076922 0.07451923076923077 0.052884615384615384
0 0.27884615384615385 0.26322115384615385 0.07451923076923077 0.04326923076923077
0 0.2439903846153846 0.3016826923076923 0.07451923076923077 0.052884615384615384
0 0.2956730769230769 0.021634615384615384 0.11057692307692307 0.038461538461538464
0 0.31009615384615385 0.056490384615384616 0.04567307692307692 0.02403846153846154
0 0.35336538461538464 0.0673076923076923 0.038461538461538464 0.02403846153846154
0 0.16346153846153846 0.06009615384615385 0.07451923076923077 0.038461538461538464
0 0.1778846153846154 0.08653846153846154 0.04567307692307692 0.028846153846153848
0 0.19831730769230768 0.11778846153846154 0.08653846153846154 0.040865384615384616
0 0.12620192307692307 0.1141826923076923 0.04567307692307692 0.019230769230769232
0 0.18629807692307693 0.22716346153846154 0.07451923076923077 0.055288461538461536
0 0.22355769230769232 0.2620192307692308 0.057692307692307696 0.03365384615384615
0 0.17548076923076922 0.2608173076923077 0.038461538461538464 0.03125
0 0.19591346153846154 0.3125 0.057692307692307696 0.016826923076923076
0 0.18389423076923078 0.33052884615384615 0.08173076923076923 0.014423076923076924
0 0.1814903846153846 0.41225961538461536 0.09615384615384616 0.03125
0 0.18629807692307693 0.4495192307692308 0.1201923076923077 0.03125
0 0.09735576923076923 0.4651442307692308 0.125 0.055288461538461536
0 0.04326923076923077 0.5192307692307693 0.08653846153846154 0.07211538461538461
0 0.09254807692307693 0.5564903846153846 0.09134615384615384 0.052884615384615384
0 0.171875 0.5588942307692307 0.0673076923076923 0.055288461538461536
0 0.14903846153846154 0.5084134615384616 0.11538461538461539 0.052884615384615384
0 0.10096153846153846 0.02283653846153846 0.20192307692307693 0.04326923076923077
0 0.06610576923076923 0.24158653846153846 0.13221153846153846 0.41346153846153844
0 0.20072115384615385 0.36899038461538464 0.18269230769230768 0.0625
0 0.14903846153846154 0.29086538461538464 0.11538461538461539 0.038461538461538464
0 0.18629807692307693 0.17427884615384615 0.0625 0.052884615384615384
0 0.49759615384615385 0.4987980769230769 0.9951923076923077 0.9951923076923077