0 0.40625 0.21995192307692307 0.5793269230769231 0.3317307692307692
0 0.16346153846153846 0.078125 0.3173076923076923 0.14903846153846154
0 0.07572115384615384 0.3125 0.13942307692307693 0.3076923076923077
0 0.6730769230769231 0.07091346153846154 0.49038461538461536 0.1346153846153846
0 0.8377403846153846 0.1814903846153846 0.31971153846153844 0.3389423076923077
0 0.7247596153846154 0.4543269230769231 0.5264423076923077 0.33653846153846156
0 0.3389423076923077 0.5612980769230769 0.5721153846153846 0.34615384615384615
0 0.11057692307692307 0.6802884615384616 0.21153846153846154 0.375
0 0.3425480769230769 0.8677884615384616 0.5697115384615384 0.25961538461538464
0 0.7439903846153846 0.7872596153846154 0.5072115384615384 0.3293269230769231
0 0.9146634615384616 0.5685096153846154 0.16826923076923078 0.27884615384615385