0 0.11177884615384616 0.8930288461538461 0.21153846153846154 0.14903846153846154
0 0.10336538461538461 0.9855769230769231 0.17307692307692307 0.021634615384615384
0 0.25961538461538464 0.9459134615384616 0.21153846153846154 0.10096153846153846
0 0.1310096153846154 0.8425480769230769 0.21875 0.09134615384615384
0 0.027644230769230768 0.7884615384615384 0.04326923076923077 0.0673076923076923
0 0.04927884615384615 0.6430288461538461 0.08653846153846154 0.08173076923076923
0 0.1201923076923077 0.7259615384615384 0.23076923076923078 0.14903846153846154
0 0.234375 0.78125 0.21875 0.1201923076923077
0 0.33653846153846156 0.8245192307692307 0.22355769230769232 0.14903846153846154
0 0.4675480769230769 0.9278846153846154 0.22355769230769232 0.13942307692307693
0 0.5769230769230769 0.9819711538461539 0.18028846153846154 0.028846153846153848
0 0.7427884615384616 0.96875 0.20673076923076922 0.055288461538461536
0 0.921875 0.9783653846153846 0.15144230769230768 0.038461538461538464
0 0.8858173076923077 0.96875 0.0985576923076923 0.040865384615384616
0 0.9603365384615384 0.9038461538461539 0.07451923076923077 0.125
0 0.8088942307692307 0.8641826923076923 0.23076923076923078 0.16346153846153846
0 0.6442307692307693 0.9170673076923077 0.12980769230769232 0.08653846153846154
0 0.5985576923076923 0.8064903846153846 0.21153846153846154 0.14903846153846154
0 0.4675480769230769 0.8401442307692307 0.06009615384615385 0.04326923076923077
0 0.4266826923076923 0.7524038461538461 0.15384615384615385 0.12740384615384615
0 0.30288461538461536 0.6526442307692307 0.22355769230769232 0.15384615384615385
0 0.13701923076923078 0.5685096153846154 0.21875 0.15384615384615385
0 0.021634615384615384 0.5108173076923077 0.03365384615384615 0.10096153846153846
0 0.057692307692307696 0.5288461538461539 0.10336538461538461 0.12980769230769232
0 0.15625 0.41346153846153844 0.21153846153846154 0.14423076923076922
0 0.036057692307692304 0.3317307692307692 0.06009615384615385 0.14182692307692307
0 0.02403846153846154 0.42788461538461536 0.038461538461538464 0.07211538461538461
0 0.10697115384615384 0.3076923076923077 0.16826923076923078 0.12259615384615384
0 0.027644230769230768 0.23677884615384615 0.04326923076923077 0.07692307692307693
0 0.18629807692307693 0.23677884615384615 0.21875 0.14903846153846154
0 0.28365384615384615 0.30288461538461536 0.1971153846153846 0.11057692307692307
0 0.3605769230769231 0.36538461538461536 0.2403846153846154 0.15384615384615385
0 0.3088942307692308 0.49759615384615385 0.21153846153846154 0.14903846153846154
0 0.5132211538461539 0.5240384615384616 0.23076923076923078 0.15625
0 0.5300480769230769 0.671875 0.21875 0.1346153846153846
0 0.4723557692307692 0.5925480769230769 0.19230769230769232 0.07692307692307693
0 0.6370192307692307 0.6634615384615384 0.125 0.12980769230769232
0 0.7536057692307693 0.7151442307692307 0.21875 0.14182692307692307
0 0.9242788461538461 0.7836538461538461 0.1466346153846154 0.14903846153846154
0 0.9194711538461539 0.6610576923076923 0.15625 0.14903846153846154
0 0.7920673076923077 0.6310096153846154 0.1875 0.07932692307692307
0 0.7512019230769231 0.5673076923076923 0.22355769230769232 0.14903846153846154
0 0.6418269230769231 0.4855769230769231 0.14903846153846154 0.11538461538461539
0 0.7764423076923077 0.4639423076923077 0.12980769230769232 0.07211538461538461
0 0.9122596153846154 0.5060096153846154 0.17307692307692307 0.15625
0 0.9543269230769231 0.3870192307692308 0.08653846153846154 0.08653846153846154
0 0.08173076923076923 0.11538461538461539 0.15384615384615385 0.16826923076923078
0 0.04326923076923077 0.020432692307692308 0.0673076923076923 0.038461538461538464
0 0.1778846153846154 0.04927884615384615 0.22355769230769232 0.09615384615384616
0 0.234375 0.17067307692307693 0.1971153846153846 0.12980769230769232
0 0.4098557692307692 0.16466346153846154 0.21875 0.14903846153846154
0 0.38822115384615385 0.05048076923076923 0.25 0.10096153846153846
0 0.5 0.27884615384615385 0.22355769230769232 0.10817307692307693
0 0.6069711538461539 0.171875 0.20673076923076922 0.14182692307692307
0 0.5384615384615384 0.06009615384615385 0.13701923076923078 0.1201923076923077
0 0.7019230769230769 0.07091346153846154 0.23557692307692307 0.14182692307692307
0 0.71875 0.2536057692307692 0.21153846153846154 0.14423076923076922
0 0.6694711538461539 0.35336538461538464 0.125 0.1201923076923077
0 0.8064903846153846 0.16706730769230768 0.18028846153846154 0.14423076923076922
0 0.8858173076923077 0.30408653846153844 0.12980769230769232 0.12980769230769232
0 0.8137019230769231 0.3786057692307692 0.21875 0.14182692307692307
0 0.953125 0.2776442307692308 0.09134615384615384 0.14182692307692307
0 0.953125 0.125 0.09134615384615384 0.15625
0 0.9182692307692307 0.203125 0.08653846153846154 0.08653846153846154
0 0.9002403846153846 0.055288461538461536 0.19471153846153846 0.11057692307692307
0 0.5012019230769231 0.5 0.9927884615384616 1