0 0.5204326923076923 0.6129807692307693 0.040865384615384616 0.1201923076923077
0 0.7800480769230769 0.2608173076923077 0.14423076923076922 0.2956730769230769
0 0.8149038461538461 0.10336538461538461 0.13942307692307693 0.19471153846153846
0 0.7463942307692307 0.028846153846153848 0.10336538461538461 0.04567307692307692
0 0.6694711538461539 0.14783653846153846 0.14423076923076922 0.28365384615384615
0 0.5600961538461539 0.03485576923076923 0.10576923076923077 0.057692307692307696
0 0.8016826923076923 0.46875 0.23317307692307693 0.14423076923076922
0 0.5576923076923077 0.6538461538461539 0.03365384615384615 0.10096153846153846
0 0.5036057692307693 0.6538461538461539 0.02403846153846154 0.0625
0 0.5408653846153846 0.7079326923076923 0.038461538461538464 0.06971153846153846
0 0.5769230769230769 0.7487980769230769 0.040865384615384616 0.10096153846153846
0 0.6213942307692307 0.7740384615384616 0.052884615384615384 0.08653846153846154
0 0.6490384615384616 0.7235576923076923 0.04807692307692308 0.0625
0 0.6009615384615384 0.6923076923076923 0.04326923076923077 0.08653846153846154
0 0.6237980769230769 0.6009615384615384 0.040865384615384616 0.1201923076923077
0 0.6418269230769231 0.6574519230769231 0.04326923076923077 0.09375
0 0.6694711538461539 0.6009615384615384 0.04326923076923077 0.09375
0 0.6634615384615384 0.6670673076923077 0.019230769230769232 0.038461538461538464
0 0.5925480769230769 0.6069711538461539 0.028846153846153848 0.09375
0 0.5673076923076923 0.5564903846153846 0.040865384615384616 0.09375
0 0.5264423076923077 0.5372596153846154 0.040865384615384616 0.06971153846153846
0 0.5625 0.46875 0.057692307692307696 0.08173076923076923
0 0.6081730769230769 0.5120192307692307 0.052884615384615384 0.08173076923076923
0 0.6478365384615384 0.515625 0.03125 0.10096153846153846
0 0.6802884615384616 0.4879807692307692 0.040865384615384616 0.09375
0 0.6923076923076923 0.5408653846153846 0.03125 0.0625
0 0.6334134615384616 0.45913461538461536 0.03365384615384615 0.0625
0 0.6117788461538461 0.4338942307692308 0.021634615384615384 0.0625
0 0.5877403846153846 0.42788461538461536 0.03125 0.0625
0 0.5600961538461539 0.3870192307692308 0.04326923076923077 0.06971153846153846
0 0.5348557692307693 0.4807692307692308 0.02403846153846154 0.06971153846153846
0 0.6478365384615384 0.8713942307692307 0.07451923076923077 0.13221153846153846
0 0.6502403846153846 0.9675480769230769 0.09375 0.06009615384615385
0 0.5877403846153846 0.9230769230769231 0.06490384615384616 0.14903846153846154
0 0.5540865384615384 0.9735576923076923 0.0889423076923077 0.04807692307692308
0 0.5372596153846154 0.9278846153846154 0.038461538461538464 0.06971153846153846
0 0.5 0.9603365384615384 0.057692307692307696 0.07451923076923077
0 0.96875 0.9326923076923077 0.0625 0.12980769230769232
0 0.9399038461538461 0.28966346153846156 0.11298076923076923 0.16346153846153846
0 0.9387019230769231 0.14182692307692307 0.07692307692307693 0.09375
0 0.9471153846153846 0.05048076923076923 0.05048076923076923 0.08653846153846154
0 0.984375 0.052884615384615384 0.02403846153846154 0.09375
0 0.96875 0.5528846153846154 0.057692307692307696 0.12740384615384615
0 0.7992788461538461 0.5697115384615384 0.11298076923076923 0.10817307692307693
0 0.96875 0.6826923076923077 0.057692307692307696 0.17067307692307693
0 0.9170673076923077 0.47115384615384615 0.15865384615384615 0.2644230769230769
0 0.9290865384615384 0.28966346153846156 0.1346153846153846 0.16346153846153846
0 0.953125 0.10096153846153846 0.08653846153846154 0.1875
0 0.9338942307692307 0.7487980769230769 0.0625 0.22596153846153846
0 0.9098557692307693 0.7487980769230769 0.06009615384615385 0.1875
0 0.9122596153846154 0.7139423076923077 0.10576923076923077 0.18269230769230768
0 0.8677884615384616 0.6766826923076923 0.02403846153846154 0.23317307692307693
0 0.8725961538461539 0.6598557692307693 0.07211538461538461 0.25240384615384615
0 0.8966346153846154 0.6382211538461539 0.03125 0.1201923076923077
0 0.8521634615384616 0.578125 0.057692307692307696 0.0889423076923077
0 0.8221153846153846 0.6634615384615384 0.014423076923076924 0.1201923076923077
0 0.8461538461538461 0.6634615384615384 0.019230769230769232 0.13221153846153846
0 0.8413461538461539 0.7800480769230769 0.12259615384615384 0.28846153846153844
0 0.8377403846153846 0.7668269230769231 0.16826923076923078 0.41586538461538464
0 0.7536057692307693 0.9146634615384616 0.15865384615384615 0.16826923076923078
0 0.7692307692307693 0.921875 0.16826923076923078 0.1201923076923077
0 0.7151442307692307 0.8641826923076923 0.07211538461538461 0.10576923076923077
0 0.7007211538461539 0.7764423076923077 0.04326923076923077 0.04326923076923077
0 0.7704326923076923 0.8641826923076923 0.10576923076923077 0.24519230769230768
0 0.7560096153846154 0.7920673076923077 0.12980769230769232 0.3269230769230769
0 0.7848557692307693 0.7824519230769231 0.16826923076923078 0.32211538461538464
0 0.8317307692307693 0.9603365384615384 0.18269230769230768 0.07451923076923077
0 0.7451923076923077 0.6947115384615384 0.03125 0.19471153846153846
0 0.7752403846153846 0.6442307692307693 0.040865384615384616 0.2091346153846154