0 0.7211538461538461 0.17908653846153846 0.2980769230769231 0.28846153846153844
0 0.3737980769230769 0.1141826923076923 0.39663461538461536 0.22115384615384615
0 0.4074519230769231 0.3786057692307692 0.40384615384615385 0.34134615384615385
0 0.16706730769230768 0.22956730769230768 0.22115384615384615 0.20432692307692307
0 0.23197115384615385 0.5637019230769231 0.20673076923076922 0.15384615384615385
0 0.13221153846153846 0.4675480769230769 0.2644230769230769 0.35336538461538464
0 0.5540865384615384 0.5865384615384616 0.27403846153846156 0.18509615384615385
0 0.7884615384615384 0.453125 0.3918269230769231 0.27403846153846156
0 0.7427884615384616 0.7103365384615384 0.34134615384615385 0.2403846153846154
0 0.9278846153846154 0.6790865384615384 0.1346153846153846 0.2764423076923077
0 0.47115384615384615 0.7584134615384616 0.49038461538461536 0.36538461538461536
0 0.5 0.9170673076923077 1 0.16105769230769232
0 0.10576923076923077 0.7067307692307693 0.20192307692307693 0.13221153846153846
0 0.046875 0.6310096153846154 0.09134615384615384 0.1201923076923077
0 0.010817307692307692 0.5637019230769231 0.019230769230769232 0.0625
0 0.19591346153846154 0.7872596153846154 0.15384615384615385 0.125
0 0.28125 0.8858173076923077 0.18028846153846154 0.1201923076923077
0 0.33533653846153844 0.9242788461538461 0.17548076923076922 0.057692307692307696
0 0.17427884615384615 0.9507211538461539 0.12259615384615384 0.09375
0 0.08774038461538461 0.8822115384615384 0.09134615384615384 0.1201923076923077
0 0.020432692307692308 0.7776442307692307 0.040865384615384616 0.0889423076923077