0 0.46033653846153844 0.12860576923076922 0.07932692307692307 0.11057692307692307
0 0.4795673076923077 0.057692307692307696 0.04807692307692308 0.07211538461538461
0 0.5204326923076923 0.11057692307692307 0.07211538461538461 0.10576923076923077
0 0.6490384615384616 0.12139423076923077 0.11057692307692307 0.125
0 0.703125 0.0889423076923077 0.09615384615384616 0.125
0 0.3557692307692308 0.16346153846153846 0.0625 0.052884615384615384
0 0.30408653846153844 0.12620192307692307 0.052884615384615384 0.07211538461538461
0 0.3389423076923077 0.09975961538461539 0.052884615384615384 0.052884615384615384
0 0.35336538461538464 0.11899038461538461 0.04567307692307692 0.04807692307692308
0 0.26322115384615385 0.07091346153846154 0.10576923076923077 0.10096153846153846
0 0.16105769230769232 0.14423076923076922 0.0673076923076923 0.0673076923076923
0 0.16706730769230768 0.09254807692307693 0.03365384615384615 0.04807692307692308
0 0.12980769230769232 0.1310096153846154 0.040865384615384616 0.0625
0 0.13701923076923078 0.06850961538461539 0.03365384615384615 0.07211538461538461
0 0.09014423076923077 0.11899038461538461 0.052884615384615384 0.10096153846153846
0 0.052884615384615384 0.12139423076923077 0.028846153846153848 0.0625
0 0.8233173076923077 0.11538461538461539 0.052884615384615384 0.09615384615384616
0 0.8930288461538461 0.08653846153846154 0.15384615384615385 0.0889423076923077
0 0.8990384615384616 0.14423076923076922 0.08173076923076923 0.07932692307692307
0 0.10336538461538461 0.3942307692307692 0.13942307692307693 0.1778846153846154
0 0.12620192307692307 0.36538461538461536 0.10096153846153846 0.11057692307692307
0 0.1141826923076923 0.3942307692307692 0.10096153846153846 0.10576923076923077
0 0.09975961538461539 0.4182692307692308 0.08653846153846154 0.1201923076923077
0 0.06009615384615385 0.4182692307692308 0.052884615384615384 0.14182692307692307
0 0.2824519230769231 0.40024038461538464 0.18028846153846154 0.14903846153846154
0 0.30288461538461536 0.42427884615384615 0.026442307692307692 0.10096153846153846
0 0.4807692307692308 0.4026442307692308 0.17307692307692307 0.12980769230769232
0 0.40625 0.42427884615384615 0.02403846153846154 0.04807692307692308
0 0.43028846153846156 0.4338942307692308 0.019230769230769232 0.038461538461538464
0 0.4206730769230769 0.40024038461538464 0.02403846153846154 0.021634615384615384
0 0.4735576923076923 0.36538461538461536 0.028846153846153848 0.038461538461538464
0 0.4495192307692308 0.38100961538461536 0.019230769230769232 0.026442307692307692
0 0.42427884615384615 0.3762019230769231 0.02403846153846154 0.026442307692307692
0 0.4807692307692308 0.4362980769230769 0.028846153846153848 0.04326923076923077
0 0.45072115384615385 0.4266826923076923 0.02403846153846154 0.04326923076923077
0 0.47596153846153844 0.4050480769230769 0.019230769230769232 0.03125
0 0.5132211538461539 0.38461538461538464 0.019230769230769232 0.052884615384615384
0 0.49038461538461536 0.3737980769230769 0.019230769230769232 0.03125
0 0.5240384615384616 0.43149038461538464 0.026442307692307692 0.04326923076923077
0 0.5492788461538461 0.4338942307692308 0.02403846153846154 0.057692307692307696
0 0.5360576923076923 0.38100961538461536 0.019230769230769232 0.038461538461538464
0 0.6766826923076923 0.39783653846153844 0.12740384615384615 0.15384615384615385
0 0.8365384615384616 0.4074519230769231 0.08653846153846154 0.12980769230769232
0 0.9170673076923077 0.4110576923076923 0.07692307692307693 0.11538461538461539
0 0.8665865384615384 0.5444711538461539 0.15384615384615385 0.07932692307692307
0 0.8762019230769231 0.5949519230769231 0.1658653846153846 0.09615384615384616
0 0.8798076923076923 0.5925480769230769 0.1658653846153846 0.11057692307692307
0 0.5 0.5709134615384616 0.1201923076923077 0.1201923076923077
0 0.4675480769230769 0.5865384615384616 0.11057692307692307 0.1201923076923077
0 0.4567307692307692 0.5973557692307693 0.16105769230769232 0.07932692307692307
0 0.6802884615384616 0.5865384615384616 0.1201923076923077 0.15384615384615385
0 0.29086538461538464 0.5793269230769231 0.11057692307692307 0.15865384615384615
0 0.09375 0.6021634615384616 0.1201923076923077 0.11057692307692307
0 0.13581730769230768 0.5709134615384616 0.12740384615384615 0.11057692307692307
0 0.11658653846153846 0.8629807692307693 0.09615384615384616 0.125
0 0.08653846153846154 0.9110576923076923 0.10576923076923077 0.07211538461538461
0 0.41346153846153844 0.8870192307692307 0.09134615384615384 0.16346153846153846
0 0.7596153846153846 0.8846153846153846 0.11298076923076923 0.14903846153846154
0 0.9110576923076923 0.8762019230769231 0.11538461538461539 0.16346153846153846
0 0.5805288461538461 0.8894230769230769 0.1778846153846154 0.16826923076923078
0 0.25721153846153844 0.8762019230769231 0.1466346153846154 0.16346153846153846