0 0.11778846153846154 0.1201923076923077 0.23076923076923078 0.2283653846153846
0 0.06129807692307692 0.33052884615384615 0.11778846153846154 0.4254807692307692
0 0.06490384615384616 0.6634615384615384 0.12259615384615384 0.3389423076923077
0 0.13822115384615385 0.8653846153846154 0.25240384615384615 0.2644230769230769
0 0.22596153846153846 0.5492788461538461 0.19951923076923078 0.38221153846153844
0 0.4675480769230769 0.5216346153846154 0.23076923076923078 0.4519230769230769
0 0.3161057692307692 0.25 0.23317307692307693 0.41346153846153844
0 0.33413461538461536 0.025240384615384616 0.125 0.038461538461538464
0 0.38100961538461536 0.6298076923076923 0.11778846153846154 0.3317307692307692
0 0.32572115384615385 0.8497596153846154 0.17067307692307693 0.2956730769230769
0 0.4963942307692308 0.8245192307692307 0.1875 0.2644230769230769
0 0.46875 0.9435096153846154 0.16346153846153846 0.10817307692307693
0 0.5985576923076923 0.9579326923076923 0.11538461538461539 0.07932692307692307
0 0.6045673076923077 0.8605769230769231 0.11298076923076923 0.2403846153846154
0 0.6694711538461539 0.6514423076923077 0.08653846153846154 0.21634615384615385
0 0.6021634615384616 0.5961538461538461 0.16346153846153846 0.30288461538461536
0 0.703125 0.27163461538461536 0.27884615384615385 0.5192307692307693
0 0.5384615384615384 0.18509615384615385 0.2403846153846154 0.3581730769230769
0 0.8305288461538461 0.06129807692307692 0.1778846153846154 0.11057692307692307
0 0.9555288461538461 0.07692307692307693 0.08413461538461539 0.14423076923076922
0 0.9134615384615384 0.32091346153846156 0.16826923076923078 0.32211538461538464
0 0.8221153846153846 0.5925480769230769 0.2403846153846154 0.4206730769230769
0 0.7307692307692307 0.8425480769230769 0.15865384615384615 0.30288461538461536
0 0.8149038461538461 0.8978365384615384 0.055288461538461536 0.20192307692307693
0 0.9182692307692307 0.9026442307692307 0.15865384615384615 0.18990384615384615
0 0.9026442307692307 0.7247596153846154 0.15384615384615385 0.2548076923076923
0 0.9891826923076923 0.7079326923076923 0.016826923076923076 0.25721153846153844