0 0.15384615384615385 0.28125 0.30288461538461536 0.5576923076923077
0 0.3545673076923077 0.09375 0.18269230769230768 0.1875
0 0.5168269230769231 0.09735576923076923 0.13942307692307693 0.18990384615384615
0 0.6670673076923077 0.11778846153846154 0.16105769230769232 0.23076923076923078
0 0.8629807692307693 0.09134615384615384 0.2692307692307692 0.1778846153846154
0 0.8329326923076923 0.23677884615384615 0.1778846153846154 0.20432692307692307
0 0.9591346153846154 0.27403846153846156 0.07211538461538461 0.24278846153846154
0 0.5865384615384616 0.2932692307692308 0.0985576923076923 0.20192307692307693
0 0.7295673076923077 0.24278846153846154 0.03365384615384615 0.04567307692307692
0 0.36177884615384615 0.36778846153846156 0.14182692307692307 0.22596153846153846
0 0.4230769230769231 0.26322115384615385 0.2283653846153846 0.1875
0 0.8004807692307693 0.4375 0.14903846153846154 0.2091346153846154
0 0.9302884615384616 0.4182692307692308 0.1346153846153846 0.16826923076923078
0 0.9471153846153846 0.5024038461538461 0.0985576923076923 0.19230769230769232
0 0.6742788461538461 0.47475961538461536 0.1346153846153846 0.20192307692307693
0 0.6935096153846154 0.3112980769230769 0.16346153846153846 0.1346153846153846
0 0.026442307692307692 0.6622596153846154 0.04807692307692308 0.18028846153846154
0 0.018028846153846152 0.796875 0.036057692307692304 0.1346153846153846
0 0.07932692307692307 0.9411057692307693 0.15865384615384615 0.10576923076923077
0 0.16466346153846154 0.7548076923076923 0.24519230769230768 0.41346153846153844
0 0.2980769230769231 0.8954326923076923 0.12740384615384615 0.1971153846153846
0 0.34615384615384615 0.7091346153846154 0.13701923076923078 0.23076923076923078
0 0.39663461538461536 0.8052884615384616 0.057692307692307696 0.09615384615384616
0 0.43990384615384615 0.9206730769230769 0.17307692307692307 0.1466346153846154
0 0.6610576923076923 0.8617788461538461 0.27884615384615385 0.2644230769230769
0 0.8293269230769231 0.7884615384615384 0.17307692307692307 0.24278846153846154
0 0.9579326923076923 0.8137019230769231 0.07692307692307693 0.22596153846153846
0 0.8966346153846154 0.9375 0.19951923076923078 0.11298076923076923
0 0.8858173076923077 0.6274038461538461 0.12980769230769232 0.15865384615384615
0 0.9699519230769231 0.6442307692307693 0.052884615384615384 0.1466346153846154
0 0.7644230769230769 0.6069711538461539 0.125 0.12980769230769232
0 0.7139423076923077 0.703125 0.11538461538461539 0.09615384615384616
0 0.4855769230769231 0.8197115384615384 0.12980769230769232 0.22596153846153846
0 0.5084134615384616 0.4182692307692308 0.04807692307692308 0.09134615384615384
0 0.5637019230769231 0.4266826923076923 0.038461538461538464 0.08653846153846154
0 0.515625 0.36778846153846156 0.028846153846153848 0.03365384615384615
0 0.5612980769230769 0.3870192307692308 0.028846153846153848 0.016826923076923076
0 0.4735576923076923 0.4098557692307692 0.04326923076923077 0.08653846153846154
0 0.44350961538461536 0.46274038461538464 0.052884615384615384 0.0673076923076923
0 0.48197115384615385 0.5060096153846154 0.0673076923076923 0.09615384615384616
0 0.5336538461538461 0.5060096153846154 0.057692307692307696 0.08653846153846154
0 0.5865384615384616 0.5108173076923077 0.04326923076923077 0.07211538461538461
0 0.5865384615384616 0.4543269230769231 0.04807692307692308 0.0625
0 0.43990384615384615 0.5625 0.06009615384615385 0.10576923076923077
0 0.328125 0.5540865384615384 0.17307692307692307 0.20192307692307693
0 0.5036057692307693 0.5793269230769231 0.052884615384615384 0.09615384615384616
0 0.5637019230769231 0.5817307692307693 0.06009615384615385 0.10096153846153846
0 0.6117788461538461 0.5853365384615384 0.038461538461538464 0.09615384615384616
0 0.640625 0.5564903846153846 0.04567307692307692 0.09615384615384616
0 0.6526442307692307 0.6502403846153846 0.07692307692307693 0.10096153846153846
0 0.5805288461538461 0.6586538461538461 0.0673076923076923 0.07211538461538461
0 0.6189903846153846 0.7259615384615384 0.052884615384615384 0.0625
0 0.5576923076923077 0.7367788461538461 0.06971153846153846 0.10576923076923077
0 0.5192307692307693 0.6694711538461539 0.0625 0.09615384615384616
0 0.46153846153846156 0.6502403846153846 0.08653846153846154 0.11298076923076923
0 0.4338942307692308 0.5564903846153846 0.07211538461538461 0.10576923076923077
0 0.4987980769230769 0.49759615384615385 0.9951923076923077 0.9951923076923077