0 0.2608173076923077 0.27884615384615385 0.25 0.09615384615384616
0 0.3870192307692308 0.28725961538461536 0.24278846153846154 0.24759615384615385
0 0.6129807692307693 0.2439903846153846 0.4567307692307692 0.4014423076923077
0 0.9350961538461539 0.23557692307692307 0.11778846153846154 0.09615384615384616
0 0.9435096153846154 0.12860576923076922 0.10096153846153846 0.08413461538461539
0 0.9411057692307693 0.020432692307692308 0.10576923076923077 0.03365384615384615
0 0.8822115384615384 0.3473557692307692 0.09615384615384616 0.0673076923076923
0 0.8725961538461539 0.3918269230769231 0.11298076923076923 0.04807692307692308
0 0.8822115384615384 0.46875 0.057692307692307696 0.0673076923076923
0 0.5084134615384616 0.8064903846153846 0.21153846153846154 0.10576923076923077
0 0.5504807692307693 0.6935096153846154 0.2956730769230769 0.21634615384615385
0 0.7127403846153846 0.6033653846153846 0.21875 0.19230769230769232
0 0.8822115384615384 0.5588942307692307 0.11778846153846154 0.0673076923076923
0 0.31009615384615385 0.6069711538461539 0.23076923076923078 0.1971153846153846
0 0.3137019230769231 0.8942307692307693 0.12980769230769232 0.06971153846153846
0 0.36538461538461536 0.8725961538461539 0.5625 0.25