0 0.23197115384615385 0.8834134615384616 0.18269230769230768 0.08653846153846154
0 0.3858173076923077 0.8966346153846154 0.16826923076923078 0.07692307692307693
0 0.4807692307692308 0.7956730769230769 0.16826923076923078 0.09615384615384616
0 0.46033653846153844 0.7271634615384616 0.12980769230769232 0.04326923076923077
0 0.39903846153846156 0.6826923076923077 0.14903846153846154 0.08173076923076923
0 0.2956730769230769 0.7872596153846154 0.12259615384615384 0.10576923076923077
0 0.18990384615384615 0.7764423076923077 0.16826923076923078 0.1346153846153846
0 0.13701923076923078 0.6802884615384616 0.12980769230769232 0.1346153846153846
0 0.2764423076923077 0.6346153846153846 0.1971153846153846 0.10096153846153846
0 0.5420673076923077 0.6574519230769231 0.21153846153846154 0.11057692307692307
0 0.6622596153846154 0.6526442307692307 0.13942307692307693 0.1346153846153846
0 0.7379807692307693 0.5637019230769231 0.18990384615384615 0.1201923076923077
0 0.6838942307692307 0.6033653846153846 0.08413461538461539 0.057692307692307696
0 0.7259615384615384 0.49278846153846156 0.0673076923076923 0.07211538461538461
0 0.6394230769230769 0.4951923076923077 0.12980769230769232 0.07451923076923077
0 0.6790865384615384 0.38822115384615385 0.12980769230769232 0.12980769230769232
0 0.6286057692307693 0.39302884615384615 0.14903846153846154 0.14182692307692307
0 0.49759615384615385 0.4254807692307692 0.16826923076923078 0.14903846153846154
0 0.5084134615384616 0.5444711538461539 0.23557692307692307 0.11538461538461539
0 0.34615384615384615 0.47836538461538464 0.18990384615384615 0.10576923076923077
0 0.18990384615384615 0.5600961538461539 0.18990384615384615 0.09134615384615384
0 0.35216346153846156 0.5528846153846154 0.12259615384615384 0.07211538461538461
0 0.1346153846153846 0.484375 0.21153846153846154 0.11057692307692307
0 0.2764423076923077 0.42427884615384615 0.16346153846153846 0.08173076923076923
0 0.15865384615384615 0.39903846153846156 0.12980769230769232 0.0673076923076923
0 0.2512019230769231 0.3545673076923077 0.10096153846153846 0.0625
0 0.3629807692307692 0.3293269230769231 0.15625 0.10576923076923077
0 0.6009615384615384 0.29447115384615385 0.10576923076923077 0.07211538461538461
0 0.5360576923076923 0.28365384615384615 0.16826923076923078 0.09134615384615384
0 0.5336538461538461 0.20552884615384615 0.1971153846153846 0.10096153846153846
0 0.3161057692307692 0.24639423076923078 0.25 0.09615384615384616
0 0.14783653846153846 0.3016826923076923 0.18269230769230768 0.1346153846153846
0 0.19591346153846154 0.18028846153846154 0.20192307692307693 0.10096153846153846
0 0.25721153846153844 0.13341346153846154 0.21153846153846154 0.10336538461538461
0 0.4326923076923077 0.0889423076923077 0.1971153846153846 0.15625
0 0.3329326923076923 0.09735576923076923 0.20673076923076922 0.16826923076923078
0 0.18389423076923078 0.07572115384615384 0.21153846153846154 0.11057692307692307