0 0.9026442307692307 0.8798076923076923 0.1875 0.23076923076923078
0 0.953125 0.65625 0.08653846153846154 0.35096153846153844
0 0.9711538461538461 0.4014423076923077 0.05048076923076923 0.18028846153846154
0 0.9350961538461539 0.546875 0.09375 0.16346153846153846
0 0.8810096153846154 0.4182692307692308 0.12980769230769232 0.32211538461538464
0 0.9206730769230769 0.28125 0.15384615384615385 0.19230769230769232
0 0.9134615384615384 0.171875 0.12980769230769232 0.13701923076923078
0 0.9459134615384616 0.06009615384615385 0.10096153846153846 0.1201923076923077
0 0.9831730769230769 0.15625 0.02403846153846154 0.10336538461538461
0 0.8137019230769231 0.24639423076923078 0.08173076923076923 0.1201923076923077
0 0.7956730769230769 0.1045673076923077 0.17307692307692307 0.2091346153846154
0 0.8774038461538461 0.055288461538461536 0.038461538461538464 0.11057692307692307
0 0.7079326923076923 0.15264423076923078 0.052884615384615384 0.1201923076923077
0 0.7067307692307693 0.040865384615384616 0.07211538461538461 0.08173076923076923
0 0.6177884615384616 0.0985576923076923 0.17067307692307693 0.1971153846153846
0 0.6310096153846154 0.2536057692307692 0.11538461538461539 0.18028846153846154
0 0.6923076923076923 0.3557692307692308 0.21634615384615385 0.3173076923076923
0 0.7644230769230769 0.5300480769230769 0.15384615384615385 0.17307692307692307
0 0.7992788461538461 0.40384615384615385 0.03365384615384615 0.07692307692307693
0 0.6033653846153846 0.45913461538461536 0.0625 0.11057692307692307
0 0.5396634615384616 0.6177884615384616 0.21634615384615385 0.2956730769230769
0 0.6310096153846154 0.7956730769230769 0.40625 0.3894230769230769
0 0.5817307692307693 0.9182692307692307 0.1778846153846154 0.1201923076923077
0 0.6213942307692307 0.9038461538461539 0.22115384615384615 0.09134615384615384
0 0.6177884615384616 0.9615384615384616 0.19951923076923078 0.0673076923076923
0 0.8293269230769231 0.9230769230769231 0.2548076923076923 0.14182692307692307
0 0.3641826923076923 0.7163461538461539 0.14182692307692307 0.1201923076923077
0 0.453125 0.8137019230769231 0.07211538461538461 0.14182692307692307
0 0.49759615384615385 0.45913461538461536 0.1778846153846154 0.2403846153846154
0 0.5396634615384616 0.25961538461538464 0.07211538461538461 0.22355769230769232
0 0.47115384615384615 0.23197115384615385 0.12259615384615384 0.28846153846153844
0 0.43509615384615385 0.2980769230769231 0.06490384615384616 0.11538461538461539
0 0.3858173076923077 0.09615384615384616 0.15625 0.19230769230769232
0 0.4855769230769231 0.051682692307692304 0.11538461538461539 0.10336538461538461
0 0.546875 0.025240384615384616 0.06009615384615385 0.05048076923076923
0 0.25961538461538464 0.13701923076923078 0.11057692307692307 0.17307692307692307
0 0.3425480769230769 0.4014423076923077 0.19230769230769232 0.5625
0 0.23557692307692307 0.4266826923076923 0.17307692307692307 0.2403846153846154
0 0.2439903846153846 0.6418269230769231 0.2283653846153846 0.20192307692307693
0 0.1310096153846154 0.8389423076923077 0.25961538461538464 0.23557692307692307
0 0.3473557692307692 0.8473557692307693 0.21634615384615385 0.2956730769230769
0 0.3137019230769231 0.9639423076923077 0.14182692307692307 0.06009615384615385
0 0.10096153846153846 0.890625 0.18269230769230768 0.20673076923076922
0 0.20072115384615385 0.9182692307692307 0.11057692307692307 0.15384615384615385
0 0.07091346153846154 0.7319711538461539 0.14182692307692307 0.0673076923076923
0 0.06610576923076923 0.5841346153846154 0.13221153846153846 0.2548076923076923
0 0.14302884615384615 0.5024038461538461 0.07692307692307693 0.16346153846153846
0 0.08533653846153846 0.34134615384615385 0.17067307692307693 0.24519230769230768
0 0.18269230769230768 0.30288461538461536 0.0625 0.09134615384615384
0 0.21875 0.234375 0.0625 0.14182692307692307
0 0.09615384615384616 0.20432692307692307 0.19230769230769232 0.23557692307692307
0 0.13221153846153846 0.109375 0.11057692307692307 0.11057692307692307
0 0.039663461538461536 0.057692307692307696 0.07932692307692307 0.11538461538461539
0 0.18509615384615385 0.06009615384615385 0.2692307692307692 0.1201923076923077
0 0.4987980769230769 0.49759615384615385 0.9975961538461539 0.9951923076923077