0 0.9483173076923077 0.9615384615384616 0.09134615384615384 0.06971153846153846
0 0.8737980769230769 0.9519230769230769 0.057692307692307696 0.0673076923076923
0 0.8088942307692307 0.9555288461538461 0.08173076923076923 0.07211538461538461
0 0.7295673076923077 0.9242788461538461 0.0673076923076923 0.0889423076923077
0 0.6526442307692307 0.9483173076923077 0.09615384615384616 0.0673076923076923
0 0.5973557692307693 0.9615384615384616 0.09134615384615384 0.052884615384615384
0 0.5204326923076923 0.9807692307692307 0.07211538461538461 0.03125
0 0.7091346153846154 0.984375 0.07692307692307693 0.02403846153846154
0 0.4483173076923077 0.9735576923076923 0.09134615384615384 0.04807692307692308
0 0.5108173076923077 0.9362980769230769 0.0625 0.07211538461538461
0 0.4206730769230769 0.9170673076923077 0.09615384615384616 0.057692307692307696
0 0.3473557692307692 0.9615384615384616 0.1201923076923077 0.06971153846153846
0 0.24759615384615385 0.9579326923076923 0.11298076923076923 0.06971153846153846
0 0.15745192307692307 0.9555288461538461 0.07692307692307693 0.0673076923076923
0 0.12620192307692307 0.9399038461538461 0.10817307692307693 0.05048076923076923
0 0.057692307692307696 0.9242788461538461 0.11057692307692307 0.06009615384615385
0 0.9206730769230769 0.8701923076923077 0.07692307692307693 0.057692307692307696
0 0.8509615384615384 0.9014423076923077 0.08173076923076923 0.0673076923076923
0 0.9771634615384616 0.8557692307692307 0.036057692307692304 0.0673076923076923
0 0.9591346153846154 0.7956730769230769 0.07211538461538461 0.06971153846153846
0 0.8737980769230769 0.8149038461538461 0.0673076923076923 0.04807692307692308
0 0.8870192307692307 0.7620192307692307 0.10336538461538461 0.057692307692307696
0 0.9507211538461539 0.7139423076923077 0.08653846153846154 0.0625
0 0.9350961538461539 0.6586538461538461 0.08653846153846154 0.05048076923076923
0 0.9747596153846154 0.6201923076923077 0.040865384615384616 0.036057692307692304
0 0.9507211538461539 0.5805288461538461 0.08653846153846154 0.05048076923076923
0 0.9639423076923077 0.5372596153846154 0.0625 0.04807692307692308
0 0.051682692307692304 0.8533653846153846 0.09375 0.07692307692307693
0 0.1346153846153846 0.8846153846153846 0.06009615384615385 0.052884615384615384
0 0.21153846153846154 0.9014423076923077 0.08413461538461539 0.057692307692307696
0 0.29086538461538464 0.9074519230769231 0.057692307692307696 0.04807692307692308
0 0.3473557692307692 0.8725961538461539 0.07692307692307693 0.08653846153846154
0 0.42788461538461536 0.8653846153846154 0.0625 0.052884615384615384
0 0.5108173076923077 0.8725961538461539 0.0625 0.0625
0 0.5793269230769231 0.8112980769230769 0.0673076923076923 0.07692307692307693
0 0.5516826923076923 0.8473557692307693 0.07211538461538461 0.04326923076923077
0 0.5793269230769231 0.8942307692307693 0.07692307692307693 0.07211538461538461
0 0.6310096153846154 0.8413461538461539 0.055288461538461536 0.052884615384615384
0 0.6706730769230769 0.8786057692307693 0.07211538461538461 0.0673076923076923
0 0.7572115384615384 0.859375 0.08173076923076923 0.057692307692307696
0 0.7608173076923077 0.7956730769230769 0.07692307692307693 0.0625
0 0.8245192307692307 0.796875 0.07211538461538461 0.0673076923076923
0 0.7932692307692307 0.7391826923076923 0.07211538461538461 0.07211538461538461
0 0.71875 0.7451923076923077 0.10817307692307693 0.06971153846153846
0 0.6670673076923077 0.8016826923076923 0.08653846153846154 0.057692307692307696
0 0.6237980769230769 0.7487980769230769 0.07211538461538461 0.04807692307692308
0 0.5516826923076923 0.7644230769230769 0.0625 0.052884615384615384
0 0.009615384615384616 0.828125 0.014423076923076924 0.055288461538461536
0 0.04326923076923077 0.7596153846153846 0.08173076923076923 0.0673076923076923
0 0.08533653846153846 0.7956730769230769 0.0673076923076923 0.06971153846153846
0 0.1346153846153846 0.7704326923076923 0.08173076923076923 0.0673076923076923
0 0.15745192307692307 0.8149038461538461 0.07692307692307693 0.04807692307692308
0 0.21153846153846154 0.7704326923076923 0.08173076923076923 0.057692307692307696
0 0.29927884615384615 0.8161057692307693 0.09375 0.057692307692307696
0 0.3016826923076923 0.7572115384615384 0.07692307692307693 0.052884615384615384
0 0.3762019230769231 0.7548076923076923 0.052884615384615384 0.057692307692307696
0 0.4411057692307692 0.7524038461538461 0.0673076923076923 0.052884615384615384
0 0.4411057692307692 0.7992788461538461 0.057692307692307696 0.038461538461538464
0 0.5072115384615384 0.7572115384615384 0.04807692307692308 0.052884615384615384
0 0.515625 0.7175480769230769 0.0625 0.04807692307692308
0 0.5829326923076923 0.7007211538461539 0.07211538461538461 0.0673076923076923
0 0.6550480769230769 0.703125 0.052884615384615384 0.052884615384615384
0 0.7115384615384616 0.6814903846153846 0.0625 0.05048076923076923
0 0.7728365384615384 0.6838942307692307 0.052884615384615384 0.04807692307692308
0 0.8449519230769231 0.6442307692307693 0.0625 0.04807692307692308
0 0.8581730769230769 0.6971153846153846 0.08653846153846154 0.057692307692307696
0 0.8762019230769231 0.6021634615384616 0.09134615384615384 0.0625
0 0.9122596153846154 0.5348557692307693 0.07211538461538461 0.0673076923076923
0 0.8293269230769231 0.5540865384615384 0.08173076923076923 0.05048076923076923
0 0.9483173076923077 0.4879807692307692 0.0625 0.05048076923076923
0 0.9639423076923077 0.4423076923076923 0.0625 0.04326923076923077
0 0.06129807692307692 0.7067307692307693 0.08413461538461539 0.052884615384615384
0 0.12860576923076922 0.671875 0.07211538461538461 0.052884615384615384
0 0.22115384615384615 0.671875 0.08173076923076923 0.0625
0 0.30408653846153844 0.6887019230769231 0.06009615384615385 0.04326923076923077
0 0.3786057692307692 0.7067307692307693 0.07692307692307693 0.04807692307692308
0 0.44350961538461536 0.7067307692307693 0.040865384615384616 0.052884615384615384
0 0.48197115384615385 0.6682692307692307 0.057692307692307696 0.0625
0 0.5540865384615384 0.6694711538461539 0.07692307692307693 0.0673076923076923
0 0.5588942307692307 0.6141826923076923 0.057692307692307696 0.04807692307692308
0 0.6213942307692307 0.6117788461538461 0.04807692307692308 0.05048076923076923
0 0.6598557692307693 0.6177884615384616 0.03125 0.04807692307692308
0 0.7139423076923077 0.5865384615384616 0.057692307692307696 0.052884615384615384
0 0.7572115384615384 0.6177884615384616 0.07211538461538461 0.055288461538461536
0 0.7475961538461539 0.5372596153846154 0.052884615384615384 0.038461538461538464
0 0.7608173076923077 0.4326923076923077 0.04807692307692308 0.055288461538461536
0 0.8245192307692307 0.39903846153846156 0.07211538461538461 0.0673076923076923
0 0.8605769230769231 0.3557692307692308 0.08173076923076923 0.04807692307692308
0 0.9098557692307693 0.4050480769230769 0.057692307692307696 0.052884615384615384
0 0.8894230769230769 0.49759615384615385 0.04807692307692308 0.038461538461538464
0 0.9122596153846154 0.453125 0.07211538461538461 0.05048076923076923
0 0.8581730769230769 0.46153846153846156 0.057692307692307696 0.04326923076923077
0 0.8221153846153846 0.4423076923076923 0.0673076923076923 0.04326923076923077
0 0.7788461538461539 0.4807692307692308 0.0625 0.04326923076923077
0 0.8353365384615384 0.5096153846153846 0.07211538461538461 0.04807692307692308
0 0.7139423076923077 0.49038461538461536 0.07692307692307693 0.052884615384615384
0 0.6826923076923077 0.5372596153846154 0.0673076923076923 0.04807692307692308
0 0.6394230769230769 0.48677884615384615 0.07211538461538461 0.052884615384615384
0 0.019230769230769232 0.1778846153846154 0.03365384615384615 0.052884615384615384
0 0.028846153846153848 0.22596153846153846 0.057692307692307696 0.04326923076923077
0 0.025240384615384616 0.27884615384615385 0.04567307692307692 0.0625
0 0.021634615384615384 0.3389423076923077 0.038461538461538464 0.07211538461538461
0 0.025240384615384616 0.38822115384615385 0.04567307692307692 0.03125
0 0.03365384615384615 0.4170673076923077 0.057692307692307696 0.02403846153846154
0 0.013221153846153846 0.4387019230769231 0.026442307692307692 0.05048076923076923
0 0.07211538461538461 0.45913461538461536 0.0625 0.04807692307692308
0 0.028846153846153848 0.48677884615384615 0.057692307692307696 0.038461538461538464
0 0.019230769230769232 0.5264423076923077 0.03365384615384615 0.07692307692307693
0 0.0673076923076923 0.53125 0.07211538461538461 0.05048076923076923
0 0.021634615384615384 0.5877403846153846 0.038461538461538464 0.06009615384615385
0 0.08533653846153846 0.5865384615384616 0.07692307692307693 0.04807692307692308
0 0.04326923076923077 0.6478365384615384 0.08173076923076923 0.06009615384615385
0 0.10817307692307693 0.6213942307692307 0.07211538461538461 0.06009615384615385
0 0.18028846153846154 0.6274038461538461 0.0625 0.057692307692307696
0 0.24519230769230768 0.6298076923076923 0.057692307692307696 0.052884615384615384
0 0.15745192307692307 0.5901442307692307 0.0673076923076923 0.038461538461538464
0 0.1346153846153846 0.5408653846153846 0.052884615384615384 0.04807692307692308
0 0.1935096153846154 0.5216346153846154 0.0673076923076923 0.055288461538461536
0 0.21875 0.5673076923076923 0.07692307692307693 0.04807692307692308
0 0.28125 0.546875 0.0673076923076923 0.057692307692307696
0 0.2860576923076923 0.5961538461538461 0.057692307692307696 0.057692307692307696
0 0.31971153846153844 0.6310096153846154 0.07211538461538461 0.04326923076923077
0 0.39903846153846156 0.6237980769230769 0.07692307692307693 0.03365384615384615
0 0.33774038461538464 0.5985576923076923 0.04807692307692308 0.038461538461538464
0 0.39663461538461536 0.5865384615384616 0.0625 0.03125
0 0.42788461538461536 0.546875 0.0625 0.04326923076923077
0 0.47475961538461536 0.5853365384615384 0.052884615384615384 0.03365384615384615
0 0.48197115384615385 0.6213942307692307 0.07692307692307693 0.038461538461538464
0 0.49759615384615385 0.5408653846153846 0.0673076923076923 0.04807692307692308
0 0.5492788461538461 0.5384615384615384 0.04807692307692308 0.03365384615384615
0 0.5432692307692307 0.5733173076923077 0.04807692307692308 0.026442307692307692
0 0.6057692307692307 0.5600961538461539 0.036057692307692304 0.038461538461538464
0 0.6237980769230769 0.5372596153846154 0.07211538461538461 0.038461538461538464
0 0.5721153846153846 0.4831730769230769 0.07211538461538461 0.06971153846153846
0 0.5252403846153846 0.42908653846153844 0.052884615384615384 0.03125
0 0.5973557692307693 0.4338942307692308 0.07211538461538461 0.04326923076923077
0 0.6550480769230769 0.4387019230769231 0.0625 0.04326923076923077
0 0.6911057692307693 0.39903846153846156 0.052884615384615384 0.057692307692307696
0 0.7548076923076923 0.3786057692307692 0.057692307692307696 0.055288461538461536
0 0.07451923076923077 0.19110576923076922 0.057692307692307696 0.057692307692307696
0 0.1466346153846154 0.20072115384615385 0.0673076923076923 0.0625
0 0.21394230769230768 0.203125 0.057692307692307696 0.05048076923076923
0 0.27524038461538464 0.21754807692307693 0.036057692307692304 0.04326923076923077
0 0.32211538461538464 0.23197115384615385 0.026442307692307692 0.03125
0 0.36538461538461536 0.24879807692307693 0.040865384615384616 0.03365384615384615
0 0.4170673076923077 0.25841346153846156 0.03125 0.04807692307692308
0 0.453125 0.23798076923076922 0.052884615384615384 0.04326923076923077
0 0.5228365384615384 0.23918269230769232 0.036057692307692304 0.038461538461538464
0 0.5588942307692307 0.2668269230769231 0.057692307692307696 0.04807692307692308
0 0.6105769230769231 0.2512019230769231 0.036057692307692304 0.0625
0 0.6418269230769231 0.2824519230769231 0.04807692307692308 0.038461538461538464
0 0.6911057692307693 0.25721153846153844 0.052884615384615384 0.05048076923076923
0 0.7524038461538461 0.2620192307692308 0.052884615384615384 0.052884615384615384
0 0.8064903846153846 0.2800480769230769 0.04807692307692308 0.05048076923076923
0 0.8629807692307693 0.27403846153846156 0.057692307692307696 0.038461538461538464
0 0.9278846153846154 0.296875 0.0625 0.04807692307692308
0 0.9663461538461539 0.32572115384615385 0.057692307692307696 0.057692307692307696
0 0.07451923076923077 0.2668269230769231 0.0673076923076923 0.052884615384615384
0 0.1346153846153846 0.2932692307692308 0.07211538461538461 0.0625
0 0.18509615384615385 0.2548076923076923 0.07211538461538461 0.055288461538461536
0 0.12860576923076922 0.24879807692307693 0.0625 0.05048076923076923
0 0.21634615384615385 0.3088942307692308 0.052884615384615384 0.04807692307692308
0 0.265625 0.31850961538461536 0.04807692307692308 0.057692307692307696
0 0.24519230769230768 0.25841346153846156 0.057692307692307696 0.055288461538461536
0 0.3173076923076923 0.31490384615384615 0.0673076923076923 0.057692307692307696
0 0.39903846153846156 0.3125 0.057692307692307696 0.04807692307692308
0 0.06971153846153846 0.34615384615384615 0.057692307692307696 0.04326923076923077
0 0.09735576923076923 0.3858173076923077 0.07211538461538461 0.052884615384615384
0 0.14903846153846154 0.37259615384615385 0.08413461538461539 0.05048076923076923
0 0.16706730769230768 0.328125 0.07692307692307693 0.038461538461538464
0 0.20072115384615385 0.38822115384615385 0.09375 0.057692307692307696
0 0.14423076923076922 0.41466346153846156 0.09375 0.04326923076923077
0 0.16706730769230768 0.46153846153846156 0.10817307692307693 0.0673076923076923
0 0.234375 0.46153846153846156 0.07692307692307693 0.04326923076923077
0 0.23197115384615385 0.4266826923076923 0.052884615384615384 0.01201923076923077
0 0.3016826923076923 0.4326923076923077 0.0673076923076923 0.052884615384615384
0 0.30649038461538464 0.4831730769230769 0.057692307692307696 0.04807692307692308
0 0.3581730769230769 0.515625 0.057692307692307696 0.05048076923076923
0 0.4170673076923077 0.5024038461538461 0.08173076923076923 0.0625
0 0.5072115384615384 0.49759615384615385 0.04807692307692308 0.038461538461538464
0 0.45072115384615385 0.47475961538461536 0.07692307692307693 0.04807692307692308
0 0.3713942307692308 0.4483173076923077 0.0625 0.052884615384615384
0 0.41225961538461536 0.42427884615384615 0.052884615384615384 0.038461538461538464
0 0.4891826923076923 0.4230769230769231 0.08173076923076923 0.04326923076923077
0 0.5204326923076923 0.38461538461538464 0.040865384615384616 0.05048076923076923
0 0.5649038461538461 0.36899038461538464 0.057692307692307696 0.057692307692307696
0 0.5829326923076923 0.40384615384615385 0.040865384615384616 0.04326923076923077
0 0.6346153846153846 0.38461538461538464 0.040865384615384616 0.05048076923076923
0 0.6370192307692307 0.33413461538461536 0.057692307692307696 0.057692307692307696
0 0.6802884615384616 0.34134615384615385 0.040865384615384616 0.026442307692307692
0 0.5673076923076923 0.31850961538461536 0.10336538461538461 0.057692307692307696
0 0.4639423076923077 0.2800480769230769 0.0625 0.04326923076923077
0 0.48197115384615385 0.31490384615384615 0.0673076923076923 0.026442307692307692
0 0.46153846153846156 0.38221153846153844 0.09615384615384616 0.04807692307692308
0 0.4206730769230769 0.34615384615384615 0.0673076923076923 0.03365384615384615
0 0.3870192307692308 0.37259615384615385 0.0625 0.05048076923076923
0 0.3329326923076923 0.3918269230769231 0.057692307692307696 0.05048076923076923
0 0.2704326923076923 0.3858173076923077 0.057692307692307696 0.038461538461538464
0 0.0673076923076923 0.11177884615384616 0.0625 0.052884615384615384
0 0.019230769230769232 0.09014423076923077 0.03365384615384615 0.04567307692307692
0 0.03125 0.06370192307692307 0.0625 0.05048076923076923
0 0.039663461538461536 0.020432692307692308 0.07451923076923077 0.036057692307692304
0 0.10096153846153846 0.038461538461538464 0.057692307692307696 0.052884615384615384
0 0.17067307692307693 0.01201923076923077 0.1346153846153846 0.02403846153846154
0 0.18870192307692307 0.037259615384615384 0.09615384615384616 0.05048076923076923
0 0.18028846153846154 0.09495192307692307 0.09375 0.05048076923076923
0 0.25 0.09495192307692307 0.0673076923076923 0.057692307692307696
0 0.3173076923076923 0.1045673076923077 0.07692307692307693 0.052884615384615384
0 0.32211538461538464 0.051682692307692304 0.0673076923076923 0.05048076923076923
0 0.29086538461538464 0.039663461538461536 0.09134615384615384 0.07451923076923077
0 0.38100961538461536 0.11538461538461539 0.040865384615384616 0.04807692307692308
0 0.4254807692307692 0.11538461538461539 0.057692307692307696 0.052884615384615384
0 0.4795673076923077 0.12379807692307693 0.0625 0.04807692307692308
0 0.53125 0.10817307692307693 0.052884615384615384 0.04807692307692308
0 0.38100961538461536 0.06971153846153846 0.052884615384615384 0.04807692307692308
0 0.3545673076923077 0.020432692307692308 0.07451923076923077 0.036057692307692304
0 0.421875 0.025240384615384616 0.06490384615384616 0.04567307692307692
0 0.46153846153846156 0.08052884615384616 0.04807692307692308 0.04807692307692308
0 0.5288461538461539 0.06129807692307692 0.08653846153846154 0.0625
0 0.5096153846153846 0.019230769230769232 0.08653846153846154 0.03365384615384615
0 0.5504807692307693 0.019230769230769232 0.0673076923076923 0.03365384615384615
0 0.5901442307692307 0.01201923076923077 0.04807692307692308 0.02403846153846154
0 0.6189903846153846 0.040865384615384616 0.052884615384615384 0.03365384615384615
0 0.5949519230769231 0.07932692307692307 0.0673076923076923 0.04326923076923077
0 0.5769230769230769 0.1201923076923077 0.0625 0.052884615384615384
0 0.6670673076923077 0.11778846153846154 0.0673076923076923 0.05048076923076923
0 0.6213942307692307 0.13942307692307693 0.057692307692307696 0.03125
0 0.734375 0.13701923076923078 0.04807692307692308 0.04326923076923077
0 0.7860576923076923 0.14903846153846154 0.036057692307692304 0.026442307692307692
0 0.8353365384615384 0.15384615384615385 0.040865384615384616 0.03125
0 0.9026442307692307 0.15985576923076922 0.052884615384615384 0.019230769230769232
0 0.9615384615384616 0.16826923076923078 0.02403846153846154 0.004807692307692308
0 0.9254807692307693 0.1346153846153846 0.0673076923076923 0.04807692307692308
0 0.9663461538461539 0.12139423076923077 0.036057692307692304 0.04326923076923077
0 0.7319711538461539 0.0889423076923077 0.052884615384615384 0.052884615384615384
0 0.7728365384615384 0.11057692307692307 0.040865384615384616 0.04326923076923077
0 0.8112980769230769 0.09254807692307693 0.04807692307692308 0.0625
0 0.8473557692307693 0.057692307692307696 0.036057692307692304 0.02403846153846154
0 0.9086538461538461 0.07091346153846154 0.17307692307692307 0.13701923076923078
0 0.8810096153846154 0.025240384615384616 0.04567307692307692 0.04567307692307692
0 0.6466346153846154 0.010817307692307692 0.04807692307692308 0.016826923076923076
0 0.6911057692307693 0.06009615384615385 0.07211538461538461 0.04326923076923077
0 0.7163461538461539 0.01201923076923077 0.0625 0.02403846153846154
0 0.7788461538461539 0.06009615384615385 0.07211538461538461 0.04326923076923077
0 0.8040865384615384 0.020432692307692308 0.08413461538461539 0.036057692307692304