0 0.8990384615384616 0.9483173076923077 0.19230769230769232 0.0985576923076923
0 0.9675480769230769 0.8786057692307693 0.052884615384615384 0.1971153846153846
0 0.8870192307692307 0.20192307692307693 0.21394230769230768 0.16826923076923078
0 0.9675480769230769 0.15985576923076922 0.052884615384615384 0.08653846153846154
0 0.9639423076923077 0.06971153846153846 0.06009615384615385 0.10576923076923077
0 0.9134615384615384 0.06971153846153846 0.16105769230769232 0.1346153846153846
0 0.7920673076923077 0.039663461538461536 0.12980769230769232 0.07211538461538461
0 0.8149038461538461 0.07692307692307693 0.15384615384615385 0.052884615384615384
0 0.8269230769230769 0.13221153846153846 0.20192307692307693 0.09134615384615384
0 0.7139423076923077 0.14783653846153846 0.09615384615384616 0.10336538461538461
0 0.7800480769230769 0.21033653846153846 0.08173076923076923 0.0673076923076923
0 0.8545673076923077 0.23677884615384615 0.10096153846153846 0.10576923076923077
0 0.9459134615384616 0.30649038461538464 0.09615384615384616 0.08653846153846154
0 0.7740384615384616 0.46875 0.43990384615384615 0.39663461538461536
0 0.3449519230769231 0.15504807692307693 0.47596153846153844 0.30288461538461536
0 0.2800480769230769 0.171875 0.3798076923076923 0.33653846153846156
0 0.7139423076923077 0.5132211538461539 0.5600961538461539 0.43990384615384615
0 0.6730769230769231 0.5853365384615384 0.6442307692307693 0.49038461538461536
0 0.5925480769230769 0.7283653846153846 0.22115384615384615 0.16346153846153846
0 0.7884615384615384 0.7644230769230769 0.24519230769230768 0.16826923076923078
0 0.8461538461538461 0.9146634615384616 0.20673076923076922 0.1658653846153846
0 0.6670673076923077 0.8798076923076923 0.16826923076923078 0.22115384615384615
0 0.43509615384615385 0.6177884615384616 0.1778846153846154 0.18990384615384615
0 0.5769230769230769 0.6021634615384616 0.21394230769230768 0.14903846153846154
0 0.3870192307692308 0.47115384615384615 0.22596153846153846 0.14423076923076922
0 0.28846153846153844 0.36778846153846156 0.16105769230769232 0.13701923076923078
0 0.22596153846153846 0.31971153846153844 0.10576923076923077 0.10096153846153846
0 0.18509615384615385 0.2548076923076923 0.1201923076923077 0.12980769230769232
0 0.07692307692307693 0.22355769230769232 0.14423076923076922 0.15384615384615385
0 0.021634615384615384 0.11177884615384616 0.04326923076923077 0.12259615384615384
0 0.203125 0.18389423076923078 0.40625 0.31490384615384615
0 0.35096153846153844 0.7848557692307693 0.3942307692307692 0.21153846153846154
0 0.09014423076923077 0.6225961538461539 0.18028846153846154 0.11538461538461539
0 0.3112980769230769 0.9831730769230769 0.4206730769230769 0.028846153846153848
0 0.3245192307692308 0.9254807692307693 0.36538461538461536 0.14423076923076922
0 0.4362980769230769 0.9146634615384616 0.3485576923076923 0.1658653846153846
0 0.5204326923076923 0.9350961538461539 0.13701923076923078 0.09134615384615384
0 0.06850961538461539 0.9122596153846154 0.13701923076923078 0.12980769230769232
0 0.06009615384615385 0.7764423076923077 0.1201923076923077 0.11298076923076923
0 0.10697115384615384 0.4987980769230769 0.21394230769230768 0.11057692307692307
0 0.06610576923076923 0.39302884615384615 0.13221153846153846 0.08413461538461539
0 0.03245192307692308 0.3245192307692308 0.06490384615384616 0.038461538461538464
0 0.24759615384615385 0.6237980769230769 0.22115384615384615 0.15384615384615385