0 0.4495192307692308 0.5853365384615384 0.5144230769230769 0.6754807692307693
0 0.16947115384615385 0.7271634615384616 0.2932692307692308 0.4326923076923077
0 0.11538461538461539 0.9254807692307693 0.22355769230769232 0.13942307692307693
0 0.48677884615384615 0.9206730769230769 0.3798076923076923 0.14903846153846154
0 0.8257211538461539 0.6646634615384616 0.34615384615384615 0.5048076923076923
0 0.6370192307692307 0.1778846153846154 0.30288461538461536 0.3557692307692308
0 0.31850961538461536 0.24519230769230768 0.3605769230769231 0.3870192307692308
0 0.171875 0.2860576923076923 0.1875 0.4807692307692308
0 0.953125 0.23677884615384615 0.09134615384615384 0.41346153846153844
0 0.8689903846153846 0.12379807692307693 0.20673076923076922 0.24759615384615385
0 0.7800480769230769 0.028846153846153848 0.125 0.057692307692307696
0 0.41947115384615385 0.038461538461538464 0.24278846153846154 0.07692307692307693
0 0.19471153846153846 0.042067307692307696 0.18269230769230768 0.08413461538461539
0 0.056490384615384616 0.04447115384615385 0.10817307692307693 0.0889423076923077
0 0.9651442307692307 0.02283653846153846 0.06490384615384616 0.04567307692307692