0 0.6141826923076923 0.8978365384615384 0.4182692307692308 0.19951923076923078
0 0.40865384615384615 0.8449519230769231 0.15865384615384615 0.0889423076923077
0 0.2824519230769231 0.8076923076923077 0.1778846153846154 0.09375
0 0.25600961538461536 0.8401442307692307 0.15865384615384615 0.07211538461538461
0 0.4266826923076923 0.7560096153846154 0.15865384615384615 0.08413461538461539
0 0.25841346153846156 0.7451923076923077 0.13942307692307693 0.07211538461538461
0 0.6766826923076923 0.7475961538461539 0.13942307692307693 0.08653846153846154
0 0.8052884615384616 0.78125 0.11778846153846154 0.03365384615384615
0 0.8112980769230769 0.7259615384615384 0.16346153846153846 0.08413461538461539
0 0.75 0.6730769230769231 0.06490384615384616 0.04807692307692308
0 0.8329326923076923 0.6610576923076923 0.11057692307692307 0.057692307692307696
0 0.6586538461538461 0.6694711538461539 0.12980769230769232 0.0673076923076923
0 0.09134615384615384 0.7896634615384616 0.17067307692307693 0.09615384615384616
0 0.040865384615384616 0.7427884615384616 0.07211538461538461 0.09134615384615384
0 0.09134615384615384 0.6923076923076923 0.17067307692307693 0.09134615384615384
0 0.0733173076923077 0.5973557692307693 0.1346153846153846 0.10576923076923077
0 0.0673076923076923 0.4987980769230769 0.125 0.08653846153846154
0 0.8341346153846154 0.9375 0.3269230769230769 0.1201923076923077
0 0.9098557692307693 0.7872596153846154 0.17548076923076922 0.19951923076923078
0 0.7115384615384616 0.5805288461538461 0.12980769230769232 0.07692307692307693
0 0.6201923076923077 0.5504807692307693 0.1466346153846154 0.07692307692307693
0 0.5588942307692307 0.5745192307692307 0.13942307692307693 0.09134615384615384
0 0.5612980769230769 0.4879807692307692 0.1346153846153846 0.08173076923076923
0 0.7259615384615384 0.49158653846153844 0.18269230769230768 0.10096153846153846
0 0.32091346153846156 0.2800480769230769 0.4182692307692308 0.22115384615384615
0 0.06490384615384616 0.40384615384615385 0.11778846153846154 0.07451923076923077
0 0.03485576923076923 0.35216346153846156 0.057692307692307696 0.07692307692307693
0 0.07932692307692307 0.33653846153846156 0.06490384615384616 0.040865384615384616
0 0.0733173076923077 0.2860576923076923 0.1346153846153846 0.08653846153846154
0 0.06129807692307692 0.20673076923076922 0.11057692307692307 0.09134615384615384
0 0.0733173076923077 0.12259615384615384 0.1346153846153846 0.09615384615384616
0 0.06129807692307692 0.026442307692307692 0.10336538461538461 0.04807692307692308
0 0.28846153846153844 0.46634615384615385 0.30528846153846156 0.13942307692307693
0 0.2824519230769231 0.5372596153846154 0.19951923076923078 0.07211538461538461
0 0.19471153846153846 0.5516826923076923 0.03365384615384615 0.040865384615384616
0 0.30528846153846156 0.4831730769230769 0.16346153846153846 0.10576923076923077
0 0.35336538461538464 0.5216346153846154 0.13942307692307693 0.09375
0 0.3737980769230769 0.5012019230769231 0.125 0.0673076923076923
0 0.4170673076923077 0.43149038461538464 0.13942307692307693 0.09375
0 0.3701923076923077 0.44591346153846156 0.21153846153846154 0.13942307692307693
0 0.41225961538461536 0.6177884615384616 0.22355769230769232 0.07211538461538461
0 0.4675480769230769 0.6382211538461539 0.052884615384615384 0.05048076923076923
0 0.5060096153846154 0.6141826923076923 0.057692307692307696 0.038461538461538464
0 0.4651442307692308 0.6802884615384616 0.08173076923076923 0.04807692307692308
0 0.34134615384615385 0.6586538461538461 0.15384615384615385 0.028846153846153848
0 0.38221153846153844 0.6550480769230769 0.10576923076923077 0.08413461538461539
0 0.22115384615384615 0.6129807692307693 0.23076923076923078 0.052884615384615384
0 0.25240384615384615 0.6346153846153846 0.057692307692307696 0.07692307692307693
0 0.24158653846153846 0.6778846153846154 0.04807692307692308 0.03125
0 0.25600961538461536 0.5600961538461539 0.040865384615384616 0.07211538461538461
0 0.5588942307692307 0.375 0.09375 0.05048076923076923
0 0.5288461538461539 0.34375 0.08173076923076923 0.052884615384615384
0 0.5 0.37740384615384615 0.057692307692307696 0.026442307692307692
0 0.5673076923076923 0.31971153846153844 0.08653846153846154 0.052884615384615384
0 0.5997596153846154 0.29927884615384615 0.09375 0.052884615384615384
0 0.6586538461538461 0.3473557692307692 0.11778846153846154 0.06009615384615385
0 0.6358173076923077 0.37259615384615385 0.07211538461538461 0.05048076923076923
0 0.25 0.12980769230769232 0.07692307692307693 0.057692307692307696
0 0.28846153846153844 0.15865384615384615 0.09375 0.052884615384615384
0 0.3173076923076923 0.12259615384615384 0.07211538461538461 0.0625
0 0.25600961538461536 0.0889423076923077 0.11057692307692307 0.04326923076923077
0 0.18870192307692307 0.1141826923076923 0.07211538461538461 0.04807692307692308
0 0.19110576923076922 0.15264423076923078 0.06490384615384616 0.038461538461538464
0 0.203125 0.03365384615384615 0.07692307692307693 0.04807692307692308
0 0.27403846153846156 0.038461538461538464 0.052884615384615384 0.028846153846153848
0 0.33533653846153844 0.038461538461538464 0.057692307692307696 0.028846153846153848
0 0.28846153846153844 0.015625 0.11778846153846154 0.028846153846153848
0 0.18629807692307693 0.01201923076923077 0.10336538461538461 0.019230769230769232
0 0.7908653846153846 0.41466346153846156 0.07692307692307693 0.06009615384615385
0 0.8617788461538461 0.42427884615384615 0.08653846153846154 0.040865384615384616
0 0.8641826923076923 0.37740384615384615 0.057692307692307696 0.040865384615384616
0 0.8209134615384616 0.35336538461538464 0.1346153846153846 0.040865384615384616
0 0.8149038461538461 0.3858173076923077 0.06490384615384616 0.02403846153846154
0 0.7379807692307693 0.3737980769230769 0.07692307692307693 0.052884615384615384
0 0.7259615384615384 0.41586538461538464 0.040865384615384616 0.028846153846153848
0 0.5673076923076923 0.21033653846153846 0.06490384615384616 0.04326923076923077
0 0.4879807692307692 0.19831730769230768 0.057692307692307696 0.03365384615384615
0 0.47115384615384615 0.18509615384615385 0.09375 0.10096153846153846
0 0.40024038461538464 0.17548076923076922 0.09375 0.11538461538461539
0 0.5120192307692307 0.15865384615384615 0.1778846153846154 0.14182692307692307
0 0.5288461538461539 0.15504807692307693 0.24759615384615385 0.2091346153846154
0 0.7415865384615384 0.2512019230769231 0.07211538461538461 0.0625
0 0.8112980769230769 0.24879807692307693 0.08173076923076923 0.06009615384615385
0 0.8004807692307693 0.296875 0.07211538461538461 0.03365384615384615
0 0.75 0.2980769230769231 0.06490384615384616 0.038461538461538464
0 0.8798076923076923 0.296875 0.07692307692307693 0.04807692307692308
0 0.8762019230769231 0.24759615384615385 0.03365384615384615 0.038461538461538464
0 0.8533653846153846 0.21394230769230768 0.09375 0.038461538461538464
0 0.7680288461538461 0.21514423076923078 0.06490384615384616 0.026442307692307692
0 0.9663461538461539 0.40865384615384615 0.0625 0.08653846153846154
0 0.9170673076923077 0.5120192307692307 0.07211538461538461 0.1346153846153846
0 0.9026442307692307 0.5120192307692307 0.15865384615384615 0.14182692307692307
0 0.8473557692307693 0.5240384615384616 0.03365384615384615 0.07211538461538461
0 0.9290865384615384 0.5925480769230769 0.13942307692307693 0.16105769230769232
0 0.90625 0.5973557692307693 0.08173076923076923 0.09615384615384616
0 0.8701923076923077 0.5889423076923077 0.09375 0.07451923076923077
0 0.9783653846153846 0.578125 0.038461538461538464 0.06971153846153846
0 0.9747596153846154 0.2644230769230769 0.04567307692307692 0.052884615384615384
0 0.984375 0.30528846153846156 0.026442307692307692 0.03365384615384615
0 0.9891826923076923 0.3269230769230769 0.016826923076923076 0.028846153846153848
0 0.9483173076923077 0.028846153846153848 0.0985576923076923 0.052884615384615384
0 0.9723557692307693 0.05889423076923077 0.05048076923076923 0.04567307692307692
0 0.9290865384615384 0.057692307692307696 0.04807692307692308 0.040865384615384616
0 0.7692307692307693 0.028846153846153848 0.21153846153846154 0.052884615384615384
0 0.5661057692307693 0.009615384615384616 0.10817307692307693 0.014423076923076924
0 0.5120192307692307 0.028846153846153848 0.15384615384615385 0.04326923076923077
0 0.47596153846153844 0.014423076923076924 0.07211538461538461 0.02403846153846154
0 0.4026442307692308 0.037259615384615384 0.06971153846153846 0.06971153846153846
0 0.9362980769230769 0.09254807692307693 0.12259615384615384 0.03125
0 0.9170673076923077 0.1310096153846154 0.16346153846153846 0.03365384615384615
0 0.9447115384615384 0.15625 0.052884615384615384 0.07211538461538461
0 0.96875 0.16706730769230768 0.057692307692307696 0.055288461538461536
0 0.9723557692307693 0.2091346153846154 0.05048076923076923 0.07692307692307693
0 0.8966346153846154 0.17668269230769232 0.10096153846153846 0.05048076923076923
0 0.7884615384615384 0.14302884615384615 0.16346153846153846 0.057692307692307696
0 0.8557692307692307 0.09735576923076923 0.019230769230769232 0.08653846153846154
0 0.8209134615384616 0.07932692307692307 0.052884615384615384 0.08413461538461539
0 0.7908653846153846 0.10096153846153846 0.11057692307692307 0.14903846153846154
0 0.7211538461538461 0.11658653846153846 0.11057692307692307 0.15144230769230768
0 0.6995192307692307 0.18629807692307693 0.13942307692307693 0.0625
0 0.6826923076923077 0.12139423076923077 0.11778846153846154 0.07451923076923077