0 0.8149038461538461 0.47115384615384615 0.31971153846153844 0.19230769230769232
0 0.7608173076923077 0.5673076923076923 0.20192307692307693 0.09134615384615384
0 0.5360576923076923 0.6141826923076923 0.28846153846153844 0.20673076923076922
0 0.4387019230769231 0.7764423076923077 0.23557692307692307 0.15384615384615385
0 0.234375 0.5805288461538461 0.10817307692307693 0.1346153846153846
0 0.29927884615384615 0.7512019230769231 0.16346153846153846 0.036057692307692304
0 0.27524038461538464 0.28365384615384615 0.09615384615384616 0.2980769230769231
0 0.3605769230769231 0.39783653846153844 0.47596153846153844 0.0625
0 0.484375 0.5168269230769231 0.1346153846153846 0.6730769230769231
0 0.6213942307692307 0.4651442307692308 0.1201923076923077 0.5528846153846154
0 0.3112980769230769 0.5504807692307693 0.19230769230769232 0.7379807692307693