0 0.12740384615384615 0.9639423076923077 0.24759615384615385 0.06009615384615385
0 0.09615384615384616 0.8173076923076923 0.18509615384615385 0.3004807692307692
0 0.08774038461538461 0.47596153846153844 0.16826923076923078 0.23076923076923078
0 0.12379807692307693 0.3173076923076923 0.13942307692307693 0.12980769230769232
0 0.04326923076923077 0.20432692307692307 0.08173076923076923 0.18028846153846154
0 0.33653846153846156 0.7704326923076923 0.2644230769230769 0.40384615384615385
0 0.25841346153846156 0.6141826923076923 0.14423076923076922 0.16826923076923078
0 0.4254807692307692 0.5769230769230769 0.18269230769230768 0.3125
0 0.36177884615384615 0.4375 0.1778846153846154 0.23076923076923078
0 0.3161057692307692 0.33653846153846156 0.09615384615384616 0.14903846153846154
0 0.4254807692307692 0.22355769230769232 0.17307692307692307 0.2620192307692308
0 0.3269230769230769 0.15625 0.08653846153846154 0.11538461538461539
0 0.5432692307692307 0.06009615384615385 0.12740384615384615 0.1201923076923077
0 0.5396634615384616 0.24639423076923078 0.10576923076923077 0.16346153846153846
0 0.5288461538461539 0.4098557692307692 0.15625 0.21875
0 0.5805288461538461 0.6694711538461539 0.1778846153846154 0.28846153846153844
0 0.734375 0.8257211538461539 0.2548076923076923 0.3389423076923077
0 0.6478365384615384 0.9783653846153846 0.16826923076923078 0.03365384615384615
0 0.71875 0.5841346153846154 0.17067307692307693 0.1971153846153846
0 0.6694711538461539 0.45913461538461536 0.16826923076923078 0.1971153846153846
0 0.8557692307692307 0.4567307692307692 0.19951923076923078 0.25721153846153844
0 0.6802884615384616 0.265625 0.17307692307692307 0.19230769230769232
0 0.7295673076923077 0.15865384615384615 0.14903846153846154 0.15384615384615385
0 0.7331730769230769 0.07692307692307693 0.16346153846153846 0.15384615384615385