0 0.1141826923076923 0.9651442307692307 0.14182692307692307 0.0625
0 0.027644230769230768 0.9639423076923077 0.04326923076923077 0.06490384615384616
0 0.11778846153846154 0.8930288461538461 0.125 0.08413461538461539
0 0.03245192307692308 0.890625 0.052884615384615384 0.08653846153846154
0 0.07091346153846154 0.8161057692307693 0.12980769230769232 0.07692307692307693
0 0.28966346153846156 0.7980769230769231 0.3269230769230769 0.21634615384615385
0 0.3581730769230769 0.9435096153846154 0.32211538461538464 0.10576923076923077
0 0.09254807692307693 0.6887019230769231 0.17307692307692307 0.1778846153846154
0 0.08173076923076923 0.5240384615384616 0.15384615384615385 0.15865384615384615
0 0.32211538461538464 0.3713942307692308 0.3942307692307692 0.2403846153846154
0 0.20793269230769232 0.36177884615384615 0.40384615384615385 0.16346153846153846
0 0.20192307692307693 0.30528846153846156 0.3942307692307692 0.16826923076923078
0 0.20192307692307693 0.24879807692307693 0.3942307692307692 0.0985576923076923
0 0.5300480769230769 0.11298076923076923 0.15384615384615385 0.09615384615384616
0 0.5108173076923077 0.15504807692307693 0.18028846153846154 0.08413461538461539
0 0.4074519230769231 0.08533653846153846 0.13701923076923078 0.11298076923076923
0 0.3557692307692308 0.1622596153846154 0.11057692307692307 0.0673076923076923
0 0.2704326923076923 0.12379807692307693 0.15865384615384615 0.13942307692307693
0 0.21634615384615385 0.1875 0.09134615384615384 0.0673076923076923
0 0.10096153846153846 0.19471153846153846 0.18028846153846154 0.09134615384615384
0 0.1310096153846154 0.109375 0.14182692307692307 0.08653846153846154
0 0.036057692307692304 0.12740384615384615 0.06009615384615385 0.07211538461538461
0 0.08413461538461539 0.03125 0.14903846153846154 0.0625
0 0.24879807692307693 0.03125 0.19230769230769232 0.0625
0 0.390625 0.013221153846153846 0.11538461538461539 0.02403846153846154
0 0.5300480769230769 0.03245192307692308 0.12980769230769232 0.06490384615384616
0 0.6117788461538461 0.020432692307692308 0.04326923076923077 0.038461538461538464
0 0.6033653846153846 0.08533653846153846 0.07211538461538461 0.07692307692307693
0 0.33052884615384615 0.4795673076923077 0.2692307692307692 0.2692307692307692
0 0.49158653846153844 0.4074519230769231 0.14182692307692307 0.22596153846153846
0 0.5625 0.40865384615384615 0.14182692307692307 0.32211538461538464
0 0.5961538461538461 0.53125 0.25 0.33413461538461536
0 0.4699519230769231 0.5432692307692307 0.3389423076923077 0.27403846153846156
0 0.36658653846153844 0.5745192307692307 0.3605769230769231 0.2403846153846154
0 0.390625 0.6394230769230769 0.4855769230769231 0.30528846153846156
0 0.16706730769230768 0.6310096153846154 0.22355769230769232 0.07692307692307693
0 0.5793269230769231 0.8725961538461539 0.25 0.17307692307692307
0 0.6069711538461539 0.9711538461538461 0.20673076923076922 0.05048076923076923
0 0.8341346153846154 0.9170673076923077 0.3269230769230769 0.1658653846153846
0 0.6610576923076923 0.7295673076923077 0.1971153846153846 0.12740384615384615
0 0.7536057692307693 0.7295673076923077 0.0985576923076923 0.0625
0 0.7920673076923077 0.8076923076923077 0.08653846153846154 0.06490384615384616
0 0.8028846153846154 0.7836538461538461 0.08653846153846154 0.04807692307692308
0 0.8389423076923077 0.7271634615384616 0.06009615384615385 0.036057692307692304
0 0.7956730769230769 0.6850961538461539 0.10336538461538461 0.07692307692307693
0 0.8713942307692307 0.8076923076923077 0.09134615384615384 0.06490384615384616
0 0.9182692307692307 0.7524038461538461 0.0985576923076923 0.05048076923076923
0 0.9375 0.7848557692307693 0.038461538461538464 0.036057692307692304
0 0.9290865384615384 0.7127403846153846 0.0985576923076923 0.04326923076923077
0 0.8966346153846154 0.6742788461538461 0.08653846153846154 0.0625
0 0.6947115384615384 0.14182692307692307 0.6057692307692307 0.28365384615384615
0 0.7728365384615384 0.2764423076923077 0.25721153846153844 0.16826923076923078
0 0.7235576923076923 0.43509615384615385 0.2692307692307692 0.17067307692307693
0 0.8004807692307693 0.578125 0.25721153846153844 0.15865384615384615
0 0.9230769230769231 0.6514423076923077 0.08653846153846154 0.05048076923076923
0 0.9651442307692307 0.7067307692307693 0.06490384615384616 0.07692307692307693
0 0.984375 0.671875 0.026442307692307692 0.06009615384615385
0 0.9903846153846154 0.7223557692307693 0.014423076923076924 0.05048076923076923
0 0.9723557692307693 0.6310096153846154 0.052884615384615384 0.0625
0 0.9399038461538461 0.609375 0.0673076923076923 0.038461538461538464
0 0.9375 0.6514423076923077 0.038461538461538464 0.04326923076923077
0 0.9495192307692307 0.5216346153846154 0.09615384615384616 0.15865384615384615
0 0.9278846153846154 0.3629807692307692 0.13942307692307693 0.15865384615384615