0 0.14423076923076922 0.4831730769230769 0.22355769230769232 0.34375
0 0.028846153846153848 0.5360576923076923 0.05048076923076923 0.11057692307692307
0 0.054086538461538464 0.6177884615384616 0.10096153846153846 0.0985576923076923
0 0.109375 0.8197115384615384 0.21153846153846154 0.35096153846153844
0 0.3088942307692308 0.7620192307692307 0.20432692307692307 0.28846153846153844
0 0.19951923076923078 0.6802884615384616 0.09615384615384616 0.13701923076923078
0 0.3016826923076923 0.9338942307692307 0.21875 0.1201923076923077
0 0.4266826923076923 0.8990384615384616 0.1201923076923077 0.16826923076923078
0 0.5 0.7127403846153846 0.20673076923076922 0.32211538461538464
0 0.3605769230769231 0.609375 0.14423076923076922 0.14903846153846154
0 0.2764423076923077 0.48677884615384615 0.125 0.2956730769230769
0 0.5276442307692307 0.5 0.1971153846153846 0.25721153846153844
0 0.3894230769230769 0.49759615384615385 0.10096153846153846 0.12980769230769232
0 0.36899038461538464 0.32572115384615385 0.17067307692307693 0.2692307692307692
0 0.25961538461538464 0.21634615384615385 0.16346153846153846 0.25721153846153844
0 0.40384615384615385 0.16947115384615385 0.15384615384615385 0.21875
0 0.4891826923076923 0.2127403846153846 0.06971153846153846 0.11057692307692307
0 0.5024038461538461 0.3389423076923077 0.14423076923076922 0.1875
0 0.6490384615384616 0.3581730769230769 0.19230769230769232 0.24519230769230768
0 0.6057692307692307 0.19110576923076922 0.1346153846153846 0.16346153846153846
0 0.7199519230769231 0.11778846153846154 0.15384615384615385 0.22355769230769232
0 0.8221153846153846 0.2512019230769231 0.21153846153846154 0.16346153846153846
0 0.8341346153846154 0.4182692307692308 0.20673076923076922 0.29086538461538464
0 0.8617788461538461 0.7043269230769231 0.13942307692307693 0.27403846153846156
0 0.9170673076923077 0.890625 0.16105769230769232 0.2091346153846154
0 0.7475961538461539 0.8557692307692307 0.22115384615384615 0.27884615384615385
0 0.7067307692307693 0.5985576923076923 0.1778846153846154 0.24759615384615385
0 0.6057692307692307 0.7403846153846154 0.08413461538461539 0.16826923076923078
0 0.5733173076923077 0.9098557692307693 0.2283653846153846 0.16826923076923078
0 0.9314903846153846 0.6201923076923077 0.13221153846153846 0.34615384615384615
0 0.9543269230769231 0.35697115384615385 0.08653846153846154 0.25721153846153844
0 0.9603365384615384 0.17548076923076922 0.07451923076923077 0.22115384615384615