0 0.7920673076923077 0.6526442307692307 0.40865384615384615 0.6826923076923077
0 0.9002403846153846 0.3858173076923077 0.19230769230769232 0.4831730769230769
0 0.7367788461538461 0.4807692307692308 0.17548076923076922 0.17307692307692307
0 0.8605769230769231 0.20072115384615385 0.27403846153846156 0.4014423076923077
0 0.5877403846153846 0.25 0.46634615384615385 0.5
0 0.4423076923076923 0.671875 0.44711538461538464 0.6442307692307693
0 0.15264423076923078 0.7644230769230769 0.30288461538461536 0.46153846153846156
0 0.20072115384615385 0.328125 0.3004807692307692 0.4110576923076923
0 0.31490384615384615 0.09495192307692307 0.21634615384615385 0.1875
0 0.10576923076923077 0.13341346153846154 0.21153846153846154 0.2668269230769231
0 0.025240384615384616 0.44471153846153844 0.05048076923076923 0.34615384615384615
0 0.4987980769230769 0.49759615384615385 0.9951923076923077 0.9951923076923077