0 0.22716346153846154 0.6502403846153846 0.32211538461538464 0.1875
0 0.3125 0.6670673076923077 0.1875 0.0985576923076923
0 0.39663461538461536 0.7043269230769231 0.07211538461538461 0.12980769230769232
0 0.33774038461538464 0.7872596153846154 0.014423076923076924 0.021634615384615384
0 0.3449519230769231 0.7127403846153846 0.014423076923076924 0.016826923076923076
0 0.32211538461538464 0.7487980769230769 0.02403846153846154 0.021634615384615384
0 0.13942307692307693 0.9206730769230769 0.02403846153846154 0.028846153846153848
0 0.4675480769230769 0.7103365384615384 0.0673076923076923 0.0673076923076923
0 0.47115384615384615 0.7427884615384616 0.009615384615384616 0.009615384615384616
0 0.41225961538461536 0.78125 0.03365384615384615 0.03365384615384615
0 0.45072115384615385 0.3629807692307692 0.08653846153846154 0.11538461538461539
0 0.3858173076923077 0.3737980769230769 0.057692307692307696 0.11538461538461539
0 0.40384615384615385 0.4699519230769231 0.021634615384615384 0.052884615384615384
0 0.3870192307692308 0.5024038461538461 0.04807692307692308 0.04326923076923077
0 0.3858173076923077 0.5384615384615384 0.05048076923076923 0.028846153846153848
0 0.48197115384615385 0.4338942307692308 0.0985576923076923 0.028846153846153848
0 0.47836538461538464 0.5793269230769231 0.1201923076923077 0.20673076923076922
0 0.7271634615384616 0.7487980769230769 0.12980769230769232 0.1971153846153846
0 0.6310096153846154 0.6742788461538461 0.07692307692307693 0.3557692307692308
0 0.5985576923076923 0.5108173076923077 0.03365384615384615 0.06009615384615385
0 0.6586538461538461 0.48677884615384615 0.07211538461538461 0.11057692307692307
0 0.7235576923076923 0.4723557692307692 0.13942307692307693 0.13701923076923078
0 0.7932692307692307 0.6670673076923077 0.036057692307692304 0.3076923076923077
0 0.71875 0.6370192307692307 0.1346153846153846 0.09134615384615384
0 0.71875 0.5925480769230769 0.1346153846153846 0.07211538461538461
0 0.9435096153846154 0.5324519230769231 0.07692307692307693 0.15865384615384615
0 0.8725961538461539 0.49399038461538464 0.028846153846153848 0.2692307692307692
0 0.8305288461538461 0.49399038461538464 0.052884615384615384 0.2692307692307692
0 0.8257211538461539 0.27884615384615385 0.08653846153846154 0.052884615384615384
0 0.7944711538461539 0.20793269230769232 0.052884615384615384 0.11057692307692307
0 0.7259615384615384 0.2620192307692308 0.0985576923076923 0.04326923076923077
0 0.7596153846153846 0.4266826923076923 0.04326923076923077 0.1201923076923077
0 0.7103365384615384 0.4098557692307692 0.0625 0.14182692307692307
0 0.6382211538461539 0.16105769230769232 0.1346153846153846 0.11538461538461539
0 0.6959134615384616 0.3112980769230769 0.0625 0.15384615384615385
0 0.6454326923076923 0.33052884615384615 0.052884615384615384 0.21153846153846154
0 0.5889423076923077 0.3581730769230769 0.057692307692307696 0.27884615384615385
2 0.44591346153846156 0.4014423076923077 0.19951923076923078 0.3557692307692308
2 0.47836538461538464 0.5685096153846154 0.14903846153846154 0.2956730769230769
2 0.6418269230769231 0.35216346153846156 0.18509615384615385 0.3125
2 0.78125 0.45913461538461536 0.21875 0.40384615384615385
2 0.6959134615384616 0.6694711538461539 0.2644230769230769 0.3557692307692308
2 0.9362980769230769 0.7620192307692307 0.12259615384615384 0.28846153846153844
2 0.9495192307692307 0.5120192307692307 0.09615384615384616 0.22596153846153846
2 0.9495192307692307 0.37740384615384615 0.09615384615384616 0.0673076923076923