0 0.859375 0.030048076923076924 0.10817307692307693 0.055288461538461536
0 0.9555288461538461 0.013221153846153846 0.07692307692307693 0.02403846153846154
0 0.9699519230769231 0.036057692307692304 0.04807692307692308 0.05048076923076923
0 0.9014423076923077 0.07572115384615384 0.11057692307692307 0.07932692307692307
0 0.9615384615384616 0.11899038461538461 0.0673076923076923 0.07932692307692307
0 0.9675480769230769 0.203125 0.055288461538461536 0.07211538461538461
0 0.9014423076923077 0.17427884615384615 0.1201923076923077 0.07932692307692307
0 0.8245192307692307 0.13942307692307693 0.13221153846153846 0.10576923076923077
0 0.8016826923076923 0.09615384615384616 0.0985576923076923 0.09134615384615384
0 0.7824519230769231 0.23197115384615385 0.11538461538461539 0.07211538461538461
0 0.8569711538461539 0.22115384615384615 0.07692307692307693 0.05048076923076923
0 0.9314903846153846 0.24639423076923078 0.11538461538461539 0.07211538461538461
0 0.8978365384615384 0.2956730769230769 0.11538461538461539 0.08173076923076923
0 0.9591346153846154 0.33653846153846156 0.07211538461538461 0.07932692307692307
0 0.9423076923076923 0.39302884615384615 0.07211538461538461 0.052884615384615384
0 0.9146634615384616 0.42788461538461536 0.08173076923076923 0.06490384615384616
0 0.8713942307692307 0.453125 0.07211538461538461 0.04326923076923077
0 0.8016826923076923 0.4651442307692308 0.07692307692307693 0.04807692307692308
0 0.7692307692307693 0.49038461538461536 0.055288461538461536 0.052884615384615384
0 0.8245192307692307 0.5036057692307693 0.08653846153846154 0.06490384615384616
0 0.7560096153846154 0.42427884615384615 0.09375 0.04326923076923077
0 0.7584134615384616 0.3858173076923077 0.08653846153846154 0.04807692307692308
0 0.8329326923076923 0.4170673076923077 0.08173076923076923 0.04326923076923077
0 0.8293269230769231 0.37740384615384615 0.08653846153846154 0.04326923076923077
0 0.8653846153846154 0.3581730769230769 0.08173076923076923 0.057692307692307696
0 0.7944711538461539 0.3004807692307692 0.09375 0.07211538461538461
0 0.7475961538461539 0.33653846153846156 0.08653846153846154 0.05048076923076923
0 0.6754807692307693 0.3112980769230769 0.0673076923076923 0.057692307692307696
0 0.7199519230769231 0.30288461538461536 0.0673076923076923 0.11057692307692307
0 0.6983173076923077 0.2247596153846154 0.055288461538461536 0.06490384615384616
0 0.6814903846153846 0.36778846153846156 0.08653846153846154 0.0625
0 0.6322115384615384 0.3581730769230769 0.03365384615384615 0.04326923076923077
0 0.6430288461538461 0.41466346153846156 0.0985576923076923 0.0625
0 0.7007211538461539 0.46153846153846156 0.11538461538461539 0.0673076923076923
0 0.6646634615384616 0.5036057692307693 0.07692307692307693 0.04326923076923077
0 0.6021634615384616 0.4795673076923077 0.08173076923076923 0.038461538461538464
0 0.6153846153846154 0.4495192307692308 0.0673076923076923 0.036057692307692304
0 0.7223557692307693 0.5132211538461539 0.038461538461538464 0.02403846153846154
0 0.7632211538461539 0.5252403846153846 0.03365384615384615 0.014423076923076924
0 0.7944711538461539 0.5456730769230769 0.04807692307692308 0.03365384615384615
0 0.6346153846153846 0.042067307692307696 0.10576923076923077 0.08173076923076923
0 0.5252403846153846 0.04567307692307692 0.10576923076923077 0.0673076923076923
0 0.4254807692307692 0.026442307692307692 0.10576923076923077 0.04807692307692308
0 0.4098557692307692 0.07932692307692307 0.11538461538461539 0.10096153846153846
0 0.5132211538461539 0.11177884615384616 0.11538461538461539 0.06490384615384616
0 0.609375 0.1141826923076923 0.0985576923076923 0.0625
0 0.4230769230769231 0.1502403846153846 0.0985576923076923 0.038461538461538464
0 0.5 0.17548076923076922 0.0985576923076923 0.052884615384615384
0 0.5985576923076923 0.171875 0.0985576923076923 0.04807692307692308
0 0.5709134615384616 0.22235576923076922 0.0985576923076923 0.052884615384615384
0 0.4831730769230769 0.22596153846153846 0.08653846153846154 0.04807692307692308
0 0.4170673076923077 0.19591346153846154 0.0985576923076923 0.04326923076923077
0 0.40625 0.22596153846153846 0.08653846153846154 0.038461538461538464
0 0.390625 0.2608173076923077 0.07692307692307693 0.04326923076923077
0 0.39302884615384615 0.30649038461538464 0.07211538461538461 0.04807692307692308
0 0.390625 0.34975961538461536 0.07692307692307693 0.038461538461538464
0 0.3713942307692308 0.3894230769230769 0.07211538461538461 0.04807692307692308
0 0.36778846153846156 0.4206730769230769 0.0673076923076923 0.036057692307692304
0 0.35697115384615385 0.4362980769230769 0.0673076923076923 0.038461538461538464
0 0.359375 0.4675480769230769 0.07211538461538461 0.028846153846153848
0 0.35216346153846156 0.5024038461538461 0.055288461538461536 0.038461538461538464
0 0.4699519230769231 0.2668269230769231 0.08173076923076923 0.04807692307692308
0 0.4675480769230769 0.3112980769230769 0.07692307692307693 0.05048076923076923
0 0.4639423076923077 0.35336538461538464 0.08173076923076923 0.04807692307692308
0 0.4423076923076923 0.38822115384615385 0.08173076923076923 0.04326923076923077
0 0.4170673076923077 0.41466346153846156 0.04326923076923077 0.02403846153846154
0 0.4423076923076923 0.43149038461538464 0.08173076923076923 0.05048076923076923
0 0.4254807692307692 0.4675480769230769 0.06009615384615385 0.04326923076923077
0 0.4098557692307692 0.49759615384615385 0.06009615384615385 0.03365384615384615
0 0.40384615384615385 0.5276442307692307 0.04807692307692308 0.03365384615384615
0 0.5576923076923077 0.2704326923076923 0.09375 0.038461538461538464
0 0.5444711538461539 0.30408653846153844 0.07692307692307693 0.036057692307692304
0 0.5324519230769231 0.3389423076923077 0.0673076923076923 0.03365384615384615
0 0.5216346153846154 0.37259615384615385 0.07692307692307693 0.036057692307692304
0 0.5108173076923077 0.40384615384615385 0.055288461538461536 0.03365384615384615
0 0.5 0.4326923076923077 0.055288461538461536 0.02403846153846154
0 0.4891826923076923 0.4579326923076923 0.055288461538461536 0.038461538461538464
0 0.47475961538461536 0.4963942307692308 0.06009615384615385 0.036057692307692304
0 0.45072115384615385 0.5240384615384616 0.04326923076923077 0.02403846153846154
0 0.6454326923076923 0.5420673076923077 0.038461538461538464 0.03365384615384615
0 0.6754807692307693 0.5348557692307693 0.03365384615384615 0.019230769230769232
0 0.6947115384615384 0.5576923076923077 0.10576923076923077 0.057692307692307696
0 0.7175480769230769 0.5709134615384616 0.10576923076923077 0.0625
0 0.7091346153846154 0.5961538461538461 0.08653846153846154 0.0625
0 0.7283653846153846 0.6081730769230769 0.07211538461538461 0.05048076923076923
0 0.5060096153846154 0.6574519230769231 0.0673076923076923 0.052884615384615384
0 0.47475961538461536 0.7007211538461539 0.04807692307692308 0.052884615384615384
0 0.5192307692307693 0.7067307692307693 0.04807692307692308 0.04326923076923077
0 0.4831730769230769 0.7439903846153846 0.021634615384615384 0.019230769230769232
0 0.4338942307692308 0.7680288461538461 0.07692307692307693 0.05048076923076923
0 0.45552884615384615 0.7956730769230769 0.04326923076923077 0.02403846153846154
0 0.3713942307692308 0.8028846153846154 0.08173076923076923 0.0673076923076923
0 0.5192307692307693 0.7427884615384616 0.028846153846153848 0.036057692307692304
0 0.5060096153846154 0.7716346153846154 0.0673076923076923 0.057692307692307696
0 0.5576923076923077 0.7463942307692307 0.038461538461538464 0.05048076923076923
0 0.546875 0.6225961538461539 0.04807692307692308 0.057692307692307696
0 0.5829326923076923 0.6959134615384616 0.08653846153846154 0.08653846153846154
0 0.6153846153846154 0.6322115384615384 0.07692307692307693 0.12740384615384615
0 0.6670673076923077 0.6538461538461539 0.06009615384615385 0.052884615384615384
0 0.5637019230769231 0.5540865384615384 0.06009615384615385 0.07932692307692307
0 0.6153846153846154 0.5456730769230769 0.03365384615384615 0.052884615384615384
0 0.6129807692307693 0.6141826923076923 0.06009615384615385 0.08173076923076923
0 0.33533653846153844 0.7259615384615384 0.16346153846153846 0.07692307692307693
0 0.11778846153846154 0.6742788461538461 0.13701923076923078 0.06490384615384616
0 0.12860576923076922 0.7283653846153846 0.13701923076923078 0.04326923076923077
0 0.1622596153846154 0.7992788461538461 0.08173076923076923 0.0673076923076923
0 0.09014423076923077 0.6274038461538461 0.08173076923076923 0.04326923076923077
0 0.10216346153846154 0.59375 0.04807692307692308 0.036057692307692304
0 0.051682692307692304 0.5649038461538461 0.06009615384615385 0.04326923076923077
0 0.038461538461538464 0.46875 0.07692307692307693 0.052884615384615384
0 0.030048076923076924 0.4110576923076923 0.06009615384615385 0.052884615384615384
0 0.016826923076923076 0.3545673076923077 0.03365384615384615 0.05048076923076923
0 0.45552884615384615 0.5600961538461539 0.055288461538461536 0.038461538461538464
0 0.42908653846153844 0.5817307692307693 0.055288461538461536 0.08173076923076923
0 0.35216346153846156 0.5576923076923077 0.021634615384615384 0.028846153846153848
0 0.2608173076923077 0.49038461538461536 0.028846153846153848 0.0673076923076923
0 0.19471153846153846 0.453125 0.038461538461538464 0.12980769230769232
0 0.21995192307692307 0.4567307692307692 0.04326923076923077 0.13942307692307693
0 0.16466346153846154 0.4891826923076923 0.0673076923076923 0.028846153846153848
0 0.14783653846153846 0.43149038461538464 0.04326923076923077 0.036057692307692304
0 0.23317307692307693 0.02403846153846154 0.07211538461538461 0.04807692307692308
0 0.2247596153846154 0.07091346153846154 0.07692307692307693 0.04807692307692308
0 0.2283653846153846 0.11057692307692307 0.04807692307692308 0.03365384615384615
0 0.2283653846153846 0.1502403846153846 0.06009615384615385 0.03365384615384615
0 0.23317307692307693 0.1814903846153846 0.06009615384615385 0.028846153846153848
0 0.2439903846153846 0.21514423076923078 0.04807692307692308 0.03365384615384615
0 0.24158653846153846 0.25 0.055288461538461536 0.036057692307692304
0 0.16706730769230768 0.027644230769230768 0.06009615384615385 0.04807692307692308
0 0.17067307692307693 0.09014423076923077 0.055288461538461536 0.036057692307692304
0 0.17548076923076922 0.125 0.04326923076923077 0.03365384615384615
0 0.16466346153846154 0.171875 0.055288461538461536 0.03365384615384615
0 0.18389423076923078 0.20432692307692307 0.04807692307692308 0.03365384615384615
0 0.18629807692307693 0.24759615384615385 0.055288461538461536 0.04807692307692308
0 0.18990384615384615 0.2848557692307692 0.04807692307692308 0.02403846153846154
0 0.11298076923076923 0.05048076923076923 0.07211538461538461 0.05048076923076923
0 0.11778846153846154 0.10817307692307693 0.04807692307692308 0.036057692307692304
0 0.109375 0.14302884615384615 0.055288461538461536 0.03365384615384615
0 0.12860576923076922 0.18990384615384615 0.04807692307692308 0.03365384615384615
0 0.12860576923076922 0.21875 0.04807692307692308 0.02403846153846154
0 0.11538461538461539 0.2403846153846154 0.021634615384615384 0.019230769230769232
0 0.14302884615384615 0.25721153846153844 0.04326923076923077 0.036057692307692304
0 0.13221153846153846 0.28966346153846156 0.04326923076923077 0.028846153846153848
0 0.09375 0.25600961538461536 0.03365384615384615 0.038461538461538464
0 0.10697115384615384 0.006009615384615385 0.07211538461538461 0.009615384615384616
0 0.046875 0.026442307692307692 0.07451923076923077 0.04807692307692308
0 0.020432692307692308 0.037259615384615384 0.040865384615384616 0.06971153846153846
0 0.019230769230769232 0.08533653846153846 0.038461538461538464 0.03365384615384615
0 0.016826923076923076 0.11538461538461539 0.03365384615384615 0.021634615384615384
0 0.07932692307692307 0.078125 0.06009615384615385 0.04807692307692308
0 0.06850961538461539 0.11778846153846154 0.06009615384615385 0.038461538461538464
0 0.030048076923076924 0.14182692307692307 0.04807692307692308 0.028846153846153848
0 0.025240384615384616 0.16826923076923078 0.038461538461538464 0.02403846153846154
0 0.038461538461538464 0.1971153846153846 0.04326923076923077 0.02403846153846154
0 0.07091346153846154 0.171875 0.055288461538461536 0.0625
0 0.07451923076923077 0.21875 0.038461538461538464 0.038461538461538464
0 0.07692307692307693 0.30288461538461536 0.07692307692307693 0.0625
0 0.10697115384615384 0.33533653846153844 0.09375 0.0625
0 0.15625 0.3473557692307692 0.04807692307692308 0.04326923076923077
0 0.14783653846153846 0.36899038461538464 0.08653846153846154 0.021634615384615384
0 0.14783653846153846 0.39663461538461536 0.04326923076923077 0.038461538461538464
0 0.203125 0.31490384615384615 0.055288461538461536 0.036057692307692304
0 0.2091346153846154 0.34375 0.04326923076923077 0.028846153846153848
0 0.21394230769230768 0.36778846153846156 0.04326923076923077 0.019230769230769232
0 0.24759615384615385 0.3004807692307692 0.055288461538461536 0.057692307692307696
0 0.25240384615384615 0.33653846153846156 0.055288461538461536 0.021634615384615384
0 0.25600961538461536 0.35697115384615385 0.038461538461538464 0.019230769230769232
0 0.25600961538461536 0.375 0.038461538461538464 0.019230769230769232