0 0.7115384615384616 0.03245192307692308 0.16105769230769232 0.057692307692307696
0 0.7788461538461539 0.15264423076923078 0.17307692307692307 0.12980769230769232
0 0.8774038461538461 0.1466346153846154 0.04807692307692308 0.11778846153846154
0 0.5985576923076923 0.16826923076923078 0.1875 0.17548076923076922
0 0.6538461538461539 0.18509615384615385 0.13942307692307693 0.11057692307692307
0 0.546875 0.04567307692307692 0.10576923076923077 0.08413461538461539
0 0.5961538461538461 0.042067307692307696 0.0985576923076923 0.07692307692307693
0 0.46153846153846156 0.03485576923076923 0.07692307692307693 0.0625
0 0.44471153846153844 0.12259615384615384 0.0889423076923077 0.12259615384615384
0 0.5132211538461539 0.15264423076923078 0.12980769230769232 0.12980769230769232
0 0.6201923076923077 0.29927884615384615 0.16826923076923078 0.11778846153846154
0 0.5420673076923077 0.3737980769230769 0.1346153846153846 0.10576923076923077
0 0.48677884615384615 0.3125 0.11057692307692307 0.09134615384615384
0 0.44471153846153844 0.2824519230769231 0.12980769230769232 0.08413461538461539
0 0.48677884615384615 0.43509615384615385 0.13942307692307693 0.11538461538461539
0 0.6430288461538461 0.5024038461538461 0.17307692307692307 0.1346153846153846
0 0.7391826923076923 0.390625 0.1778846153846154 0.1346153846153846
0 0.8173076923076923 0.4879807692307692 0.14423076923076922 0.15384615384615385
0 0.8389423076923077 0.6177884615384616 0.10576923076923077 0.10576923076923077
0 0.7079326923076923 0.5709134615384616 0.15625 0.13942307692307693
0 0.5600961538461539 0.5817307692307693 0.15144230769230768 0.10336538461538461
0 0.6490384615384616 0.6646634615384616 0.13942307692307693 0.10096153846153846
0 0.5540865384615384 0.7331730769230769 0.18269230769230768 0.14423076923076922
0 0.7391826923076923 0.7884615384615384 0.20673076923076922 0.14182692307692307
0 0.48197115384615385 0.6262019230769231 0.12980769230769232 0.09134615384615384
0 0.43990384615384615 0.7271634615384616 0.07692307692307693 0.08173076923076923
0 0.5048076923076923 0.7956730769230769 0.10576923076923077 0.06490384615384616
0 0.6069711538461539 0.8353365384615384 0.11057692307692307 0.0625
0 0.5132211538461539 0.8762019230769231 0.15144230769230768 0.09615384615384616
0 0.5276442307692307 0.9639423076923077 0.1466346153846154 0.0673076923076923
0 0.4326923076923077 0.9194711538461539 0.09375 0.10576923076923077
0 0.39903846153846156 0.8449519230769231 0.1201923076923077 0.10336538461538461
0 0.31490384615384615 0.8930288461538461 0.11057692307692307 0.09134615384615384
0 0.4014423076923077 0.9807692307692307 0.1346153846153846 0.03365384615384615
0 0.30649038461538464 0.9675480769230769 0.10336538461538461 0.06009615384615385
0 0.25 0.90625 0.07211538461538461 0.07211538461538461
0 0.20072115384615385 0.9086538461538461 0.057692307692307696 0.07692307692307693
0 0.1875 0.8112980769230769 0.0625 0.06490384615384616
0 0.23918269230769232 0.8076923076923077 0.08173076923076923 0.06490384615384616
0 0.15144230769230768 0.8413461538461539 0.052884615384615384 0.04807692307692308
0 0.09615384615384616 0.8028846153846154 0.057692307692307696 0.057692307692307696
0 0.10697115384615384 0.7271634615384616 0.07692307692307693 0.057692307692307696
0 0.125 0.6502403846153846 0.03125 0.04807692307692308
0 0.16947115384615385 0.6622596153846154 0.036057692307692304 0.06490384615384616
0 0.19831730769230768 0.6262019230769231 0.03125 0.038461538461538464
0 0.25 0.6069711538461539 0.09375 0.07692307692307693
0 0.25721153846153844 0.5673076923076923 0.12980769230769232 0.08173076923076923
0 0.2704326923076923 0.4519230769230769 0.08173076923076923 0.07211538461538461
0 0.16105769230769232 0.4230769230769231 0.08173076923076923 0.0625
0 0.09134615384615384 0.42788461538461536 0.057692307692307696 0.04567307692307692
0 0.10697115384615384 0.49038461538461536 0.057692307692307696 0.06490384615384616
0 0.16706730769230768 0.484375 0.08173076923076923 0.07692307692307693
0 0.13822115384615385 0.5721153846153846 0.057692307692307696 0.0673076923076923
0 0.12980769230769232 0.27884615384615385 0.08173076923076923 0.0673076923076923
0 0.14543269230769232 0.20432692307692307 0.052884615384615384 0.07211538461538461
0 0.18028846153846154 0.23677884615384615 0.036057692307692304 0.052884615384615384
0 0.19831730769230768 0.2980769230769231 0.052884615384615384 0.052884615384615384
0 0.20552884615384615 0.19471153846153846 0.04807692307692308 0.052884615384615384
0 0.18990384615384615 0.05889423076923077 0.07692307692307693 0.06490384615384616
0 0.3125 0.35336538461538464 0.09375 0.06490384615384616
0 0.31490384615384615 0.20552884615384615 0.057692307692307696 0.0625
0 0.33052884615384615 0.13221153846153846 0.11057692307692307 0.08173076923076923