0 0.7247596153846154 0.5841346153846154 0.11538461538461539 0.09375
0 0.6382211538461539 0.6622596153846154 0.17307692307692307 0.15144230769230768
0 0.6105769230769231 0.7932692307692307 0.16346153846153846 0.17307692307692307
0 0.49759615384615385 0.7620192307692307 0.09615384615384616 0.13942307692307693
0 0.47596153846153844 0.8557692307692307 0.10576923076923077 0.10096153846153846
0 0.40865384615384615 0.7668269230769231 0.08173076923076923 0.1201923076923077
0 0.28725961538461536 0.7512019230769231 0.1466346153846154 0.15144230769230768
0 0.3401442307692308 0.6550480769230769 0.13942307692307693 0.15384615384615385
0 0.2536057692307692 0.6262019230769231 0.07211538461538461 0.11538461538461539
0 0.2776442307692308 0.5084134615384616 0.09375 0.08413461538461539
0 0.375 0.5420673076923077 0.09375 0.07211538461538461
0 0.49158653846153844 0.6310096153846154 0.16346153846153846 0.1346153846153846
0 0.5817307692307693 0.5072115384615384 0.14182692307692307 0.16826923076923078
0 0.7019230769230769 0.49759615384615385 0.125 0.11538461538461539
0 0.546875 0.3425480769230769 0.16826923076923078 0.20432692307692307
0 0.42908653846153844 0.47115384615384615 0.17307692307692307 0.16826923076923078
0 0.3581730769230769 0.42427884615384615 0.11057692307692307 0.11057692307692307
0 0.2536057692307692 0.40625 0.09615384615384616 0.11057692307692307
0 0.41947115384615385 0.3161057692307692 0.1201923076923077 0.1346153846153846