0 0.3401442307692308 0.8581730769230769 0.4182692307692308 0.27403846153846156
0 0.1622596153846154 0.7463942307692307 0.3173076923076923 0.47596153846153844
0 0.15504807692307693 0.8557692307692307 0.30288461538461536 0.27884615384615385
0 0.4182692307692308 0.6442307692307693 0.30528846153846156 0.3076923076923077
0 0.33052884615384615 0.5793269230769231 0.057692307692307696 0.0673076923076923
0 0.44591346153846156 0.43149038461538464 0.24519230769230768 0.28365384615384615
0 0.3449519230769231 0.40384615384615385 0.24759615384615385 0.3173076923076923
0 0.1141826923076923 0.5276442307692307 0.22115384615384615 0.18028846153846154
0 0.07692307692307693 0.6862980769230769 0.14423076923076922 0.14903846153846154
0 0.11298076923076923 0.38221153846153844 0.21875 0.15384615384615385
0 0.22596153846153846 0.2956730769230769 0.30528846153846156 0.25
0 0.057692307692307696 0.15865384615384615 0.11057692307692307 0.3173076923076923
0 0.2512019230769231 0.109375 0.28365384615384615 0.1971153846153846
0 0.19471153846153846 0.036057692307692304 0.1346153846153846 0.07211538461538461
0 0.1201923076923077 0.040865384615384616 0.08173076923076923 0.08173076923076923
0 0.3713942307692308 0.09615384615384616 0.1875 0.19230769230769232
0 0.4951923076923077 0.06370192307692307 0.1875 0.12740384615384615
0 0.6021634615384616 0.20432692307692307 0.19951923076923078 0.28846153846153844
0 0.6274038461538461 0.7127403846153846 0.16346153846153846 0.5625
0 0.6875 0.7620192307692307 0.31971153846153844 0.4639423076923077
0 0.7944711538461539 0.6826923076923077 0.28846153846153844 0.6225961538461539
0 0.8473557692307693 0.5300480769230769 0.2403846153846154 0.21875
0 0.9314903846153846 0.7235576923076923 0.11538461538461539 0.27884615384615385
0 0.9074519230769231 0.734375 0.18028846153846154 0.23798076923076922
0 0.9651442307692307 0.9038461538461539 0.0673076923076923 0.15865384615384615
0 0.9795673076923077 0.5540865384615384 0.038461538461538464 0.18028846153846154
0 0.8473557692307693 0.30649038461538464 0.29086538461538464 0.3076923076923077
0 0.9951923076923077 0.38221153846153844 0.004807692307692308 0.1778846153846154
0 0.7800480769230769 0.1778846153846154 0.17067307692307693 0.21153846153846154
0 0.84375 0.06610576923076923 0.15865384615384615 0.12980769230769232
0 0.6850961538461539 0.06850961538461539 0.18509615384615385 0.13701923076923078
0 0.9603365384615384 0.057692307692307696 0.07451923076923077 0.11538461538461539
0 0.9399038461538461 0.1875 0.11538461538461539 0.1778846153846154
0 0.5 0.4987980769230769 0.9951923076923077 0.9975961538461539