0 0.4651442307692308 0.8966346153846154 0.28125 0.20192307692307693
0 0.6658653846153846 0.05048076923076923 0.27884615384615385 0.09375
0 0.8725961538461539 0.09375 0.24278846153846154 0.18028846153846154
0 0.6790865384615384 0.9266826923076923 0.23317307692307693 0.14182692307692307
0 0.8341346153846154 0.8425480769230769 0.036057692307692304 0.040865384615384616
0 0.8846153846153846 0.8641826923076923 0.040865384615384616 0.02403846153846154
0 0.9495192307692307 0.8798076923076923 0.040865384615384616 0.03365384615384615
0 0.9615384615384616 0.8966346153846154 0.06490384615384616 0.019230769230769232
0 0.9230769230769231 0.9266826923076923 0.036057692307692304 0.040865384615384616
0 0.9675480769230769 0.9651442307692307 0.052884615384615384 0.038461538461538464
0 0.3581730769230769 0.4699519230769231 0.2548076923076923 0.24519230769230768
0 0.5324519230769231 0.36658653846153844 0.3076923076923077 0.15865384615384615
0 0.5264423076923077 0.546875 0.34375 0.20432692307692307
0 0.546875 0.6057692307692307 0.23076923076923078 0.31490384615384615
0 0.5769230769230769 0.3112980769230769 0.28846153846153844 0.25961538461538464
0 0.7247596153846154 0.3088942307692308 0.2548076923076923 0.1778846153846154
0 0.7716346153846154 0.46153846153846156 0.21875 0.16826923076923078
0 0.7668269230769231 0.5901442307692307 0.21875 0.23798076923076922
3 0.036057692307692304 0.25600961538461536 0.07211538461538461 0.18269230769230768