0 0.43509615384615385 0.5745192307692307 0.27884615384615385 0.20673076923076922
0 0.28966346153846156 0.6574519230769231 0.08173076923076923 0.09615384615384616
0 0.4098557692307692 0.7283653846153846 0.1778846153846154 0.10576923076923077
0 0.6189903846153846 0.7512019230769231 0.20192307692307693 0.13942307692307693
0 0.6009615384615384 0.8377403846153846 0.11538461538461539 0.057692307692307696
0 0.8473557692307693 0.7572115384615384 0.18269230769230768 0.12740384615384615
0 0.7512019230769231 0.6682692307692307 0.14423076923076922 0.11057692307692307
0 0.6923076923076923 0.5841346153846154 0.16105769230769232 0.10336538461538461
0 0.8942307692307693 0.6418269230769231 0.16105769230769232 0.11057692307692307
0 0.9375 0.5456730769230769 0.11538461538461539 0.125
0 0.7740384615384616 0.46875 0.23317307692307693 0.17307692307692307
0 0.5805288461538461 0.4362980769230769 0.1658653846153846 0.12259615384615384
0 0.6838942307692307 0.31850961538461536 0.21634615384615385 0.16105769230769232
0 0.22235576923076922 0.30649038461538464 0.41346153846153844 0.4519230769230769