0 0.9158653846153846 0.8257211538461539 0.10096153846153846 0.12980769230769232
0 0.9807692307692307 0.8052884615384616 0.028846153846153848 0.11057692307692307
0 0.9519230769230769 0.8701923076923077 0.08653846153846154 0.052884615384615384
0 0.8629807692307693 0.8701923076923077 0.07692307692307693 0.052884615384615384
0 0.8822115384615384 0.765625 0.10096153846153846 0.11538461538461539
0 0.8966346153846154 0.6298076923076923 0.11538461538461539 0.1346153846153846
0 0.9711538461538461 0.6947115384615384 0.04807692307692308 0.11057692307692307
0 0.9555288461538461 0.5889423076923077 0.08173076923076923 0.1346153846153846
0 0.9795673076923077 0.47596153846153844 0.03365384615384615 0.12980769230769232
0 0.9278846153846154 0.46153846153846156 0.10096153846153846 0.0985576923076923
0 0.984375 0.2548076923076923 0.02403846153846154 0.125
0 0.9675480769230769 0.16346153846153846 0.057692307692307696 0.07692307692307693
0 0.9747596153846154 0.11177884615384616 0.04326923076923077 0.0673076923076923
0 0.9387019230769231 0.07572115384615384 0.09134615384615384 0.07692307692307693
0 0.9483173076923077 0.013221153846153846 0.06490384615384616 0.026442307692307692
0 0.9807692307692307 0.03125 0.028846153846153848 0.0625
0 0.17908653846153846 0.13822115384615385 0.10576923076923077 0.11057692307692307
0 0.2439903846153846 0.08052884615384616 0.08413461538461539 0.11057692307692307
0 0.2439903846153846 0.8365384615384616 0.10096153846153846 0.12980769230769232
0 0.3317307692307692 0.8509615384615384 0.10576923076923077 0.0889423076923077
0 0.42788461538461536 0.84375 0.08413461538461539 0.11538461538461539
0 0.5096153846153846 0.8617788461538461 0.08653846153846154 0.07692307692307693
0 0.609375 0.8617788461538461 0.09615384615384616 0.0673076923076923
0 0.7115384615384616 0.8882211538461539 0.08653846153846154 0.026442307692307692
0 0.7692307692307693 0.8329326923076923 0.11778846153846154 0.125
0 0.7632211538461539 0.6694711538461539 0.11538461538461539 0.17307692307692307
0 0.7151442307692307 0.734375 0.08173076923076923 0.16826923076923078
0 0.7860576923076923 0.734375 0.10576923076923077 0.10576923076923077
0 0.84375 0.48677884615384615 0.10096153846153846 0.11057692307692307
0 0.8413461538461539 0.3798076923076923 0.09615384615384616 0.11538461538461539
0 0.9254807692307693 0.34375 0.13942307692307693 0.1346153846153846
0 0.9447115384615384 0.3233173076923077 0.10336538461538461 0.14423076923076922
0 0.9122596153846154 0.21875 0.11538461538461539 0.1346153846153846
0 0.8870192307692307 0.19471153846153846 0.07211538461538461 0.1201923076923077
0 0.8341346153846154 0.0733173076923077 0.11778846153846154 0.14423076923076922
0 0.8545673076923077 0.10697115384615384 0.07692307692307693 0.07692307692307693
0 0.84375 0.16346153846153846 0.0625 0.0673076923076923
0 0.7620192307692307 0.16105769230769232 0.10336538461538461 0.125
0 0.8173076923076923 0.2608173076923077 0.10576923076923077 0.10576923076923077
0 0.7620192307692307 0.33052884615384615 0.11778846153846154 0.13942307692307693
0 0.7788461538461539 0.453125 0.08413461538461539 0.09375
0 0.7884615384615384 0.546875 0.09615384615384616 0.11538461538461539
0 0.6947115384615384 0.5204326923076923 0.10096153846153846 0.14423076923076922
0 0.6947115384615384 0.40865384615384615 0.09134615384615384 0.0889423076923077
0 0.6550480769230769 0.34375 0.08653846153846154 0.125
0 0.6754807692307693 0.052884615384615384 0.10096153846153846 0.10576923076923077
0 0.7295673076923077 0.013221153846153846 0.10576923076923077 0.026442307692307692
0 0.6394230769230769 0.18269230769230768 0.07211538461538461 0.10576923076923077
0 0.5841346153846154 0.20793269230769232 0.10096153846153846 0.14423076923076922
0 0.5901442307692307 0.3125 0.08653846153846154 0.07211538461538461
0 0.5060096153846154 0.28125 0.08653846153846154 0.08173076923076923
0 0.515625 0.3485576923076923 0.08413461538461539 0.11538461538461539
0 0.5516826923076923 0.4266826923076923 0.08173076923076923 0.10576923076923077
0 0.6334134615384616 0.43990384615384615 0.07692307692307693 0.0673076923076923
0 0.6141826923076923 0.515625 0.0673076923076923 0.09375
0 0.5769230769230769 0.5516826923076923 0.10576923076923077 0.07211538461538461
0 0.5444711538461539 0.4951923076923077 0.09615384615384616 0.052884615384615384
0 0.47716346153846156 0.5540865384615384 0.10096153846153846 0.15144230769230768
0 0.5673076923076923 0.6274038461538461 0.09615384615384616 0.1201923076923077
0 0.6033653846153846 0.7548076923076923 0.12259615384615384 0.14423076923076922
0 0.6730769230769231 0.8257211538461539 0.08173076923076923 0.1201923076923077
0 0.9146634615384616 0.828125 0.10336538461538461 0.1346153846153846
0 0.6502403846153846 0.6274038461538461 0.09615384615384616 0.12980769230769232
0 0.6201923076923077 0.5204326923076923 0.057692307692307696 0.09375
0 0.47475961538461536 0.7115384615384616 0.125 0.17307692307692307
0 0.5204326923076923 0.7860576923076923 0.07211538461538461 0.08173076923076923
0 0.41466346153846156 0.6538461538461539 0.08653846153846154 0.0985576923076923
0 0.3870192307692308 0.46875 0.08653846153846154 0.11538461538461539
0 0.46153846153846156 0.421875 0.10096153846153846 0.11538461538461539
0 0.3762019230769231 0.7608173076923077 0.08653846153846154 0.125
0 0.26322115384615385 0.703125 0.10576923076923077 0.1346153846153846
0 0.3016826923076923 0.6586538461538461 0.12259615384615384 0.15144230769230768
0 0.3112980769230769 0.765625 0.04326923076923077 0.07211538461538461
0 0.1814903846153846 0.8798076923076923 0.03365384615384615 0.04326923076923077
0 0.042067307692307696 0.7319711538461539 0.08413461538461539 0.16105769230769232
0 0.11658653846153846 0.6850961538461539 0.07211538461538461 0.0985576923076923
0 0.14903846153846154 0.6610576923076923 0.04567307692307692 0.1346153846153846
0 0.19471153846153846 0.65625 0.08413461538461539 0.1346153846153846
0 0.21995192307692307 0.5384615384615384 0.09615384615384616 0.12980769230769232
0 0.19471153846153846 0.4579326923076923 0.07692307692307693 0.08173076923076923
0 0.2764423076923077 0.4639423076923077 0.10336538461538461 0.14423076923076922
0 0.3473557692307692 0.5576923076923077 0.09134615384615384 0.1346153846153846
0 0.14543269230769232 0.5576923076923077 0.09134615384615384 0.125
0 0.04807692307692308 0.5180288461538461 0.09615384615384616 0.12980769230769232
0 0.04447115384615385 0.609375 0.08653846153846154 0.08173076923076923
0 0.3449519230769231 0.41346153846153844 0.08173076923076923 0.0985576923076923
0 0.35697115384615385 0.30408653846153844 0.09615384615384616 0.12980769230769232
0 0.41466346153846156 0.32572115384615385 0.057692307692307696 0.0889423076923077
0 0.4182692307692308 0.26802884615384615 0.03365384615384615 0.04807692307692308
0 0.4639423076923077 0.22355769230769232 0.10336538461538461 0.07211538461538461
0 0.39302884615384615 0.21153846153846154 0.0625 0.0673076923076923
0 0.35697115384615385 0.1875 0.07211538461538461 0.08173076923076923
0 0.4639423076923077 0.140625 0.09615384615384616 0.125
0 0.5420673076923077 0.10697115384615384 0.10096153846153846 0.12980769230769232
0 0.5492788461538461 0.037259615384615384 0.11298076923076923 0.07451923076923077
0 0.421875 0.1045673076923077 0.09615384615384616 0.125
0 0.390625 0.055288461538461536 0.11057692307692307 0.0889423076923077
0 0.41466346153846156 0.013221153846153846 0.08653846153846154 0.026442307692307692
0 0.32211538461538464 0.021634615384615384 0.09615384615384616 0.04326923076923077
0 0.24759615384615385 0.010817307692307692 0.09134615384615384 0.019230769230769232
0 0.16947115384615385 0.042067307692307696 0.08653846153846154 0.08173076923076923
0 0.08052884615384616 0.0829326923076923 0.10576923076923077 0.1346153846153846
0 0.09134615384615384 0.013221153846153846 0.07692307692307693 0.026442307692307692
0 0.03125 0.014423076923076924 0.0625 0.028846153846153848
0 0.013221153846153846 0.06490384615384616 0.026442307692307692 0.07692307692307693
0 0.013221153846153846 0.1141826923076923 0.026442307692307692 0.07211538461538461
0 0.019230769230769232 0.19831730769230768 0.038461538461538464 0.10576923076923077
0 0.0673076923076923 0.18509615384615385 0.08653846153846154 0.1201923076923077
0 0.09014423076923077 0.29927884615384615 0.11057692307692307 0.15144230769230768
0 0.08052884615384616 0.4014423076923077 0.0673076923076923 0.0625
0 0.1201923076923077 0.4579326923076923 0.07211538461538461 0.08173076923076923
0 0.025240384615384616 0.39903846153846156 0.04807692307692308 0.12980769230769232
0 0.025240384615384616 0.296875 0.04807692307692308 0.11538461538461539
0 0.16947115384615385 0.34375 0.08653846153846154 0.11538461538461539
0 0.1875 0.23918269230769232 0.11538461538461539 0.1346153846153846
0 0.25721153846153844 0.203125 0.057692307692307696 0.08173076923076923
0 0.30528846153846156 0.0985576923076923 0.0673076923076923 0.07211538461538461
0 0.28846153846153844 0.17427884615384615 0.08653846153846154 0.0889423076923077
0 0.25961538461538464 0.3701923076923077 0.09134615384615384 0.09375
0 0.3545673076923077 0.30408653846153844 0.10096153846153846 0.1201923076923077
0 0.4987980769230769 0.4519230769230769 0.9975961538461539 0.9038461538461539