0 0.49759615384615385 0.5528846153846154 0.9423076923076923 0.8846153846153846
0 0.7223557692307693 0.3894230769230769 0.49038461538461536 0.5432692307692307
0 0.6225961538461539 0.53125 0.5456730769230769 0.5865384615384616
0 0.4735576923076923 0.6105769230769231 0.5721153846153846 0.6081730769230769
0 0.359375 0.734375 0.5841346153846154 0.5264423076923077
0 0.28365384615384615 0.7740384615384616 0.5288461538461539 0.44711538461538464
1 0.042067307692307696 0.3112980769230769 0.08413461538461539 0.47836538461538464
1 0.15264423076923078 0.2776442307692308 0.13942307692307693 0.40865384615384615
1 0.2860576923076923 0.20072115384615385 0.1201923076923077 0.2644230769230769
1 0.3762019230769231 0.19591346153846154 0.052884615384615384 0.24278846153846154
1 0.4543269230769231 0.15384615384615385 0.09615384615384616 0.16826923076923078
1 0.5192307692307693 0.12740384615384615 0.02403846153846154 0.10576923076923077
1 0.7692307692307693 0.09735576923076923 0.4543269230769231 0.04807692307692308
1 0.8990384615384616 0.2247596153846154 0.1971153846153846 0.20673076923076922
1 0.7692307692307693 0.15865384615384615 0.0625 0.07451923076923077
1 0.7824519230769231 0.21995192307692307 0.038461538461538464 0.04807692307692308
1 0.7139423076923077 0.1346153846153846 0.04567307692307692 0.026442307692307692
1 0.7271634615384616 0.16105769230769232 0.019230769230769232 0.026442307692307692
1 0.6862980769230769 0.12740384615384615 0.009615384615384616 0.009615384615384616
1 0.7572115384615384 0.20072115384615385 0.019230769230769232 0.021634615384615384
1 0.7896634615384616 0.2536057692307692 0.02403846153846154 0.021634615384615384
1 0.9639423076923077 0.3701923076923077 0.0625 0.08413461538461539
1 0.984375 0.7079326923076923 0.026442307692307692 0.5793269230769231
1 0.8762019230769231 0.921875 0.24278846153846154 0.15144230769230768
1 0.9471153846153846 0.7512019230769231 0.09615384615384616 0.18028846153846154
1 0.6971153846153846 0.9591346153846154 0.1201923076923077 0.07692307692307693
1 0.18269230769230768 0.9615384615384616 0.36538461538461536 0.07211538461538461
1 0.009615384615384616 0.7427884615384616 0.019230769230769232 0.375
1 0.08413461538461539 0.8521634615384616 0.125 0.13701923076923078
1 0.2091346153846154 0.8834134615384616 0.11538461538461539 0.07451923076923077
1 0.28725961538461536 0.9074519230769231 0.040865384615384616 0.038461538461538464
1 0.16947115384615385 0.8257211538461539 0.04567307692307692 0.03125
1 0.04927884615384615 0.7572115384615384 0.052884615384615384 0.052884615384615384