0 0.4495192307692308 0.6310096153846154 0.4110576923076923 0.46153846153846156
0 0.5 0.8533653846153846 0.5144230769230769 0.2860576923076923
0 0.18629807692307693 0.6947115384615384 0.36778846153846156 0.6057692307692307
0 0.07451923076923077 0.9170673076923077 0.14423076923076922 0.16105769230769232
0 0.2127403846153846 0.21394230769230768 0.4206730769230769 0.42788461538461536
0 0.5432692307692307 0.24879807692307693 0.3245192307692308 0.41346153846153844
0 0.7487980769230769 0.046875 0.08653846153846154 0.07692307692307693
0 0.6346153846153846 0.47836538461538464 0.11057692307692307 0.07211538461538461
0 0.6466346153846154 0.5408653846153846 0.09615384615384616 0.055288461538461536
0 0.8245192307692307 0.5829326923076923 0.07692307692307693 0.07451923076923077
0 0.8269230769230769 0.9495192307692307 0.07211538461538461 0.04807692307692308
0 0.7103365384615384 0.9627403846153846 0.0625 0.0673076923076923
0 0.7620192307692307 0.8052884615384616 0.07211538461538461 0.05048076923076923
0 0.7848557692307693 0.7367788461538461 0.07692307692307693 0.0625
0 0.8377403846153846 0.7103365384615384 0.07211538461538461 0.07211538461538461
0 0.8221153846153846 0.7824519230769231 0.09134615384615384 0.0673076923076923
0 0.8125 0.46274038461538464 0.09134615384615384 0.07692307692307693
0 0.7463942307692307 0.4567307692307692 0.0625 0.07451923076923077
0 0.7127403846153846 0.390625 0.08653846153846154 0.07451923076923077
0 0.22115384615384615 0.5504807692307693 0.07692307692307693 0.04326923076923077
0 0.23317307692307693 0.5997596153846154 0.08173076923076923 0.055288461538461536
0 0.8810096153846154 0.5192307692307693 0.04567307692307692 0.08173076923076923
0 0.8834134615384616 0.43149038461538464 0.040865384615384616 0.07692307692307693
0 0.8149038461538461 0.3701923076923077 0.09615384615384616 0.0673076923076923
0 0.8221153846153846 0.3161057692307692 0.0625 0.05048076923076923
0 0.8629807692307693 0.28966346153846156 0.07211538461538461 0.07692307692307693
0 0.8858173076923077 0.34134615384615385 0.036057692307692304 0.07692307692307693
0 0.8269230769230769 0.2548076923076923 0.05048076923076923 0.04807692307692308
0 0.890625 0.046875 0.02403846153846154 0.09375