0 0.8377403846153846 0.22235576923076922 0.2091346153846154 0.43509615384615385
0 0.6045673076923077 0.20432692307692307 0.38221153846153844 0.4014423076923077
0 0.40625 0.24879807692307693 0.5913461538461539 0.49038461538461536
0 0.11778846153846154 0.41947115384615385 0.2283653846153846 0.4326923076923077
0 0.109375 0.18870192307692307 0.2091346153846154 0.3701923076923077
0 0.2512019230769231 0.2283653846153846 0.2980769230769231 0.4495192307692308
0 0.5012019230769231 0.3942307692307692 0.9927884615384616 0.33653846153846156
0 0.9675480769230769 0.16947115384615385 0.06009615384615385 0.13701923076923078
0 0.8269230769230769 0.6862980769230769 0.34134615384615385 0.6225961538461539
0 0.45552884615384615 0.6838942307692307 0.9038461538461539 0.6298076923076923
0 0.3329326923076923 0.6730769230769231 0.6586538461538461 0.6105769230769231
0 0.45552884615384615 0.9194711538461539 0.3076923076923077 0.15865384615384615
0 0.7151442307692307 0.875 0.44471153846153844 0.15144230769230768
0 0.8209134615384616 0.6875 0.35336538461538464 0.14903846153846154
0 0.9038461538461539 0.8197115384615384 0.1466346153846154 0.1201923076923077
0 0.9735576923076923 0.8617788461538461 0.04807692307692308 0.27163461538461536