0 0.9014423076923077 0.9459134615384616 0.1875 0.0985576923076923
0 0.9387019230769231 0.9014423076923077 0.09615384615384616 0.11057692307692307
0 0.953125 0.7980769230769231 0.08653846153846154 0.1875
0 0.9759615384615384 0.8930288461538461 0.038461538461538464 0.11538461538461539
0 0.9615384615384616 0.6634615384615384 0.0673076923076923 0.20192307692307693
0 0.9110576923076923 0.4675480769230769 0.17067307692307693 0.3004807692307692
0 0.8161057692307693 0.6610576923076923 0.23557692307692307 0.5144230769230769
0 0.9362980769230769 0.28125 0.08413461538461539 0.125
0 0.9314903846153846 0.23197115384615385 0.09615384615384616 0.09134615384615384
0 0.9543269230769231 0.16346153846153846 0.08413461538461539 0.1201923076923077
0 0.9783653846153846 0.2956730769230769 0.036057692307692304 0.15384615384615385
0 0.9723557692307693 0.052884615384615384 0.05048076923076923 0.10096153846153846
0 0.8341346153846154 0.11298076923076923 0.23076923076923078 0.22115384615384615
0 0.8605769230769231 0.26802884615384615 0.0673076923076923 0.08653846153846154
0 0.8233173076923077 0.2403846153846154 0.04807692307692308 0.07692307692307693
0 0.7848557692307693 0.28725961538461536 0.036057692307692304 0.07211538461538461
0 0.8377403846153846 0.33052884615384615 0.08413461538461539 0.04807692307692308
0 0.6802884615384616 0.7235576923076923 0.08173076923076923 0.15865384615384615
0 0.6670673076923077 0.8197115384615384 0.11298076923076923 0.08653846153846154
0 0.7403846153846154 0.8966346153846154 0.1346153846153846 0.1971153846153846
0 0.5889423076923077 0.8413461538461539 0.29086538461538464 0.3076923076923077
0 0.421875 0.9675480769230769 0.09615384615384616 0.052884615384615384
0 0.4639423076923077 0.7235576923076923 0.27403846153846156 0.4639423076923077
0 0.6105769230769231 0.5600961538461539 0.028846153846153848 0.09134615384615384
0 0.6658653846153846 0.5661057692307693 0.11057692307692307 0.14903846153846154
0 0.6322115384615384 0.40384615384615385 0.11538461538461539 0.17307692307692307
0 0.7439903846153846 0.4014423076923077 0.11298076923076923 0.15865384615384615
0 0.7331730769230769 0.234375 0.08413461538461539 0.15384615384615385
0 0.6057692307692307 0.22355769230769232 0.15625 0.1201923076923077
0 0.6490384615384616 0.14182692307692307 0.11298076923076923 0.1201923076923077
0 0.7055288461538461 0.11177884615384616 0.028846153846153848 0.11538461538461539
0 0.5637019230769231 0.042067307692307696 0.12740384615384615 0.07932692307692307
0 0.4326923076923077 0.11057692307692307 0.18269230769230768 0.21634615384615385
0 0.31971153846153844 0.2127403846153846 0.16826923076923078 0.17307692307692307
0 0.20552884615384615 0.19110576923076922 0.09134615384615384 0.14182692307692307
0 0.13581730769230768 0.28125 0.19230769230769232 0.2692307692307692
0 0.11658653846153846 0.49759615384615385 0.2283653846153846 0.20192307692307693
0 0.1045673076923077 0.9290865384615384 0.20432692307692307 0.13221153846153846
0 0.21995192307692307 0.8689903846153846 0.1778846153846154 0.25
0 0.2980769230769231 0.9483173076923077 0.08173076923076923 0.09134615384615384
0 0.3473557692307692 0.9591346153846154 0.04807692307692308 0.07211538461538461
0 0.3329326923076923 0.5841346153846154 0.10576923076923077 0.2403846153846154
0 0.3016826923076923 0.7896634615384616 0.06490384615384616 0.18028846153846154
0 0.234375 0.6586538461538461 0.1201923076923077 0.20192307692307693
0 0.11298076923076923 0.7283653846153846 0.22115384615384615 0.3605769230769231
0 0.026442307692307692 0.5829326923076923 0.04807692307692308 0.1658653846153846
0 0.07091346153846154 0.5985576923076923 0.04807692307692308 0.04807692307692308
0 0.22235576923076922 0.36899038461538464 0.08173076923076923 0.12740384615384615
0 0.24759615384615385 0.48677884615384615 0.05048076923076923 0.1201923076923077
0 0.33774038461538464 0.453125 0.10096153846153846 0.1201923076923077
0 0.3870192307692308 0.5108173076923077 0.038461538461538464 0.13701923076923078
0 0.33653846153846156 0.5925480769230769 0.11298076923076923 0.22355769230769232
0 0.3004807692307692 0.7872596153846154 0.055288461538461536 0.15384615384615385
0 0.21033653846153846 0.8521634615384616 0.15384615384615385 0.20673076923076922
0 0.28966346153846156 0.9338942307692307 0.10576923076923077 0.11057692307692307
0 0.4855769230769231 0.4266826923076923 0.12740384615384615 0.15384615384615385
0 0.5817307692307693 0.4675480769230769 0.07211538461538461 0.11538461538461539
0 0.5769230769230769 0.3112980769230769 0.16346153846153846 0.12980769230769232
0 0.5456730769230769 0.1778846153846154 0.06490384615384616 0.07211538461538461
0 0.4723557692307692 0.22956730769230768 0.0889423076923077 0.0985576923076923
0 0.5132211538461539 0.22956730769230768 0.10336538461538461 0.11057692307692307
0 0.4543269230769231 0.33052884615384615 0.057692307692307696 0.10336538461538461
0 0.4855769230769231 0.30649038461538464 0.0673076923076923 0.08653846153846154
0 0.4074519230769231 0.34975961538461536 0.11538461538461539 0.1971153846153846
0 0.03485576923076923 0.3557692307692308 0.06971153846153846 0.17307692307692307
0 0.07451923076923077 0.1141826923076923 0.08413461538461539 0.14182692307692307
0 0.14182692307692307 0.12259615384615384 0.08173076923076923 0.06009615384615385
0 0.19831730769230768 0.10697115384615384 0.055288461538461536 0.07211538461538461
0 0.27283653846153844 0.13942307692307693 0.07932692307692307 0.09134615384615384
0 0.030048076923076924 0.171875 0.055288461538461536 0.19471153846153846
0 0.6995192307692307 0.9314903846153846 0.19951923076923078 0.125
0 0.49399038461538464 0.8473557692307693 0.21875 0.2956730769230769
0 0.32572115384615385 0.3473557692307692 0.18509615384615385 0.15865384615384615
0 0.5 0.4987980769230769 0.9951923076923077 0.9927884615384616