4 0.2127403846153846 0.21153846153846154 0.18269230769230768 0.1201923076923077
4 0.2403846153846154 0.31850961538461536 0.33653846153846156 0.1778846153846154
4 0.234375 0.3870192307692308 0.20432692307692307 0.08653846153846154
4 0.21514423076923078 0.4879807692307692 0.1658653846153846 0.10576923076923077
4 0.23197115384615385 0.5552884615384616 0.40865384615384615 0.09375
4 0.234375 0.5661057692307693 0.40384615384615385 0.028846153846153848
4 0.1466346153846154 0.6237980769230769 0.11538461538461539 0.07211538461538461
4 0.2403846153846154 0.6574519230769231 0.11538461538461539 0.07692307692307693
4 0.33653846153846156 0.6358173076923077 0.11057692307692307 0.0673076923076923
4 0.47475961538461536 0.6490384615384616 0.07692307692307693 0.04326923076923077
4 0.640625 0.7127403846153846 0.28846153846153844 0.10096153846153846
4 0.4230769230769231 0.7439903846153846 0.13942307692307693 0.10336538461538461
4 0.2512019230769231 0.7560096153846154 0.18269230769230768 0.12980769230769232
4 0.7956730769230769 0.6129807692307693 0.35336538461538464 0.24519230769230768
4 0.8257211538461539 0.7151442307692307 0.04807692307692308 0.019230769230769232
4 0.5889423076923077 0.6201923076923077 0.14903846153846154 0.11538461538461539
4 0.7379807692307693 0.5012019230769231 0.10576923076923077 0.04326923076923077
4 0.8762019230769231 0.546875 0.17067307692307693 0.125
4 0.6983173076923077 0.45552884615384615 0.09375 0.036057692307692304
4 0.8485576923076923 0.41225961538461536 0.20432692307692307 0.10576923076923077
4 0.7980769230769231 0.3076923076923077 0.20432692307692307 0.1201923076923077
4 0.46153846153846156 0.3713942307692308 0.09375 0.08173076923076923
4 0.6274038461538461 0.3786057692307692 0.22596153846153846 0.04807692307692308
4 0.5576923076923077 0.27403846153846156 0.10096153846153846 0.08173076923076923
4 0.6574519230769231 0.3401442307692308 0.1658653846153846 0.10576923076923077
4 0.6574519230769231 0.23798076923076922 0.1201923076923077 0.11057692307692307
4 0.5408653846153846 0.20072115384615385 0.11057692307692307 0.07211538461538461
4 0.44471153846153844 0.25961538461538464 0.11538461538461539 0.07692307692307693
4 0.359375 0.3762019230769231 0.11057692307692307 0.16346153846153846