0 0.6646634615384616 0.7211538461538461 0.6658653846153846 0.34134615384615385
0 0.7620192307692307 0.9146634615384616 0.2692307692307692 0.09134615384615384
0 0.41225961538461536 0.8293269230769231 0.4639423076923077 0.15384615384615385
0 0.7163461538461539 0.6129807692307693 0.14182692307692307 0.0673076923076923
0 0.4098557692307692 0.5913461538461539 0.3389423076923077 0.0625
0 0.16105769230769232 0.625 0.3004807692307692 0.08173076923076923
0 0.16105769230769232 0.7259615384615384 0.3125 0.12740384615384615
0 0.18870192307692307 0.5504807692307693 0.36538461538461536 0.0985576923076923
0 0.0985576923076923 0.5096153846153846 0.1875 0.125
0 0.18269230769230768 0.20673076923076922 0.28846153846153844 0.12980769230769232
0 0.06009615384615385 0.3233173076923077 0.11057692307692307 0.18269230769230768
0 0.08413461538461539 0.3641826923076923 0.07211538461538461 0.12980769230769232
0 0.17427884615384615 0.3786057692307692 0.11057692307692307 0.06490384615384616
0 0.2956730769230769 0.2403846153846154 0.07692307692307693 0.12980769230769232
0 0.23798076923076922 0.3076923076923077 0.08173076923076923 0.1778846153846154
0 0.20793269230769232 0.21995192307692307 0.08653846153846154 0.08413461538461539
0 0.46153846153846156 0.19951923076923078 0.18028846153846154 0.20192307692307693
0 0.34375 0.3233173076923077 0.16346153846153846 0.30528846153846156
0 0.39663461538461536 0.35216346153846156 0.07211538461538461 0.12980769230769232
0 0.47836538461538464 0.5 0.15865384615384615 0.1346153846153846
0 0.6262019230769231 0.4891826923076923 0.21153846153846154 0.052884615384615384
0 0.7403846153846154 0.5060096153846154 0.32211538461538464 0.11057692307692307
0 0.7139423076923077 0.3317307692307692 0.5673076923076923 0.3076923076923077