0 0.12620192307692307 0.8473557692307693 0.10576923076923077 0.12259615384615384
0 0.030048076923076924 0.8822115384615384 0.052884615384615384 0.052884615384615384
0 0.05048076923076923 0.8473557692307693 0.055288461538461536 0.08173076923076923
0 0.05048076923076923 0.7668269230769231 0.07211538461538461 0.08173076923076923
0 0.020432692307692308 0.7836538461538461 0.03365384615384615 0.1971153846153846
0 0.054086538461538464 0.6947115384615384 0.10096153846153846 0.10576923076923077
0 0.11538461538461539 0.9194711538461539 0.10576923076923077 0.04326923076923077
0 0.22355769230769232 0.90625 0.057692307692307696 0.06971153846153846
0 0.2848557692307692 0.9122596153846154 0.04807692307692308 0.057692307692307696
0 0.34975961538461536 0.90625 0.07451923076923077 0.06971153846153846
0 0.2920673076923077 0.78125 0.08653846153846154 0.08653846153846154
0 0.26802884615384615 0.6742788461538461 0.09615384615384616 0.09615384615384616
0 0.20072115384615385 0.7427884615384616 0.057692307692307696 0.07451923076923077
0 0.234375 0.5745192307692307 0.1346153846153846 0.11057692307692307
0 0.19110576923076922 0.6742788461538461 0.17307692307692307 0.18269230769230768
0 0.14302884615384615 0.578125 0.07211538461538461 0.20192307692307693
0 0.06850961538461539 0.37740384615384615 0.12980769230769232 0.27403846153846156
0 0.1045673076923077 0.21394230769230768 0.16346153846153846 0.32211538461538464
0 0.1622596153846154 0.18990384615384615 0.16826923076923078 0.21875
0 0.09615384615384616 0.10216346153846154 0.0673076923076923 0.10576923076923077
0 0.2247596153846154 0.06971153846153846 0.14423076923076922 0.12980769230769232
0 0.296875 0.2536057692307692 0.1346153846153846 0.2403846153846154
0 0.3629807692307692 0.24278846153846154 0.15865384615384615 0.3269230769230769
0 0.8665865384615384 0.17067307692307693 0.1778846153846154 0.2980769230769231
0 0.8028846153846154 0.06971153846153846 0.10576923076923077 0.13942307692307693
0 0.9254807692307693 0.32091346153846156 0.07451923076923077 0.24519230769230768
0 0.9783653846153846 0.2776442307692308 0.038461538461538464 0.20432692307692307
0 0.9110576923076923 0.49158653846153844 0.14182692307692307 0.23557692307692307
0 0.8569711538461539 0.6153846153846154 0.10096153846153846 0.14903846153846154
0 0.9387019230769231 0.7668269230769231 0.07692307692307693 0.25
0 0.7620192307692307 0.7908653846153846 0.2980769230769231 0.14903846153846154
0 0.7043269230769231 0.8713942307692307 0.10096153846153846 0.10576923076923077
0 0.7932692307692307 0.8954326923076923 0.08653846153846154 0.10096153846153846
0 0.8737980769230769 0.9038461538461539 0.09615384615384616 0.07451923076923077
0 0.5817307692307693 0.8533653846153846 0.07692307692307693 0.1658653846153846
0 0.5444711538461539 0.7487980769230769 0.07692307692307693 0.09615384615384616
0 0.453125 0.7644230769230769 0.08173076923076923 0.13942307692307693
0 0.4254807692307692 0.8737980769230769 0.07692307692307693 0.12259615384615384
0 0.32211538461538464 0.7331730769230769 0.15384615384615385 0.09615384615384616
0 0.3173076923076923 0.5132211538461539 0.09134615384615384 0.10576923076923077
0 0.21875 0.4254807692307692 0.20673076923076922 0.09134615384615384
0 0.6526442307692307 0.08052884615384616 0.15865384615384615 0.15865384615384615
0 0.5192307692307693 0.030048076923076924 0.09134615384615384 0.06009615384615385
0 0.5817307692307693 0.08533653846153846 0.04807692307692308 0.09615384615384616
0 0.5336538461538461 0.23557692307692307 0.13701923076923078 0.375
0 0.4495192307692308 0.21153846153846154 0.0673076923076923 0.09134615384615384
0 0.4495192307692308 0.11778846153846154 0.09615384615384616 0.09615384615384616
0 0.6262019230769231 0.17908653846153846 0.040865384615384616 0.08173076923076923
0 0.6490384615384616 0.2512019230769231 0.07211538461538461 0.17067307692307693
0 0.6021634615384616 0.3798076923076923 0.038461538461538464 0.15865384615384615
0 0.6538461538461539 0.40625 0.057692307692307696 0.11778846153846154
0 0.6862980769230769 0.4519230769230769 0.08653846153846154 0.2620192307692308
0 0.7584134615384616 0.3473557692307692 0.17067307692307693 0.27884615384615385
0 0.7608173076923077 0.2704326923076923 0.07692307692307693 0.10096153846153846
0 0.7524038461538461 0.41947115384615385 0.04807692307692308 0.09134615384615384
0 0.78125 0.5745192307692307 0.09615384615384616 0.1971153846153846
0 0.7451923076923077 0.6682692307692307 0.13701923076923078 0.09615384615384616
0 0.703125 0.59375 0.09615384615384616 0.12980769230769232
0 0.6430288461538461 0.7139423076923077 0.0889423076923077 0.15384615384615385
0 0.6081730769230769 0.5697115384615384 0.10096153846153846 0.14423076923076922
0 0.5649038461538461 0.6358173076923077 0.07451923076923077 0.10576923076923077
0 0.5504807692307693 0.4651442307692308 0.08173076923076923 0.07451923076923077
0 0.4519230769230769 0.4567307692307692 0.08653846153846154 0.06971153846153846
0 0.4723557692307692 0.5829326923076923 0.15625 0.22596153846153846
0 0.34615384615384615 0.5673076923076923 0.1346153846153846 0.22596153846153846
0 0.36778846153846156 0.05889423076923077 0.15625 0.11778846153846154
0 0.9939903846153846 0.11538461538461539 0.009615384615384616 0.09134615384615384