0 0.6971153846153846 0.6658653846153846 0.3125 0.41346153846153844
0 0.5192307692307693 0.3076923076923077 0.44711538461538464 0.3605769230769231
0 0.3798076923076923 0.16346153846153846 0.3125 0.23317307692307693
0 0.21033653846153846 0.2692307692307692 0.20192307692307693 0.23317307692307693
0 0.3737980769230769 0.4639423076923077 0.3317307692307692 0.25961538461538464
0 0.35216346153846156 0.7223557692307693 0.37740384615384615 0.28846153846153844
0 0.16706730769230768 0.5168269230769231 0.125 0.20192307692307693
0 0.1935096153846154 0.7524038461538461 0.27884615384615385 0.2764423076923077
0 0.09375 0.390625 0.1875 0.23798076923076922
0 0.1346153846153846 0.07091346153846154 0.2692307692307692 0.13701923076923078
0 0.10697115384615384 0.14783653846153846 0.21153846153846154 0.09134615384615384
0 0.06610576923076923 0.3088942307692308 0.12980769230769232 0.2548076923076923
0 0.1201923076923077 0.2776442307692308 0.12980769230769232 0.19951923076923078
0 0.09615384615384616 0.5348557692307693 0.19230769230769232 0.22596153846153846