0 0.39302884615384615 0.19110576923076922 0.1971153846153846 0.12740384615384615
0 0.6742788461538461 0.3112980769230769 0.23557692307692307 0.0985576923076923
0 0.5769230769230769 0.4362980769230769 0.16826923076923078 0.15384615384615385
0 0.84375 0.4831730769230769 0.3004807692307692 0.21153846153846154
0 0.1502403846153846 0.6021634615384616 0.3004807692307692 0.17067307692307693
0 0.22355769230769232 0.3449519230769231 0.16346153846153846 0.11057692307692307
0 0.3173076923076923 0.33413461538461536 0.17307692307692307 0.11538461538461539
0 0.15865384615384615 0.4230769230769231 0.1875 0.0985576923076923
0 0.0985576923076923 0.31850961538461536 0.1875 0.09134615384615384
0 0.15865384615384615 0.24158653846153846 0.17307692307692307 0.08413461538461539
0 0.046875 0.25841346153846156 0.09134615384615384 0.11538461538461539
0 0.4567307692307692 0.765625 0.8605769230769231 0.4639423076923077