0 0.9651442307692307 0.19831730769230768 0.052884615384615384 0.12259615384615384
0 0.8894230769230769 0.18028846153846154 0.20673076923076922 0.14423076923076922
0 0.8665865384615384 0.015625 0.25240384615384615 0.026442307692307692
0 0.33533653846153844 0.05048076923076923 0.35096153846153844 0.09615384615384616
0 0.09615384615384616 0.0829326923076923 0.19230769230769232 0.07451923076923077
0 0.17548076923076922 0.19591346153846154 0.35096153846153844 0.18269230769230768
0 0.3245192307692308 0.18389423076923078 0.3269230769230769 0.0985576923076923
0 0.17908653846153846 0.23557692307692307 0.23557692307692307 0.06490384615384616
0 0.22115384615384615 0.27884615384615385 0.23076923076923078 0.09134615384615384
0 0.07692307692307693 0.3173076923076923 0.15384615384615385 0.07692307692307693
0 0.140625 0.38100961538461536 0.23557692307692307 0.06971153846153846
0 0.3088942307692308 0.3425480769230769 0.3269230769230769 0.07692307692307693
0 0.49278846153846156 0.25600961538461536 0.3894230769230769 0.18990384615384615
0 0.7980769230769231 0.2536057692307692 0.3894230769230769 0.1778846153846154
0 0.9423076923076923 0.36177884615384615 0.10096153846153846 0.09134615384615384
0 0.7475961538461539 0.40865384615384615 0.4879807692307692 0.1778846153846154
0 0.6911057692307693 0.5757211538461539 0.6033653846153846 0.24519230769230768
0 0.828125 0.6730769230769231 0.28365384615384615 0.09375
0 0.42788461538461536 0.5336538461538461 0.30528846153846156 0.12740384615384615
0 0.3858173076923077 0.43149038461538464 0.3125 0.1201923076923077
0 0.19831730769230768 0.48197115384615385 0.09134615384615384 0.038461538461538464
0 0.06490384615384616 0.4495192307692308 0.12980769230769232 0.04326923076923077
0 0.171875 0.43149038461538464 0.11538461538461539 0.036057692307692304
0 0.09134615384615384 0.4807692307692308 0.10576923076923077 0.019230769230769232
0 0.015625 0.4795673076923077 0.028846153846153848 0.02403846153846154
0 0.038461538461538464 0.40625 0.07692307692307693 0.038461538461538464
0 0.12620192307692307 0.5769230769230769 0.25240384615384615 0.15625
0 0.21033653846153846 0.7091346153846154 0.4182692307692308 0.2283653846153846
0 0.671875 0.8016826923076923 0.6394230769230769 0.21153846153846154
0 0.8822115384615384 0.8016826923076923 0.22115384615384615 0.12259615384615384
0 0.7379807692307693 0.9615384615384616 0.36538461538461536 0.07211538461538461
0 0.875 0.9759615384615384 0.16346153846153846 0.04326923076923077
0 0.9423076923076923 0.9459134615384616 0.10096153846153846 0.07451923076923077
0 0.9627403846153846 0.9903846153846154 0.06490384615384616 0.014423076923076924
0 0.9543269230769231 0.890625 0.07692307692307693 0.04807692307692308
0 0.6298076923076923 0.9423076923076923 0.375 0.0889423076923077
0 0.08533653846153846 0.9555288461538461 0.17067307692307693 0.08413461538461539
0 0.09134615384615384 0.8762019230769231 0.18269230769230768 0.07692307692307693
0 0.09615384615384616 0.8221153846153846 0.19230769230769232 0.04807692307692308
2 0.5300480769230769 0.8990384615384616 0.7259615384615384 0.1971153846153846