0 0.6778846153846154 0.46274038461538464 0.39903846153846156 0.22596153846153846
0 0.7415865384615384 0.4831730769230769 0.4519230769230769 0.0889423076923077
0 0.9326923076923077 0.45552884615384615 0.09134615384615384 0.08653846153846154
0 0.9567307692307693 0.39903846153846156 0.052884615384615384 0.0673076923076923
0 0.6610576923076923 0.40024038461538464 0.6346153846153846 0.13701923076923078
0 0.8064903846153846 0.3317307692307692 0.32211538461538464 0.08173076923076923
0 0.44350961538461536 0.296875 0.8653846153846154 0.15144230769230768
0 0.6021634615384616 0.1971153846153846 0.10576923076923077 0.07692307692307693
0 0.6177884615384616 0.125 0.2692307692307692 0.20673076923076922
0 0.4170673076923077 0.13822115384615385 0.6923076923076923 0.12980769230769232
0 0.34375 0.0733173076923077 0.22596153846153846 0.11057692307692307
0 0.27403846153846156 0.1971153846153846 0.43028846153846156 0.1201923076923077
0 0.1045673076923077 0.26802884615384615 0.15625 0.04807692307692308
0 0.5300480769230769 0.14423076923076922 0.125 0.15384615384615385
0 0.734375 0.15144230769230768 0.10096153846153846 0.07211538461538461
0 0.7764423076923077 0.19591346153846154 0.2403846153846154 0.052884615384615384
0 0.7872596153846154 0.7800480769230769 0.28365384615384615 0.2620192307692308
0 0.7980769230769231 0.7307692307692307 0.1875 0.1778846153846154
0 0.7043269230769231 0.7524038461538461 0.375 0.24519230769230768
0 0.8088942307692307 0.6514423076923077 0.16826923076923078 0.11538461538461539
0 0.6634615384615384 0.7355769230769231 0.10096153846153846 0.1971153846153846
0 0.5829326923076923 0.7836538461538461 0.1778846153846154 0.1658653846153846
0 0.6153846153846154 0.7199519230769231 0.038461538461538464 0.07211538461538461
0 0.3786057692307692 0.5829326923076923 0.47836538461538464 0.27403846153846156
0 0.26322115384615385 0.6310096153846154 0.4735576923076923 0.19951923076923078
0 0.4735576923076923 0.765625 0.16105769230769232 0.14423076923076922
0 0.4807692307692308 0.8617788461538461 0.125 0.11538461538461539
0 0.40625 0.9002403846153846 0.06971153846153846 0.0673076923076923
0 0.39302884615384615 0.8473557692307693 0.08653846153846154 0.11538461538461539
0 0.328125 0.7716346153846154 0.13942307692307693 0.16346153846153846
0 0.18028846153846154 0.7716346153846154 0.16826923076923078 0.0889423076923077
0 0.2127403846153846 0.7007211538461539 0.125 0.0889423076923077
0 0.11538461538461539 0.6682692307692307 0.1875 0.0889423076923077
0 0.078125 0.5 0.11298076923076923 0.055288461538461536
0 0.078125 0.45072115384615385 0.11298076923076923 0.04326923076923077
0 0.08653846153846154 0.4098557692307692 0.12980769230769232 0.07211538461538461
0 0.2283653846153846 0.36538461538461536 0.2403846153846154 0.057692307692307696
0 0.39783653846153844 0.3894230769230769 0.16105769230769232 0.07692307692307693
0 0.4411057692307692 0.3245192307692308 0.10576923076923077 0.07211538461538461
0 0.8221153846153846 0.5961538461538461 0.3125 0.08653846153846154
0 0.9110576923076923 0.5540865384615384 0.11298076923076923 0.11057692307692307