0 0.14903846153846154 0.07932692307692307 0.1778846153846154 0.1466346153846154
0 0.04326923076923077 0.08774038461538461 0.08173076923076923 0.16346153846153846
0 0.10697115384615384 0.22596153846153846 0.15144230769230768 0.21634615384615385
0 0.07932692307692307 0.2848557692307692 0.15144230769230768 0.2548076923076923
0 0.14783653846153846 0.4855769230769231 0.18269230769230768 0.21634615384615385
0 0.03125 0.5 0.057692307692307696 0.2091346153846154
0 0.11778846153846154 0.6322115384615384 0.13701923076923078 0.20192307692307693
0 0.052884615384615384 0.6778846153846154 0.0985576923076923 0.20192307692307693
0 0.3004807692307692 0.09014423076923077 0.14423076923076922 0.16826923076923078
0 0.21634615384615385 0.18028846153846154 0.07211538461538461 0.15865384615384615
0 0.3137019230769231 0.2764423076923077 0.15144230769230768 0.22596153846153846
0 0.20552884615384615 0.296875 0.09615384615384616 0.23076923076923078
0 0.2644230769230769 0.42908653846153844 0.04567307692307692 0.10096153846153846
0 0.25600961538461536 0.5877403846153846 0.1346153846153846 0.21634615384615385
0 0.20192307692307693 0.6778846153846154 0.08173076923076923 0.125
0 0.0985576923076923 0.8245192307692307 0.1201923076923077 0.18028846153846154
0 0.02283653846153846 0.828125 0.038461538461538464 0.10576923076923077
0 0.05048076923076923 0.921875 0.09615384615384616 0.15144230769230768
0 0.171875 0.953125 0.15625 0.0889423076923077
0 0.20192307692307693 0.8581730769230769 0.13701923076923078 0.21634615384615385
0 0.3004807692307692 0.7824519230769231 0.12980769230769232 0.17548076923076922
0 0.35216346153846156 0.8786057692307693 0.08653846153846154 0.15384615384615385
0 0.33653846153846156 0.9302884615384616 0.16346153846153846 0.1346153846153846
0 0.4338942307692308 0.90625 0.10817307692307693 0.16346153846153846
0 0.36658653846153844 0.6887019230769231 0.12980769230769232 0.27163461538461536
0 0.38822115384615385 0.46634615384615385 0.19230769230769232 0.28846153846153844
0 0.40024038461538464 0.24519230769230768 0.04807692307692308 0.12980769230769232
0 0.46634615384615385 0.13581730769230768 0.1971153846153846 0.25961538461538464
0 0.6706730769230769 0.11899038461538461 0.20192307692307693 0.22596153846153846
0 0.6057692307692307 0.24278846153846154 0.13701923076923078 0.21634615384615385
0 0.5072115384615384 0.3245192307692308 0.16346153846153846 0.22115384615384615
0 0.5384615384615384 0.46634615384615385 0.10096153846153846 0.1201923076923077
0 0.4951923076923077 0.6670673076923077 0.1971153846153846 0.35096153846153844
0 0.47716346153846156 0.828125 0.1346153846153846 0.09615384615384616
0 0.5576923076923077 0.8942307692307693 0.14423076923076922 0.20673076923076922
0 0.7584134615384616 0.2091346153846154 0.18269230769230768 0.30528846153846156
0 0.9146634615384616 0.07091346153846154 0.1658653846153846 0.13221153846153846
0 0.7980769230769231 0.03365384615384615 0.0673076923076923 0.057692307692307696
0 0.9447115384615384 0.054086538461538464 0.10576923076923077 0.0985576923076923
0 0.9411057692307693 0.16947115384615385 0.11298076923076923 0.13701923076923078
0 0.8930288461538461 0.15504807692307693 0.11538461538461539 0.14182692307692307
0 0.9651442307692307 0.2668269230769231 0.06490384615384616 0.08173076923076923
0 0.9314903846153846 0.34615384615384615 0.13221153846153846 0.2548076923076923
0 0.8810096153846154 0.5877403846153846 0.16826923076923078 0.27163461538461536
0 0.7512019230769231 0.4831730769230769 0.17548076923076922 0.2644230769230769
0 0.6370192307692307 0.4411057692307692 0.09615384615384616 0.21634615384615385
0 0.5985576923076923 0.5733173076923077 0.0673076923076923 0.14182692307692307
0 0.5949519230769231 0.7548076923076923 0.07211538461538461 0.09615384615384616
0 0.6875 0.6838942307692307 0.18269230769230768 0.28365384615384615
0 0.796875 0.6610576923076923 0.04807692307692308 0.11298076923076923
0 0.9242788461538461 0.7548076923076923 0.07211538461538461 0.08653846153846154
0 0.9699519230769231 0.6875 0.055288461538461536 0.19230769230769232
0 0.9795673076923077 0.5300480769230769 0.036057692307692304 0.13221153846153846
0 0.8485576923076923 0.36177884615384615 0.08413461538461539 0.15865384615384615
0 0.984375 0.8161057692307693 0.026442307692307692 0.0985576923076923
0 0.9362980769230769 0.8978365384615384 0.125 0.20192307692307693
0 0.8004807692307693 0.8413461538461539 0.18269230769230768 0.23557692307692307
0 0.6754807692307693 0.8786057692307693 0.12259615384615384 0.14182692307692307
0 0.7475961538461539 0.9507211538461539 0.2403846153846154 0.09375