0 0.8137019230769231 0.5612980769230769 0.11057692307692307 0.07692307692307693
0 0.11778846153846154 0.2439903846153846 0.13701923076923078 0.07211538461538461
0 0.23798076923076922 0.2512019230769231 0.09134615384615384 0.057692307692307696
0 0.1935096153846154 0.3112980769230769 0.125 0.08413461538461539
0 0.18629807692307693 0.38341346153846156 0.08653846153846154 0.0673076923076923
0 0.265625 0.37259615384615385 0.08173076923076923 0.0985576923076923
0 0.34375 0.3762019230769231 0.11057692307692307 0.09134615384615384
0 0.34134615384615385 0.29447115384615385 0.10336538461538461 0.06490384615384616
0 0.32572115384615385 0.24158653846153846 0.07211538461538461 0.03365384615384615
0 0.34134615384615385 0.20552884615384615 0.09134615384615384 0.052884615384615384
0 0.30649038461538464 0.17067307692307693 0.08653846153846154 0.05048076923076923
0 0.40384615384615385 0.14903846153846154 0.11057692307692307 0.08173076923076923
0 0.43149038461538464 0.21634615384615385 0.0985576923076923 0.052884615384615384
0 0.5168269230769231 0.16346153846153846 0.125 0.09615384615384616
0 0.6334134615384616 0.15865384615384615 0.1201923076923077 0.08413461538461539
0 0.6778846153846154 0.21875 0.14182692307692307 0.08173076923076923
0 0.6201923076923077 0.2439903846153846 0.15865384615384615 0.07211538461538461
0 0.5961538461538461 0.28365384615384615 0.12980769230769232 0.08173076923076923
0 0.6935096153846154 0.296875 0.08653846153846154 0.0625
0 0.6310096153846154 0.3557692307692308 0.13701923076923078 0.08653846153846154
0 0.7163461538461539 0.42908653846153844 0.14182692307692307 0.08173076923076923
0 0.7403846153846154 0.3641826923076923 0.10336538461538461 0.07211538461538461
0 0.44591346153846156 0.40865384615384615 0.125 0.09134615384615384
0 0.44591346153846156 0.33052884615384615 0.125 0.08653846153846154
0 0.46153846153846156 0.27283653846153844 0.11538461538461539 0.05048076923076923
0 0.5384615384615384 0.3269230769230769 0.06009615384615385 0.07211538461538461
0 0.3389423076923077 0.4567307692307692 0.1201923076923077 0.0673076923076923
0 0.4206730769230769 0.4543269230769231 0.07692307692307693 0.05048076923076923
0 0.5108173076923077 0.4855769230769231 0.11538461538461539 0.09134615384615384
0 0.6310096153846154 0.5024038461538461 0.125 0.08653846153846154
0 0.7103365384615384 0.47115384615384615 0.08653846153846154 0.02403846153846154
0 0.5733173076923077 0.4266826923076923 0.12980769230769232 0.08413461538461539