0 0.47115384615384615 0.8762019230769231 0.16826923076923078 0.23557692307692307
0 0.5985576923076923 0.8894230769230769 0.125 0.20673076923076922
0 0.6262019230769231 0.8028846153846154 0.14903846153846154 0.3798076923076923
0 0.8076923076923077 0.9134615384615384 0.125 0.15865384615384615
0 0.9399038461538461 0.1346153846153846 0.11538461538461539 0.23076923076923078
0 0.9507211538461539 0.06370192307692307 0.09375 0.12740384615384615
0 0.9519230769230769 0.24759615384615385 0.09134615384615384 0.14903846153846154
0 0.7788461538461539 0.2860576923076923 0.18990384615384615 0.10336538461538461
0 0.7896634615384616 0.125 0.15144230769230768 0.25
0 0.6634615384615384 0.09975961538461539 0.09615384615384616 0.19951923076923078
0 0.5733173076923077 0.09375 0.10336538461538461 0.1875
0 0.4639423076923077 0.7211538461538461 0.03125 0.0625
0 0.4639423076923077 0.5348557692307693 0.019230769230769232 0.0625
0 0.3942307692307692 0.42788461538461536 0.028846153846153848 0.0673076923076923
0 0.4879807692307692 0.42427884615384615 0.028846153846153848 0.09134615384615384
0 0.5012019230769231 0.27884615384615385 0.026442307692307692 0.04807692307692308
0 0.5300480769230769 0.27884615384615385 0.03125 0.07692307692307693
0 0.5528846153846154 0.328125 0.03125 0.07692307692307693
0 0.5360576923076923 0.38221153846153844 0.026442307692307692 0.0625
0 0.5432692307692307 0.46153846153846156 0.02403846153846154 0.0673076923076923
0 0.546875 0.5961538461538461 0.026442307692307692 0.0625
0 0.5588942307692307 0.6382211538461539 0.019230769230769232 0.0625
0 0.5733173076923077 0.5348557692307693 0.026442307692307692 0.04807692307692308
0 0.5673076923076923 0.4831730769230769 0.026442307692307692 0.0673076923076923
0 0.5637019230769231 0.41346153846153844 0.03365384615384615 0.0673076923076923
0 0.5805288461538461 0.3449519230769231 0.02403846153846154 0.0673076923076923
0 0.5685096153846154 0.27283653846153844 0.02403846153846154 0.04807692307692308
0 0.5961538461538461 0.2860576923076923 0.026442307692307692 0.09134615384615384
0 0.75 0.46153846153846156 0.028846153846153848 0.09615384615384616
0 0.7235576923076923 0.5204326923076923 0.02403846153846154 0.0625
0 0.6995192307692307 0.5408653846153846 0.019230769230769232 0.04807692307692308
0 0.6935096153846154 0.5865384615384616 0.019230769230769232 0.040865384615384616
0 0.6706730769230769 0.5516826923076923 0.03125 0.055288461538461536
0 0.6682692307692307 0.6105769230769231 0.026442307692307692 0.0625
0 0.6418269230769231 0.5961538461538461 0.019230769230769232 0.04807692307692308
0 0.6274038461538461 0.5685096153846154 0.026442307692307692 0.04807692307692308
0 0.59375 0.5829326923076923 0.04326923076923077 0.10336538461538461
0 0.6454326923076923 0.5276442307692307 0.03125 0.07692307692307693
0 0.6262019230769231 0.5132211538461539 0.028846153846153848 0.04807692307692308
0 0.6201923076923077 0.46153846153846156 0.028846153846153848 0.0673076923076923
0 0.5925480769230769 0.46875 0.02403846153846154 0.08173076923076923
0 0.6129807692307693 0.39663461538461536 0.026442307692307692 0.04807692307692308
0 0.6081730769230769 0.3581730769230769 0.019230769230769232 0.040865384615384616
0 0.6262019230769231 0.3557692307692308 0.02403846153846154 0.0625
0 0.625 0.2824519230769231 0.019230769230769232 0.0673076923076923
0 0.6189903846153846 0.20673076923076922 0.019230769230769232 0.0673076923076923
0 0.6105769230769231 0.15865384615384615 0.019230769230769232 0.055288461538461536
0 0.6454326923076923 0.22355769230769232 0.026442307692307692 0.04807692307692308
0 0.6694711538461539 0.19951923076923078 0.02403846153846154 0.055288461538461536
0 0.6971153846153846 0.16947115384615385 0.026442307692307692 0.0625
0 0.6682692307692307 0.2512019230769231 0.026442307692307692 0.0625
0 0.6466346153846154 0.265625 0.016826923076923076 0.03365384615384615
0 0.6454326923076923 0.3173076923076923 0.026442307692307692 0.0673076923076923
0 0.6670673076923077 0.3173076923076923 0.02403846153846154 0.055288461538461536
0 0.6610576923076923 0.4206730769230769 0.028846153846153848 0.08173076923076923
0 0.640625 0.3894230769230769 0.028846153846153848 0.09134615384615384
0 0.6490384615384616 0.4651442307692308 0.028846153846153848 0.0625
0 0.6766826923076923 0.4483173076923077 0.03125 0.0673076923076923
0 0.6790865384615384 0.36177884615384615 0.03125 0.07692307692307693
0 0.7055288461538461 0.3894230769230769 0.026442307692307692 0.07692307692307693
0 0.7175480769230769 0.33052884615384615 0.026442307692307692 0.055288461538461536
0 0.7007211538461539 0.4483173076923077 0.02403846153846154 0.040865384615384616
0 0.7127403846153846 0.4795673076923077 0.016826923076923076 0.04807692307692308
0 0.6862980769230769 0.4831730769230769 0.03365384615384615 0.055288461538461536
0 0.9543269230769231 0.7632211538461539 0.08653846153846154 0.25721153846153844
0 0.8485576923076923 0.7896634615384616 0.21153846153846154 0.21394230769230768
0 0.9110576923076923 0.8485576923076923 0.052884615384615384 0.1658653846153846
0 0.8245192307692307 0.7415865384615384 0.21875 0.15865384615384615
0 0.8665865384615384 0.7728365384615384 0.18269230769230768 0.08173076923076923
0 0.8185096153846154 0.7548076923076923 0.18269230769230768 0.0625
0 0.8677884615384616 0.7067307692307693 0.11538461538461539 0.0625
0 0.7692307692307693 0.671875 0.10576923076923077 0.0625
0 0.9435096153846154 0.6201923076923077 0.10576923076923077 0.11057692307692307
0 0.9122596153846154 0.6754807692307693 0.1466346153846154 0.09615384615384616
0 0.9326923076923077 0.5721153846153846 0.10576923076923077 0.1778846153846154
0 0.9266826923076923 0.4795673076923077 0.14182692307692307 0.16105769230769232
0 0.9254807692307693 0.4723557692307692 0.14423076923076922 0.3004807692307692
0 0.8677884615384616 0.5588942307692307 0.14903846153846154 0.0673076923076923
0 0.8088942307692307 0.46153846153846156 0.0889423076923077 0.09615384615384616
0 0.7872596153846154 0.4519230769230769 0.09615384615384616 0.17307692307692307
0 0.8185096153846154 0.46875 0.0625 0.13942307692307693
0 0.7512019230769231 0.5661057692307693 0.09615384615384616 0.055288461538461536
0 0.7475961538461539 0.6141826923076923 0.08173076923076923 0.040865384615384616