0 0.4254807692307692 0.7548076923076923 0.39903846153846156 0.2692307692307692
0 0.5649038461538461 0.7836538461538461 0.12980769230769232 0.07211538461538461
0 0.4495192307692308 0.8521634615384616 0.13701923076923078 0.0625
0 0.31009615384615385 0.8545673076923077 0.1201923076923077 0.06971153846153846
0 0.3545673076923077 0.8137019230769231 0.10096153846153846 0.06009615384615385
0 0.44350961538461536 0.7848557692307693 0.0889423076923077 0.057692307692307696
0 0.39903846153846156 0.7451923076923077 0.08173076923076923 0.038461538461538464
0 0.4254807692307692 0.7271634615384616 0.10096153846153846 0.038461538461538464
0 0.2764423076923077 0.7115384615384616 0.11298076923076923 0.06971153846153846
0 0.3954326923076923 0.6634615384615384 0.11298076923076923 0.07211538461538461
0 0.2920673076923077 0.8401442307692307 0.22596153846153846 0.18028846153846154
0 0.21754807692307693 0.5372596153846154 0.125 0.052884615384615384
0 0.16706730769230768 0.4483173076923077 0.09615384615384616 0.057692307692307696
0 0.2920673076923077 0.47475961538461536 0.14423076923076922 0.07692307692307693
0 0.3605769230769231 0.5612980769230769 0.14903846153846154 0.06971153846153846
0 0.44350961538461536 0.49158653846153844 0.13701923076923078 0.06971153846153846
0 0.3329326923076923 0.41947115384615385 0.1201923076923077 0.07211538461538461
0 0.25 0.4230769230769231 0.07211538461538461 0.03365384615384615
0 0.5240384615384616 0.46033653846153844 0.1201923076923077 0.06009615384615385
0 0.43149038461538464 0.43990384615384615 0.0889423076923077 0.04807692307692308
0 0.44591346153846156 0.3870192307692308 0.10576923076923077 0.0673076923076923
0 0.5 0.3329326923076923 0.10576923076923077 0.0673076923076923
0 0.6045673076923077 0.3245192307692308 0.11298076923076923 0.05048076923076923
0 0.6189903846153846 0.36658653846153844 0.14423076923076922 0.052884615384615384
0 0.5685096153846154 0.39302884615384615 0.11298076923076923 0.04807692307692308
0 0.625 0.453125 0.15384615384615385 0.08653846153846154
0 0.6550480769230769 0.5144230769230769 0.09615384615384616 0.057692307692307696
0 0.6959134615384616 0.4230769230769231 0.1201923076923077 0.06009615384615385
0 0.7019230769230769 0.38341346153846156 0.08173076923076923 0.0673076923076923
0 0.7680288461538461 0.4735576923076923 0.12980769230769232 0.06009615384615385
0 0.8209134615384616 0.46875 0.12980769230769232 0.08173076923076923
0 0.8245192307692307 0.4098557692307692 0.10096153846153846 0.09375
0 0.8774038461538461 0.4495192307692308 0.07692307692307693 0.06009615384615385
0 0.3449519230769231 0.24158653846153846 0.5817307692307693 0.21634615384615385
0 0.5264423076923077 0.44711538461538464 0.8028846153846154 0.3076923076923077
0 0.8954326923076923 0.15504807692307693 0.1971153846153846 0.28846153846153844
0 0.8185096153846154 0.009615384615384616 0.22355769230769232 0.014423076923076924
0 0.6634615384615384 0.9663461538461539 0.10096153846153846 0.04807692307692308
0 0.6790865384615384 0.9122596153846154 0.10576923076923077 0.05048076923076923
0 0.625 0.9038461538461539 0.06009615384615385 0.040865384615384616
0 0.6814903846153846 0.8569711538461539 0.10096153846153846 0.06009615384615385
0 0.75 0.828125 0.1201923076923077 0.06490384615384616
0 0.7524038461538461 0.9615384615384616 0.10096153846153846 0.05048076923076923
0 0.7740384615384616 0.9254807692307693 0.10576923076923077 0.05048076923076923
0 0.8004807692307693 0.8954326923076923 0.07692307692307693 0.057692307692307696
0 0.8449519230769231 0.9795673076923077 0.1201923076923077 0.03365384615384615
0 0.8545673076923077 0.9399038461538461 0.06490384615384616 0.0673076923076923
0 0.8040865384615384 0.7788461538461539 0.10576923076923077 0.05048076923076923
0 0.7620192307692307 0.7980769230769231 0.08173076923076923 0.038461538461538464
0 0.8629807692307693 0.7427884615384616 0.08173076923076923 0.0673076923076923
0 0.8605769230769231 0.7872596153846154 0.10096153846153846 0.052884615384615384
0 0.875 0.8449519230769231 0.09615384615384616 0.06490384615384616
0 0.8810096153846154 0.8834134615384616 0.08173076923076923 0.03365384615384615
0 0.9350961538461539 0.9362980769230769 0.1201923076923077 0.07451923076923077
0 0.9459134615384616 0.8653846153846154 0.08173076923076923 0.06490384615384616
0 0.9579326923076923 0.8161057692307693 0.07211538461538461 0.03365384615384615
0 0.9675480769230769 0.7548076923076923 0.052884615384615384 0.05048076923076923
0 0.9675480769230769 0.6899038461538461 0.052884615384615384 0.052884615384615384
0 0.9819711538461539 0.9855769230769231 0.02403846153846154 0.02403846153846154
0 0.8004807692307693 0.8305288461538461 0.3870192307692308 0.3317307692307692