0 0.8461538461538461 0.9507211538461539 0.2980769230769231 0.09134615384615384
0 0.9098557692307693 0.8509615384615384 0.17067307692307693 0.13942307692307693
0 0.8137019230769231 0.7115384615384616 0.25240384615384615 0.16346153846153846
0 0.9206730769230769 0.6790865384615384 0.14903846153846154 0.19230769230769232
0 0.8269230769230769 0.5432692307692307 0.21394230769230768 0.17307692307692307
0 0.7307692307692307 0.6742788461538461 0.1875 0.16105769230769232
0 0.9098557692307693 0.5036057692307693 0.17067307692307693 0.16826923076923078
0 0.9747596153846154 0.4326923076923077 0.038461538461538464 0.08173076923076923
0 0.49399038461538464 0.75 0.3173076923076923 0.23076923076923078
0 0.3629807692307692 0.921875 0.4519230769230769 0.14903846153846154
0 0.7139423076923077 0.8822115384615384 0.27403846153846156 0.2283653846153846
0 0.5492788461538461 0.5072115384615384 0.38461538461538464 0.25961538461538464
0 0.35697115384615385 0.7211538461538461 0.23076923076923078 0.25961538461538464
0 0.7668269230769231 0.34615384615384615 0.3557692307692308 0.25721153846153844
0 0.8930288461538461 0.23317307692307693 0.20192307692307693 0.25
0 0.21514423076923078 0.4987980769230769 0.4254807692307692 0.9975961538461539
0 0.18990384615384615 0.2776442307692308 0.125 0.09134615384615384
0 0.2608173076923077 0.3545673076923077 0.06009615384615385 0.07211538461538461
0 0.33533653846153844 0.36778846153846156 0.13221153846153846 0.09134615384615384
0 0.3737980769230769 0.34615384615384615 0.13221153846153846 0.07692307692307693
0 0.45072115384615385 0.375 0.0673076923076923 0.038461538461538464
0 0.38461538461538464 0.43990384615384615 0.07692307692307693 0.0673076923076923
0 0.5132211538461539 0.32091346153846156 0.15865384615384615 0.09134615384615384
0 0.5408653846153846 0.22596153846153846 0.14903846153846154 0.1346153846153846
0 0.6430288461538461 0.17548076923076922 0.14423076923076922 0.09134615384615384
0 0.6790865384615384 0.22235576923076922 0.11538461538461539 0.04807692307692308
0 0.7307692307692307 0.1466346153846154 0.14423076923076922 0.1201923076923077
0 0.8293269230769231 0.0673076923076923 0.15384615384615385 0.052884615384615384
0 0.8762019230769231 0.02403846153846154 0.13701923076923078 0.04807692307692308
0 0.9699519230769231 0.021634615384615384 0.04807692307692308 0.04326923076923077
0 0.7632211538461539 0.021634615384615384 0.08653846153846154 0.04326923076923077
0 0.6814903846153846 0.054086538461538464 0.15384615384615385 0.10817307692307693
0 0.5985576923076923 0.08653846153846154 0.11057692307692307 0.09375
0 0.5877403846153846 0.018028846153846152 0.16346153846153846 0.036057692307692304
0 0.45913461538461536 0.04927884615384615 0.14903846153846154 0.09134615384615384
0 0.47475961538461536 0.1310096153846154 0.17067307692307693 0.11538461538461539
0 0.4170673076923077 0.24639423076923078 0.14423076923076922 0.10096153846153846
0 0.296875 0.2848557692307692 0.1201923076923077 0.07692307692307693
0 0.3137019230769231 0.19591346153846154 0.1201923076923077 0.10817307692307693
0 0.25841346153846156 0.2283653846153846 0.03365384615384615 0.028846153846153848
0 0.38221153846153844 0.16826923076923078 0.06009615384615385 0.038461538461538464
0 0.19230769230769232 0.17427884615384615 0.1201923076923077 0.07932692307692307
0 0.22235576923076922 0.21754807692307693 0.09375 0.036057692307692304
0 0.25600961538461536 0.10817307692307693 0.09375 0.08653846153846154
0 0.34375 0.09735576923076923 0.09375 0.10096153846153846
0 0.38221153846153844 0.027644230769230768 0.10576923076923077 0.052884615384615384
0 0.5 0.4987980769230769 0.9951923076923077 0.9975961538461539