0 0.18629807692307693 0.2776442307692308 0.16346153846153846 0.18509615384615385
0 0.8064903846153846 0.12860576923076922 0.16826923076923078 0.18509615384615385
0 0.2824519230769231 0.06129807692307692 0.16105769230769232 0.11778846153846154
0 0.6418269230769231 0.32572115384615385 0.3317307692307692 0.46153846153846156
0 0.6286057692307693 0.36177884615384615 0.08653846153846154 0.19951923076923078
0 0.5576923076923077 0.3329326923076923 0.08653846153846154 0.09134615384615384
0 0.5108173076923077 0.1778846153846154 0.15865384615384615 0.16826923076923078
0 0.4807692307692308 0.4423076923076923 0.1971153846153846 0.12740384615384615
0 0.4206730769230769 0.5108173076923077 0.11057692307692307 0.0625
0 0.6370192307692307 0.5420673076923077 0.09134615384615384 0.08173076923076923
0 0.6802884615384616 0.49759615384615385 0.125 0.125
0 0.7043269230769231 0.40024038461538464 0.08653846153846154 0.11538461538461539
0 0.41586538461538464 0.3581730769230769 0.08653846153846154 0.0625
0 0.30649038461538464 0.3545673076923077 0.07692307692307693 0.0625
0 0.28966346153846156 0.23798076923076922 0.0985576923076923 0.09134615384615384
0 0.2536057692307692 0.15144230769230768 0.07211538461538461 0.0673076923076923
0 0.3605769230769231 0.1622596153846154 0.0985576923076923 0.0673076923076923
0 0.3389423076923077 0.26322115384615385 0.0985576923076923 0.10576923076923077
0 0.34975961538461536 0.3485576923076923 0.17307692307692307 0.15384615384615385
0 0.22115384615384615 0.40865384615384615 0.04807692307692308 0.0625
0 0.30649038461538464 0.39783653846153844 0.1201923076923077 0.0625
0 0.3088942307692308 0.453125 0.11538461538461539 0.0673076923076923
0 0.25721153846153844 0.47115384615384615 0.08653846153846154 0.0673076923076923
0 0.2127403846153846 0.5673076923076923 0.16346153846153846 0.11538461538461539
0 0.39302884615384615 0.78125 0.17307692307692307 0.21153846153846154
0 0.5540865384615384 0.6850961538461539 0.19230769230769232 0.0985576923076923
0 0.5985576923076923 0.7584134615384616 0.10336538461538461 0.12740384615384615
0 0.5432692307692307 0.6021634615384616 0.25721153846153844 0.11298076923076923
0 0.49399038461538464 0.36899038461538464 0.6057692307692307 0.5721153846153846
0 0.7908653846153846 0.7151442307692307 0.41346153846153844 0.53125
0 0.6995192307692307 0.8052884615384616 0.14182692307692307 0.1346153846153846
0 0.6911057692307693 0.8341346153846154 0.10336538461538461 0.1346153846153846
0 0.9290865384615384 0.7451923076923077 0.0985576923076923 0.12259615384615384
0 0.8737980769230769 0.9254807692307693 0.17307692307692307 0.1201923076923077
0 0.6526442307692307 0.8762019230769231 0.04807692307692308 0.07211538461538461
0 0.7211538461538461 0.9086538461538461 0.021634615384615384 0.05048076923076923
0 0.828125 0.7704326923076923 0.10336538461538461 0.13942307692307693
0 0.8822115384615384 0.6706730769230769 0.13701923076923078 0.09134615384615384
0 0.5709134615384616 0.8125 0.07211538461538461 0.08413461538461539