0 0.6201923076923077 0.12139423076923077 0.10576923076923077 0.0673076923076923
0 0.5444711538461539 0.07091346153846154 0.21394230769230768 0.1346153846153846
0 0.71875 0.042067307692307696 0.125 0.07692307692307693
0 0.7391826923076923 0.43149038461538464 0.1875 0.17067307692307693
0 0.421875 0.41586538461538464 0.42788461538461536 0.10096153846153846
0 0.4266826923076923 0.375 0.375 0.16346153846153846
0 0.5913461538461539 0.24278846153846154 0.0985576923076923 0.20673076923076922
0 0.484375 0.20673076923076922 0.10576923076923077 0.14903846153846154
0 0.42427884615384615 0.15384615384615385 0.13942307692307693 0.1346153846153846
0 0.37740384615384615 0.07211538461538461 0.0985576923076923 0.13701923076923078
0 0.3954326923076923 0.039663461538461536 0.08173076923076923 0.07211538461538461
0 0.29927884615384615 0.1658653846153846 0.0889423076923077 0.15625
0 0.2764423076923077 0.078125 0.04326923076923077 0.057692307692307696
0 0.140625 0.1346153846153846 0.23076923076923078 0.21634615384615385
0 0.1045673076923077 0.20673076923076922 0.20673076923076922 0.15625
0 0.15865384615384615 0.28125 0.11057692307692307 0.0985576923076923
0 0.24759615384615385 0.2644230769230769 0.0889423076923077 0.07211538461538461
0 0.37740384615384615 0.25240384615384615 0.18269230769230768 0.08653846153846154
0 0.1346153846153846 0.05048076923076923 0.2644230769230769 0.09615384615384616
0 0.43028846153846156 0.515625 0.4519230769230769 0.11057692307692307
0 0.40625 0.5661057692307693 0.44711538461538464 0.16826923076923078
0 0.19471153846153846 0.46033653846153844 0.20192307692307693 0.18269230769230768
0 0.14783653846153846 0.3762019230769231 0.1201923076923077 0.0673076923076923
0 0.078125 0.47475961538461536 0.11538461538461539 0.10576923076923077
0 0.06009615384615385 0.36658653846153844 0.0673076923076923 0.08653846153846154
0 0.5492788461538461 0.7475961538461539 0.0889423076923077 0.16346153846153846
0 0.5733173076923077 0.8040865384615384 0.1971153846153846 0.06490384615384616
0 0.5444711538461539 0.9086538461538461 0.2644230769230769 0.10817307692307693
0 0.6766826923076923 0.9314903846153846 0.125 0.09134615384615384
0 0.765625 0.9435096153846154 0.17067307692307693 0.10817307692307693
0 0.71875 0.8173076923076923 0.15625 0.0985576923076923
0 0.7259615384615384 0.7091346153846154 0.0889423076923077 0.20192307692307693
0 0.7632211538461539 0.6298076923076923 0.0673076923076923 0.09615384615384616
0 0.14302884615384615 0.6430288461538461 0.24519230769230768 0.16826923076923078
0 0.08533653846153846 0.7067307692307693 0.1658653846153846 0.13942307692307693
0 0.0733173076923077 0.7716346153846154 0.11538461538461539 0.0625
0 0.24278846153846154 0.6802884615384616 0.2548076923076923 0.25
0 0.3233173076923077 0.8233173076923077 0.15625 0.09615384615384616
0 0.19831730769230768 0.8004807692307693 0.07211538461538461 0.09615384615384616
0 0.12259615384615384 0.8425480769230769 0.0985576923076923 0.07211538461538461
0 0.11177884615384616 0.8882211538461539 0.057692307692307696 0.057692307692307696
0 0.21153846153846154 0.8918269230769231 0.13942307692307693 0.11057692307692307
0 0.3329326923076923 0.9338942307692307 0.19951923076923078 0.12740384615384615
0 0.027644230769230768 0.9723557692307693 0.05048076923076923 0.05048076923076923
0 0.14302884615384615 0.9495192307692307 0.18509615384615385 0.09615384615384616
0 0.7704326923076923 0.17548076923076922 0.25961538461538464 0.34134615384615385
0 0.8485576923076923 0.421875 0.09375 0.34134615384615385
0 0.7680288461538461 0.5973557692307693 0.2644230769230769 0.15384615384615385
0 0.7836538461538461 0.7283653846153846 0.23557692307692307 0.3918269230769231
0 0.4495192307692308 0.5 0.8942307692307693 0.9951923076923077