0 0.7836538461538461 0.04567307692307692 0.24519230769230768 0.08413461538461539
0 0.9615384615384616 0.1346153846153846 0.0673076923076923 0.08653846153846154
0 0.828125 0.7776442307692307 0.3317307692307692 0.3269230769230769
0 0.9014423076923077 0.5060096153846154 0.1875 0.28365384615384615
0 0.7800480769230769 0.9399038461538461 0.43028846153846156 0.11538461538461539
0 0.26322115384615385 0.7536057692307693 0.5216346153846154 0.4879807692307692
0 0.5492788461538461 0.5709134615384616 0.3317307692307692 0.17307692307692307
0 0.5793269230769231 0.421875 0.5024038461538461 0.2548076923076923
0 0.65625 0.2848557692307692 0.27403846153846156 0.08413461538461539
0 0.84375 0.41225961538461536 0.07211538461538461 0.038461538461538464
0 0.4098557692307692 0.38221153846153844 0.5673076923076923 0.2692307692307692
0 0.4639423076923077 0.18870192307692307 0.6442307692307693 0.15865384615384615
0 0.49399038461538464 0.1310096153846154 0.5096153846153846 0.2548076923076923
0 0.6526442307692307 0.10697115384615384 0.11538461538461539 0.10576923076923077
0 0.5192307692307693 0.042067307692307696 0.0985576923076923 0.07692307692307693
0 0.7487980769230769 0.12740384615384615 0.07692307692307693 0.057692307692307696