0 0.03125 0.71875 0.055288461538461536 0.07211538461538461
0 0.057692307692307696 0.6634615384615384 0.057692307692307696 0.08173076923076923
0 0.03245192307692308 0.6394230769230769 0.028846153846153848 0.07692307692307693
0 0.09975961538461539 0.6310096153846154 0.04807692307692308 0.06971153846153846
0 0.125 0.6778846153846154 0.055288461538461536 0.07692307692307693
0 0.22956730769230768 0.5661057692307693 0.057692307692307696 0.09375
0 0.18870192307692307 0.5793269230769231 0.06490384615384616 0.11057692307692307
0 0.19110576923076922 0.3713942307692308 0.0625 0.0985576923076923
0 0.16947115384615385 0.3088942307692308 0.0625 0.07211538461538461
0 0.13581730769230768 0.2956730769230769 0.04807692307692308 0.0985576923076923
0 0.2403846153846154 0.23798076923076922 0.05048076923076923 0.07211538461538461
0 0.21875 0.20192307692307693 0.06490384615384616 0.0889423076923077
0 0.20673076923076922 0.28365384615384615 0.036057692307692304 0.055288461538461536
0 0.4182692307692308 0.10336538461538461 0.05048076923076923 0.052884615384615384
0 0.4254807692307692 0.15264423076923078 0.04326923076923077 0.04326923076923077
0 0.40024038461538464 0.18028846153846154 0.021634615384615384 0.04326923076923077
0 0.42908653846153844 0.18870192307692307 0.036057692307692304 0.04807692307692308
0 0.47115384615384615 0.21033653846153846 0.0625 0.07211538461538461
0 0.4963942307692308 0.3088942307692308 0.08413461538461539 0.10336538461538461
0 0.4723557692307692 0.38822115384615385 0.07211538461538461 0.07692307692307693
0 0.5456730769230769 0.33653846153846156 0.06490384615384616 0.11538461538461539
0 0.4543269230769231 0.5132211538461539 0.05048076923076923 0.07692307692307693
0 0.5 0.5240384615384616 0.04807692307692308 0.08653846153846154
0 0.49399038461538464 0.5841346153846154 0.04326923076923077 0.07692307692307693
0 0.5925480769230769 0.7728365384615384 0.057692307692307696 0.08173076923076923
0 0.5564903846153846 0.8305288461538461 0.05048076923076923 0.07692307692307693
0 0.6033653846153846 0.8257211538461539 0.04326923076923077 0.0673076923076923
0 0.5961538461538461 0.9735576923076923 0.04326923076923077 0.04807692307692308
0 0.7475961538461539 0.8665865384615384 0.03365384615384615 0.04807692307692308
0 0.7235576923076923 0.8389423076923077 0.028846153846153848 0.04807692307692308
0 0.7307692307692307 0.6778846153846154 0.036057692307692304 0.0673076923076923
0 0.7704326923076923 0.6478365384615384 0.036057692307692304 0.07211538461538461
0 0.7367788461538461 0.6201923076923077 0.04807692307692308 0.04807692307692308
0 0.9507211538461539 0.8004807692307693 0.019230769230769232 0.038461538461538464
0 0.9747596153846154 0.8064903846153846 0.021634615384615384 0.038461538461538464
0 0.9182692307692307 0.6526442307692307 0.02403846153846154 0.06009615384615385
0 0.9579326923076923 0.6225961538461539 0.04807692307692308 0.07692307692307693
0 0.796875 0.39302884615384615 0.036057692307692304 0.0673076923076923
0 0.7584134615384616 0.42908653846153844 0.04807692307692308 0.06009615384615385
0 0.9050480769230769 0.5 0.036057692307692304 0.07211538461538461
0 0.9495192307692307 0.4567307692307692 0.028846153846153848 0.04807692307692308
0 0.921875 0.4483173076923077 0.038461538461538464 0.07692307692307693
0 0.7620192307692307 0.49399038461538464 0.04807692307692308 0.06009615384615385
0 0.8689903846153846 0.3581730769230769 0.028846153846153848 0.06009615384615385