0 0.23197115384615385 0.9326923076923077 0.19951923076923078 0.12980769230769232
0 0.3629807692307692 0.90625 0.1201923076923077 0.11057692307692307
0 0.5432692307692307 0.8605769230769231 0.17307692307692307 0.11778846153846154
0 0.4651442307692308 0.8076923076923077 0.14423076923076922 0.1201923076923077
0 0.5576923076923077 0.7391826923076923 0.1201923076923077 0.10576923076923077
0 0.6370192307692307 0.7307692307692307 0.1658653846153846 0.12980769230769232
0 0.6310096153846154 0.5396634615384616 0.3125 0.16346153846153846
0 0.5084134615384616 0.6262019230769231 0.13701923076923078 0.1346153846153846
0 0.39663461538461536 0.6141826923076923 0.14423076923076922 0.13221153846153846
0 0.22235576923076922 0.796875 0.15865384615384615 0.12259615384615384
0 0.3485576923076923 0.8209134615384616 0.10336538461538461 0.08653846153846154
0 0.4543269230769231 0.4362980769230769 0.3269230769230769 0.22596153846153846
0 0.7776442307692307 0.2692307692307692 0.34134615384615385 0.3798076923076923
0 0.4831730769230769 0.24278846153846154 0.29086538461538464 0.19471153846153846
0 0.203125 0.15144230769230768 0.22115384615384615 0.15625
0 0.10817307692307693 0.3125 0.20673076923076922 0.125
0 0.15384615384615385 0.2764423076923077 0.19471153846153846 0.12980769230769232
0 0.10576923076923077 0.49278846153846156 0.19951923076923078 0.18028846153846154
0 0.09134615384615384 0.6550480769230769 0.17307692307692307 0.1346153846153846
0 0.17427884615384615 0.6129807692307693 0.0625 0.057692307692307696
0 0.14903846153846154 0.7355769230769231 0.057692307692307696 0.11778846153846154
0 0.13942307692307693 0.9014423076923077 0.0625 0.19230769230769232