0 0.9194711538461539 0.3016826923076923 0.06971153846153846 0.375
0 0.8605769230769231 0.296875 0.0625 0.3870192307692308
0 0.7956730769230769 0.3016826923076923 0.06971153846153846 0.40865384615384615
0 0.7235576923076923 0.25 0.08173076923076923 0.31490384615384615
0 0.6622596153846154 0.25 0.0889423076923077 0.30288461538461536
0 0.5576923076923077 0.21875 0.0673076923076923 0.25240384615384615
0 0.5889423076923077 0.26322115384615385 0.07451923076923077 0.28846153846153844
0 0.5192307692307693 0.25721153846153844 0.08173076923076923 0.31971153846153844
0 0.47475961538461536 0.2091346153846154 0.10096153846153846 0.27403846153846156
0 0.41466346153846156 0.1935096153846154 0.0889423076923077 0.20192307692307693
0 0.35336538461538464 0.234375 0.09615384615384616 0.22115384615384615
0 0.29927884615384615 0.2548076923076923 0.1201923076923077 0.24278846153846154
0 0.23918269230769232 0.24519230769230768 0.1466346153846154 0.25240384615384615
0 0.18389423076923078 0.30408653846153844 0.15144230769230768 0.35096153846153844
0 0.11778846153846154 0.24519230769230768 0.1201923076923077 0.21153846153846154
0 0.12139423076923077 0.46875 0.07451923076923077 0.2692307692307692
0 0.19110576923076922 0.5 0.07451923076923077 0.2980769230769231
0 0.24759615384615385 0.4387019230769231 0.09375 0.18509615384615385
0 0.30288461538461536 0.43509615384615385 0.08173076923076923 0.20192307692307693
0 0.36538461538461536 0.3245192307692308 0.0889423076923077 0.3701923076923077
0 0.44350961538461536 0.2860576923076923 0.11538461538461539 0.31490384615384615
0 0.4423076923076923 0.42788461538461536 0.09615384615384616 0.16346153846153846
0 0.5216346153846154 0.46153846153846156 0.09134615384615384 0.2644230769230769
0 0.5829326923076923 0.48677884615384615 0.0625 0.21153846153846154
0 0.640625 0.46875 0.06971153846153846 0.25721153846153844
0 0.6947115384615384 0.4795673076923077 0.06971153846153846 0.22596153846153846
0 0.7680288461538461 0.46634615384615385 0.07692307692307693 0.19230769230769232
0 0.8461538461538461 0.5384615384615384 0.09134615384615384 0.28365384615384615
0 0.9050480769230769 0.5432692307692307 0.0673076923076923 0.24278846153846154
0 0.10096153846153846 0.6286057692307693 0.10817307692307693 0.12259615384615384
0 0.1310096153846154 0.6598557692307693 0.10817307692307693 0.12259615384615384
0 0.15625 0.6778846153846154 0.12740384615384615 0.18028846153846154
0 0.25841346153846156 0.6778846153846154 0.08653846153846154 0.17067307692307693
0 0.27403846153846156 0.5673076923076923 0.09134615384615384 0.125
0 0.33052884615384615 0.6911057692307693 0.07451923076923077 0.20673076923076922
0 0.34375 0.5588942307692307 0.052884615384615384 0.15865384615384615
0 0.3954326923076923 0.5769230769230769 0.05048076923076923 0.18509615384615385
0 0.3894230769230769 0.7367788461538461 0.09375 0.14423076923076922
0 0.44350961538461536 0.6286057692307693 0.06971153846153846 0.27884615384615385
0 0.49759615384615385 0.6550480769230769 0.07692307692307693 0.25721153846153844
0 0.5709134615384616 0.6346153846153846 0.0625 0.20673076923076922
0 0.640625 0.6526442307692307 0.052884615384615384 0.18028846153846154
0 0.6935096153846154 0.6622596153846154 0.04326923076923077 0.15865384615384615
0 0.7548076923076923 0.6466346153846154 0.07211538461538461 0.22115384615384615
0 0.8341346153846154 0.6394230769230769 0.06971153846153846 0.1971153846153846
0 0.9038461538461539 0.7211538461538461 0.06971153846153846 0.17548076923076922
0 0.8653846153846154 0.7992788461538461 0.06971153846153846 0.17548076923076922
0 0.7920673076923077 0.8040865384615384 0.07692307692307693 0.20673076923076922
0 0.7139423076923077 0.8173076923076923 0.08653846153846154 0.18028846153846154
0 0.6754807692307693 0.8040865384615384 0.06971153846153846 0.15384615384615385
0 0.6141826923076923 0.8064903846153846 0.06971153846153846 0.14903846153846154
0 0.5637019230769231 0.7992788461538461 0.07692307692307693 0.16346153846153846
0 0.5096153846153846 0.8088942307692307 0.07692307692307693 0.14423076923076922
0 0.43990384615384615 0.8197115384615384 0.10096153846153846 0.1346153846153846
0 0.35096153846153844 0.8293269230769231 0.10096153846153846 0.125
0 0.2956730769230769 0.8149038461538461 0.07451923076923077 0.1346153846153846
0 0.23918269230769232 0.8149038461538461 0.07692307692307693 0.1346153846153846
0 0.19471153846153846 0.7992788461538461 0.09615384615384616 0.14423076923076922
0 0.140625 0.7836538461538461 0.0673076923076923 0.11298076923076923
0 0.515625 0.47716346153846156 0.8533653846153846 0.6850961538461539