0 0.2548076923076923 0.7584134615384616 0.30288461538461536 0.18269230769230768
0 0.2800480769230769 0.890625 0.18269230769230768 0.08653846153846154
0 0.36899038461538464 0.921875 0.14423076923076922 0.10817307692307693
0 0.5204326923076923 0.8209134615384616 0.2860576923076923 0.17067307692307693
0 0.0829326923076923 0.6826923076923077 0.15384615384615385 0.18509615384615385
0 0.014423076923076924 0.7355769230769231 0.016826923076923076 0.08173076923076923
0 0.33774038461538464 0.4675480769230769 0.4110576923076923 0.2403846153846154
0 0.21394230769230768 0.578125 0.25721153846153844 0.18269230769230768
0 0.49158653846153844 0.6478365384615384 0.3317307692307692 0.20432692307692307
0 0.3233173076923077 0.22355769230769232 0.40625 0.2403846153846154
0 0.6947115384615384 0.30528846153846156 0.4519230769230769 0.23076923076923078
0 0.6862980769230769 0.5348557692307693 0.3076923076923077 0.24278846153846154
0 0.8173076923076923 0.6574519230769231 0.3076923076923077 0.23317307692307693
0 0.7199519230769231 0.7487980769230769 0.125 0.0673076923076923
0 0.9158653846153846 0.5396634615384616 0.16346153846153846 0.13221153846153846
0 0.8317307692307693 0.4326923076923077 0.22115384615384615 0.14903846153846154
0 0.8173076923076923 0.21394230769230768 0.2860576923076923 0.15625
0 0.6165865384615384 0.19230769230769232 0.18269230769230768 0.08653846153846154
0 0.3545673076923077 0.06971153846153846 0.15865384615384615 0.055288461538461536
0 0.13942307692307693 0.20793269230769232 0.14423076923076922 0.1875
0 0.06009615384615385 0.3161057692307692 0.10817307692307693 0.22115384615384615
0 0.9471153846153846 0.03245192307692308 0.10096153846153846 0.06009615384615385
0 0.9651442307692307 0.3894230769230769 0.0673076923076923 0.19471153846153846