0 0.04807692307692308 0.8185096153846154 0.09615384615384616 0.25961538461538464
0 0.18269230769230768 0.7463942307692307 0.1971153846153846 0.4855769230769231
0 0.25600961538461536 0.8966346153846154 0.10096153846153846 0.1346153846153846
0 0.4026442307692308 0.7283653846153846 0.21634615384615385 0.3557692307692308
0 0.4387019230769231 0.6574519230769231 0.10096153846153846 0.07211538461538461
0 0.3798076923076923 0.7536057692307693 0.1346153846153846 0.2548076923076923
0 0.40024038461538464 0.7980769230769231 0.16826923076923078 0.34134615384615385
0 0.5396634615384616 0.7451923076923077 0.27163461538461536 0.5048076923076923
0 0.4879807692307692 0.5108173076923077 0.21394230769230768 0.36778846153846156
0 0.6730769230769231 0.5048076923076923 0.08173076923076923 0.1201923076923077
0 0.6598557692307693 0.7872596153846154 0.2668269230769231 0.1346153846153846
0 0.7427884615384616 0.8365384615384616 0.125 0.20192307692307693
0 0.6358173076923077 0.8786057692307693 0.11057692307692307 0.08653846153846154
0 0.7884615384615384 0.8774038461538461 0.4182692307692308 0.24519230769230768
0 0.9098557692307693 0.7487980769230769 0.17307692307692307 0.18269230769230768
0 0.8737980769230769 0.6658653846153846 0.11538461538461539 0.21153846153846154
0 0.9483173076923077 0.6550480769230769 0.06490384615384616 0.11057692307692307
0 0.8533653846153846 0.49759615384615385 0.2860576923076923 0.1778846153846154
0 0.8125 0.3449519230769231 0.36538461538461536 0.28365384615384615
0 0.8954326923076923 0.23557692307692307 0.20192307692307693 0.13942307692307693
0 0.9050480769230769 0.17908653846153846 0.18269230769230768 0.18269230769230768
0 0.8930288461538461 0.1346153846153846 0.15384615384615385 0.08173076923076923
0 0.7824519230769231 0.18389423076923078 0.07692307692307693 0.13942307692307693
0 0.7367788461538461 0.1346153846153846 0.0625 0.0625
0 0.7151442307692307 0.19471153846153846 0.09615384615384616 0.1201923076923077
0 0.6658653846153846 0.16826923076923078 0.06490384615384616 0.12980769230769232
0 0.5853365384615384 0.2620192307692308 0.15625 0.3269230769230769
0 0.6778846153846154 0.3389423076923077 0.1778846153846154 0.23317307692307693
0 0.8209134615384616 0.33653846153846156 0.35096153846153844 0.28846153846153844
0 0.5348557692307693 0.24639423076923078 0.09134615384615384 0.28365384615384615
0 0.4579326923076923 0.2776442307692308 0.10096153846153846 0.2644230769230769
0 0.49038461538461536 0.40625 0.08653846153846154 0.0985576923076923
0 0.5492788461538461 0.48677884615384615 0.12980769230769232 0.0625
0 0.5252403846153846 0.5564903846153846 0.1778846153846154 0.2644230769230769
0 0.5528846153846154 0.7331730769230769 0.21394230769230768 0.47115384615384615
0 0.21394230769230768 0.41466346153846156 0.3894230769230769 0.11538461538461539
0 0.09975961538461539 0.2932692307692308 0.1971153846153846 0.3173076923076923
0 0.06129807692307692 0.20192307692307693 0.12259615384615384 0.1658653846153846
0 0.05048076923076923 0.15504807692307693 0.10096153846153846 0.11778846153846154
0 0.34134615384615385 0.16346153846153846 0.2403846153846154 0.12980769230769232
0 0.3401442307692308 0.22596153846153846 0.25961538461538464 0.24519230769230768
0 0.42788461538461536 0.2536057692307692 0.09134615384615384 0.1658653846153846
0 0.4699519230769231 0.2824519230769231 0.09134615384615384 0.2548076923076923
0 0.3641826923076923 0.3389423076923077 0.057692307692307696 0.08653846153846154
0 0.29927884615384615 0.5444711538461539 0.15625 0.15384615384615385
0 0.21995192307692307 0.5228365384615384 0.08653846153846154 0.1346153846153846
0 0.265625 0.6394230769230769 0.2644230769230769 0.11057692307692307
0 0.2800480769230769 0.7331730769230769 0.4326923076923077 0.0673076923076923
0 0.07692307692307693 0.6346153846153846 0.07692307692307693 0.14903846153846154
0 0.04567307692307692 0.5540865384615384 0.09134615384615384 0.14423076923076922
0 0.7896634615384616 0.8822115384615384 0.40625 0.23076923076923078
0 0.8858173076923077 0.9639423076923077 0.12259615384615384 0.0625
0 0.4987980769230769 0.5480769230769231 0.9975961538461539 0.9038461538461539