0 0.08052884615384616 0.0985576923076923 0.14903846153846154 0.14182692307692307
0 0.0889423076923077 0.016826923076923076 0.16826923076923078 0.028846153846153848
0 0.23798076923076922 0.08653846153846154 0.20192307692307693 0.13942307692307693
0 0.3473557692307692 0.016826923076923076 0.1778846153846154 0.028846153846153848
0 0.71875 0.078125 0.34615384615384615 0.14903846153846154
0 0.671875 0.09134615384615384 0.44711538461538464 0.17548076923076922
0 0.640625 0.11057692307692307 0.5120192307692307 0.21394230769230768
0 0.8329326923076923 0.22716346153846154 0.11538461538461539 0.055288461538461536
0 0.35096153846153844 0.06850961538461539 0.10336538461538461 0.0673076923076923
0 0.4110576923076923 0.14302884615384615 0.16826923076923078 0.10096153846153846
0 0.3016826923076923 0.1658653846153846 0.09615384615384616 0.055288461538461536
0 0.16706730769230768 0.21394230769230768 0.2764423076923077 0.12980769230769232
0 0.028846153846153848 0.22956730769230768 0.04567307692307692 0.07211538461538461
0 0.12620192307692307 0.31850961538461536 0.18269230769230768 0.12740384615384615
0 0.057692307692307696 0.37259615384615385 0.10336538461538461 0.19230769230769232
0 0.06009615384615385 0.5264423076923077 0.11057692307692307 0.15384615384615385
0 0.16947115384615385 0.6586538461538461 0.14423076923076922 0.5913461538461539
0 0.20432692307692307 0.6935096153846154 0.38461538461538464 0.2692307692307692
0 0.3245192307692308 0.7860576923076923 0.23557692307692307 0.2548076923076923
0 0.19230769230769232 0.7728365384615384 0.375 0.29086538461538464
0 0.16947115384615385 0.8052884615384616 0.3269230769230769 0.25961538461538464
0 0.10576923076923077 0.8485576923076923 0.20192307692307693 0.19230769230769232
0 0.07211538461538461 0.9483173076923077 0.1346153846153846 0.0985576923076923
0 0.21514423076923078 0.32572115384615385 0.21153846153846154 0.1346153846153846
0 0.3425480769230769 0.23677884615384615 0.15384615384615385 0.09134615384615384
0 0.41947115384615385 0.2548076923076923 0.18269230769230768 0.13942307692307693
0 0.5432692307692307 0.22716346153846154 0.14423076923076922 0.10336538461538461
0 0.6550480769230769 0.2091346153846154 0.11538461538461539 0.057692307692307696
0 0.6550480769230769 0.2668269230769231 0.10336538461538461 0.052884615384615384
0 0.609375 0.31009615384615385 0.10336538461538461 0.040865384615384616
0 0.5204326923076923 0.3004807692307692 0.08653846153846154 0.03365384615384615
0 0.7620192307692307 0.25841346153846156 0.11057692307692307 0.0673076923076923
0 0.6959134615384616 0.3088942307692308 0.08173076923076923 0.052884615384615384
0 0.7704326923076923 0.31850961538461536 0.09134615384615384 0.04326923076923077
0 0.8425480769230769 0.28966346153846156 0.08653846153846154 0.0673076923076923
0 0.8365384615384616 0.2536057692307692 0.038461538461538464 0.02403846153846154
0 0.8137019230769231 0.35216346153846156 0.09615384615384616 0.055288461538461536
0 0.6983173076923077 0.3641826923076923 0.08653846153846154 0.057692307692307696
0 0.78125 0.3701923076923077 0.09134615384615384 0.04326923076923077
0 0.7764423076923077 0.4254807692307692 0.11538461538461539 0.0673076923076923
0 0.7644230769230769 0.4735576923076923 0.0673076923076923 0.038461538461538464
0 0.6610576923076923 0.4519230769230769 0.16105769230769232 0.10336538461538461
0 0.5600961538461539 0.38221153846153844 0.18990384615384615 0.13942307692307693
0 0.38822115384615385 0.38461538461538464 0.20192307692307693 0.1346153846153846
0 0.22956730769230768 0.4254807692307692 0.08173076923076923 0.052884615384615384
0 0.27283653846153844 0.41225961538461536 0.052884615384615384 0.02403846153846154
0 0.17548076923076922 0.4362980769230769 0.038461538461538464 0.038461538461538464
0 0.22956730769230768 0.47115384615384615 0.09134615384615384 0.052884615384615384
0 0.7932692307692307 0.5709134615384616 0.34615384615384615 0.17548076923076922
0 0.8100961538461539 0.48677884615384615 0.057692307692307696 0.055288461538461536
0 0.7007211538461539 0.6586538461538461 0.16105769230769232 0.17307692307692307
0 0.36538461538461536 0.5168269230769231 0.07451923076923077 0.040865384615384616
0 0.30408653846153844 0.49278846153846156 0.0673076923076923 0.04807692307692308
0 0.23557692307692307 0.5168269230769231 0.057692307692307696 0.03365384615384615
0 0.2127403846153846 0.5480769230769231 0.0673076923076923 0.040865384615384616
0 0.39663461538461536 0.4735576923076923 0.09134615384615384 0.04326923076923077
0 0.46875 0.4879807692307692 0.052884615384615384 0.038461538461538464
0 0.5204326923076923 0.5108173076923077 0.0625 0.04807692307692308
0 0.5264423076923077 0.5432692307692307 0.0625 0.03125
0 0.5 0.5673076923076923 0.08173076923076923 0.038461538461538464
0 0.47716346153846156 0.5901442307692307 0.04567307692307692 0.03365384615384615
0 0.43990384615384615 0.6081730769230769 0.07451923076923077 0.04326923076923077
0 0.41947115384615385 0.578125 0.08173076923076923 0.052884615384615384
0 0.4423076923076923 0.53125 0.0673076923076923 0.04807692307692308
0 0.35096153846153844 0.5588942307692307 0.09134615384615384 0.040865384615384616
0 0.359375 0.6033653846153846 0.08653846153846154 0.03365384615384615
0 0.28725961538461536 0.5925480769230769 0.057692307692307696 0.040865384615384616
0 0.328125 0.6358173076923077 0.08173076923076923 0.04326923076923077
0 0.35096153846153844 0.6670673076923077 0.0673076923076923 0.04326923076923077
0 0.4110576923076923 0.6514423076923077 0.08653846153846154 0.04807692307692308
0 0.32211538461538464 0.7259615384615384 0.08173076923076923 0.04326923076923077
0 0.28966346153846156 0.6814903846153846 0.052884615384615384 0.04326923076923077
0 0.6033653846153846 0.5685096153846154 0.0673076923076923 0.03365384615384615
0 0.6382211538461539 0.5997596153846154 0.0673076923076923 0.03365384615384615
0 0.578125 0.5961538461538461 0.052884615384615384 0.03365384615384615
0 0.6057692307692307 0.6382211538461539 0.052884615384615384 0.04807692307692308
0 0.5540865384615384 0.6322115384615384 0.0625 0.052884615384615384
0 0.5661057692307693 0.6814903846153846 0.0625 0.03125
0 0.6201923076923077 0.6838942307692307 0.04567307692307692 0.03125
0 0.6466346153846154 0.7151442307692307 0.028846153846153848 0.02403846153846154
0 0.6033653846153846 0.7139423076923077 0.04567307692307692 0.028846153846153848
0 0.5516826923076923 0.7175480769230769 0.0673076923076923 0.040865384615384616
0 0.5973557692307693 0.7487980769230769 0.0673076923076923 0.040865384615384616
0 0.5396634615384616 0.7620192307692307 0.057692307692307696 0.040865384615384616
0 0.4879807692307692 0.7307692307692307 0.057692307692307696 0.03365384615384615
0 0.4651442307692308 0.6911057692307693 0.0673076923076923 0.038461538461538464
0 0.5 0.6670673076923077 0.0673076923076923 0.057692307692307696
0 0.421875 0.71875 0.0625 0.038461538461538464
0 0.46875 0.7608173076923077 0.0625 0.038461538461538464
0 0.4026442307692308 0.7620192307692307 0.0673076923076923 0.040865384615384616
0 0.8978365384615384 0.46875 0.19951923076923078 0.19230769230769232
0 0.9290865384615384 0.2536057692307692 0.13701923076923078 0.25240384615384615
0 0.8954326923076923 0.09615384615384616 0.20432692307692307 0.1875
0 0.7560096153846154 0.016826923076923076 0.11057692307692307 0.028846153846153848
0 0.9411057692307693 0.6141826923076923 0.11298076923076923 0.12740384615384615
0 0.9699519230769231 0.5108173076923077 0.055288461538461536 0.11298076923076923
0 0.9146634615384616 0.7331730769230769 0.1658653846153846 0.1346153846153846
0 0.7872596153846154 0.6742788461538461 0.17307692307692307 0.10096153846153846
0 0.6923076923076923 0.734375 0.09615384615384616 0.0673076923076923
0 0.8509615384615384 0.7728365384615384 0.21875 0.11778846153846154
0 0.8689903846153846 0.9086538461538461 0.25721153846153844 0.1778846153846154
0 0.7307692307692307 0.9651442307692307 0.1778846153846154 0.06490384615384616
0 0.6778846153846154 0.8461538461538461 0.23076923076923078 0.18269230769230768
0 0.5673076923076923 0.9567307692307693 0.18269230769230768 0.08173076923076923
0 0.4879807692307692 0.9014423076923077 0.23076923076923078 0.1346153846153846
0 0.4735576923076923 0.8125 0.20192307692307693 0.07211538461538461
0 0.30528846153846156 0.9567307692307693 0.3269230769230769 0.08173076923076923