0 0.49038461538461536 0.38100961538461536 0.33413461538461536 0.6201923076923077
0 0.9387019230769231 0.8112980769230769 0.11538461538461539 0.3245192307692308
0 0.10576923076923077 0.34615384615384615 0.20673076923076922 0.5576923076923077
0 0.6899038461538461 0.6778846153846154 0.1658653846153846 0.23076923076923078
0 0.6658653846153846 0.8425480769230769 0.21634615384615385 0.30288461538461536
0 0.4807692307692308 0.953125 0.15384615384615385 0.09134615384615384
0 0.15745192307692307 0.65625 0.31490384615384615 0.6826923076923077
0 0.2956730769230769 0.9242788461538461 0.25 0.1466346153846154
0 0.43509615384615385 0.6887019230769231 0.34615384615384615 0.53125
0 0.9110576923076923 0.20072115384615385 0.16826923076923078 0.3918269230769231
0 0.6887019230769231 0.26322115384615385 0.17067307692307693 0.3701923076923077