0 0.7860576923076923 0.40625 0.4206730769230769 0.43990384615384615
0 0.9423076923076923 0.17668269230769232 0.10817307692307693 0.34615384615384615
0 0.6947115384615384 0.15264423076923078 0.46875 0.2980769230769231
0 0.25961538461538464 0.23677884615384615 0.5120192307692307 0.4639423076923077
0 0.33653846153846156 0.04567307692307692 0.39903846153846156 0.08173076923076923
0 0.3112980769230769 0.5504807692307693 0.53125 0.5456730769230769
0 0.6850961538461539 0.7415865384615384 0.41346153846153844 0.4206730769230769
0 0.9206730769230769 0.7512019230769231 0.14903846153846154 0.47836538461538464
0 0.6983173076923077 0.8858173076923077 0.31009615384615385 0.22355769230769232
0 0.3269230769230769 0.8713942307692307 0.4567307692307692 0.25240384615384615
0 0.0733173076923077 0.8221153846153846 0.14182692307692307 0.35096153846153844
0 0.04447115384615385 0.42788461538461536 0.08413461538461539 0.5432692307692307