0 0.9050480769230769 0.7319711538461539 0.07211538461538461 0.1201923076923077
0 0.8233173076923077 0.5108173076923077 0.19951923076923078 0.39903846153846156
0 0.9038461538461539 0.30649038461538464 0.1201923076923077 0.15384615384615385
0 0.765625 0.36658653846153844 0.11298076923076923 0.1875
0 0.734375 0.7127403846153846 0.05048076923076923 0.08173076923076923
0 0.71875 0.8990384615384616 0.02403846153846154 0.06009615384615385
0 0.7704326923076923 0.96875 0.1466346153846154 0.057692307692307696
0 0.5901442307692307 0.9350961538461539 0.10817307692307693 0.125
0 0.6598557692307693 0.9314903846153846 0.08413461538461539 0.10336538461538461
0 0.47836538461538464 0.9423076923076923 0.052884615384615384 0.08173076923076923
0 0.4050480769230769 0.9375 0.07692307692307693 0.11538461538461539
0 0.3473557692307692 0.9507211538461539 0.0673076923076923 0.08653846153846154
0 0.33533653846153844 0.9627403846153846 0.0889423076923077 0.06971153846153846
0 0.26322115384615385 0.9819711538461539 0.05048076923076923 0.03125
0 0.23798076923076922 0.9603365384615384 0.0625 0.07451923076923077
0 0.203125 0.9122596153846154 0.07211538461538461 0.0985576923076923
0 0.18269230769230768 0.9771634615384616 0.038461538461538464 0.040865384615384616
0 0.14543269230769232 0.96875 0.06009615384615385 0.057692307692307696
0 0.10216346153846154 0.9314903846153846 0.08173076923076923 0.08173076923076923
0 0.06971153846153846 0.9735576923076923 0.10096153846153846 0.04807692307692308
0 0.03125 0.9338942307692307 0.052884615384615384 0.12980769230769232
0 0.028846153846153848 0.8305288461538461 0.05048076923076923 0.11057692307692307
0 0.08413461538461539 0.8521634615384616 0.07211538461538461 0.11057692307692307
0 0.06490384615384616 0.7572115384615384 0.08653846153846154 0.10336538461538461
0 0.02403846153846154 0.6334134615384616 0.038461538461538464 0.12980769230769232
0 0.05048076923076923 0.5817307692307693 0.05048076923076923 0.09134615384615384
0 0.021634615384615384 0.5300480769230769 0.036057692307692304 0.0985576923076923
0 0.056490384615384616 0.49158653846153844 0.07692307692307693 0.08653846153846154
0 0.054086538461538464 0.4014423076923077 0.07211538461538461 0.11538461538461539
0 0.10336538461538461 0.34975961538461536 0.0673076923076923 0.08653846153846154
0 0.038461538461538464 0.3004807692307692 0.0673076923076923 0.11057692307692307
0 0.03485576923076923 0.20432692307692307 0.0625 0.09134615384615384
0 0.02403846153846154 0.1310096153846154 0.038461538461538464 0.07692307692307693
0 0.1658653846153846 0.14182692307692307 0.0673076923076923 0.0985576923076923
0 0.12379807692307693 0.08774038461538461 0.09615384615384616 0.08653846153846154
0 0.08774038461538461 0.23798076923076922 0.07211538461538461 0.11538461538461539
0 0.15264423076923078 0.28966346153846156 0.08653846153846154 0.0985576923076923
0 0.18028846153846154 0.39903846153846156 0.09134615384615384 0.12980769230769232
0 0.14423076923076922 0.45913461538461536 0.08413461538461539 0.11057692307692307
0 0.13221153846153846 0.5492788461538461 0.052884615384615384 0.10336538461538461
0 0.18509615384615385 0.5300480769230769 0.08173076923076923 0.1201923076923077
0 0.14423076923076922 0.6394230769230769 0.04807692307692308 0.0985576923076923
0 0.10216346153846154 0.5733173076923077 0.057692307692307696 0.07692307692307693
0 0.08774038461538461 0.6502403846153846 0.08173076923076923 0.07692307692307693
0 0.125 0.7235576923076923 0.04807692307692308 0.07211538461538461
0 0.19230769230769232 0.6262019230769231 0.07211538461538461 0.11538461538461539
0 0.1658653846153846 0.8112980769230769 0.0985576923076923 0.18028846153846154
0 0.23798076923076922 0.8112980769230769 0.0625 0.10336538461538461
0 0.26322115384615385 0.7427884615384616 0.0625 0.11057692307692307
0 0.2512019230769231 0.6610576923076923 0.06490384615384616 0.11057692307692307
0 0.28966346153846156 0.8088942307692307 0.04807692307692308 0.08653846153846154
0 0.31971153846153844 0.8990384615384616 0.057692307692307696 0.10336538461538461
0 0.2620192307692308 0.9014423076923077 0.05048076923076923 0.11057692307692307
0 0.3449519230769231 0.8305288461538461 0.06490384615384616 0.1201923076923077
0 0.40865384615384615 0.8497596153846154 0.0625 0.08173076923076923
0 0.4567307692307692 0.8774038461538461 0.052884615384615384 0.11538461538461539
0 0.5036057692307693 0.8473557692307693 0.0625 0.07692307692307693
0 0.5408653846153846 0.9651442307692307 0.057692307692307696 0.06490384615384616
0 0.9951923076923077 0.3004807692307692 0.004807692307692308 0.0673076923076923
0 0.9879807692307693 0.22115384615384615 0.019230769230769232 0.10576923076923077
0 0.9579326923076923 0.22716346153846154 0.04807692307692308 0.09134615384615384
0 0.9050480769230769 0.22355769230769232 0.057692307692307696 0.07692307692307693
0 0.9122596153846154 0.13942307692307693 0.07211538461538461 0.08173076923076923
0 0.9266826923076923 0.04927884615384615 0.07211538461538461 0.08653846153846154
0 0.8605769230769231 0.04927884615384615 0.0673076923076923 0.08653846153846154
0 0.9699519230769231 0.12620192307692307 0.055288461538461536 0.0889423076923077
0 0.8257211538461539 0.28725961538461536 0.05048076923076923 0.038461538461538464
0 0.8016826923076923 0.25721153846153844 0.08413461538461539 0.0673076923076923
0 0.7271634615384616 0.23197115384615385 0.08173076923076923 0.10336538461538461
0 0.6887019230769231 0.30649038461538464 0.07692307692307693 0.14182692307692307
0 0.6658653846153846 0.4182692307692308 0.08173076923076923 0.09134615384615384
0 0.6670673076923077 0.5024038461538461 0.04807692307692308 0.07692307692307693
0 0.6923076923076923 0.5384615384615384 0.04807692307692308 0.07211538461538461
0 0.6850961538461539 0.6526442307692307 0.0673076923076923 0.11538461538461539
0 0.6213942307692307 0.6526442307692307 0.06490384615384616 0.09134615384615384
0 0.6586538461538461 0.5925480769230769 0.05048076923076923 0.04807692307692308
0 0.6213942307692307 0.5384615384615384 0.036057692307692304 0.09134615384615384
0 0.5685096153846154 0.5240384615384616 0.07692307692307693 0.1201923076923077
0 0.5733173076923077 0.6201923076923077 0.04807692307692308 0.04807692307692308
0 0.5216346153846154 0.5817307692307693 0.0625 0.11538461538461539
0 0.46033653846153844 0.6177884615384616 0.0673076923076923 0.08653846153846154
0 0.46153846153846156 0.5240384615384616 0.057692307692307696 0.08653846153846154
0 0.5877403846153846 0.4338942307692308 0.0673076923076923 0.09134615384615384
0 0.5985576923076923 0.27283653846153844 0.1346153846153846 0.1875
0 0.6778846153846154 0.1935096153846154 0.0625 0.07211538461538461
0 0.6730769230769231 0.11177884615384616 0.07211538461538461 0.09134615384615384
0 0.8052884615384616 0.14182692307692307 0.11298076923076923 0.11057692307692307
0 0.7163461538461539 0.09254807692307693 0.08653846153846154 0.17307692307692307
0 0.6454326923076923 0.04927884615384615 0.0673076923076923 0.08653846153846154
0 0.5853365384615384 0.027644230769230768 0.06490384615384616 0.04326923076923077
0 0.5204326923076923 0.036057692307692304 0.07211538461538461 0.06009615384615385
0 0.5456730769230769 0.1201923076923077 0.057692307692307696 0.12980769230769232
0 0.5997596153846154 0.11778846153846154 0.06490384615384616 0.09134615384615384
0 0.5168269230769231 0.20432692307692307 0.07211538461538461 0.07211538461538461
0 0.5060096153846154 0.2956730769230769 0.06490384615384616 0.11057692307692307
0 0.3485576923076923 0.030048076923076924 0.06490384615384616 0.04807692307692308
0 0.3401442307692308 0.10697115384615384 0.0625 0.10336538461538461
0 0.2704326923076923 0.14182692307692307 0.0625 0.11057692307692307
0 0.30528846153846156 0.22355769230769232 0.07211538461538461 0.0985576923076923
0 0.2512019230769231 0.3004807692307692 0.07211538461538461 0.1201923076923077
0 0.30408653846153844 0.3088942307692308 0.04807692307692308 0.09134615384615384
0 0.22716346153846154 0.3605769230769231 0.0673076923076923 0.1201923076923077
0 0.19110576923076922 0.25721153846153844 0.07692307692307693 0.07692307692307693
0 0.2548076923076923 0.4266826923076923 0.04326923076923077 0.0673076923076923
0 0.2439903846153846 0.4891826923076923 0.06490384615384616 0.08173076923076923
0 0.2548076923076923 0.5625 0.06490384615384616 0.08653846153846154
0 0.30408653846153844 0.6262019230769231 0.0673076923076923 0.11538461538461539
0 0.35096153846153844 0.39302884615384615 0.0625 0.08653846153846154
0 0.33653846153846156 0.4807692307692308 0.038461538461538464 0.07692307692307693
0 0.3112980769230769 0.5132211538461539 0.0625 0.07692307692307693
0 0.390625 0.4891826923076923 0.08413461538461539 0.11538461538461539
0 0.3942307692307692 0.6117788461538461 0.0625 0.0985576923076923
0 0.3485576923076923 0.6418269230769231 0.06490384615384616 0.09134615384615384
0 0.40865384615384615 0.6670673076923077 0.038461538461538464 0.03365384615384615
0 0.3870192307692308 0.7379807692307693 0.0673076923076923 0.0985576923076923
0 0.44350961538461536 0.4338942307692308 0.04326923076923077 0.09134615384615384
0 0.4266826923076923 0.3713942307692308 0.0625 0.0673076923076923
0 0.4182692307692308 0.2704326923076923 0.10096153846153846 0.125
0 0.3557692307692308 0.27884615384615385 0.057692307692307696 0.11057692307692307
0 0.4254807692307692 0.13341346153846154 0.057692307692307696 0.14903846153846154
0 0.4795673076923077 0.1502403846153846 0.05048076923076923 0.125
0 0.3605769230769231 0.16706730769230768 0.10096153846153846 0.06009615384615385
0 0.4495192307692308 0.030048076923076924 0.0625 0.04807692307692308
0 0.5985576923076923 0.8088942307692307 0.15625 0.14182692307692307
0 0.6033653846153846 0.9338942307692307 0.125 0.12980769230769232