0 0.6310096153846154 0.5492788461538461 0.49759615384615385 0.5024038461538461
0 0.2608173076923077 0.8425480769230769 0.13942307692307693 0.10817307692307693
0 0.3137019230769231 0.8629807692307693 0.03365384615384615 0.0985576923076923
0 0.1201923076923077 0.171875 0.0673076923076923 0.04567307692307692
0 0.08413461538461539 0.2824519230769231 0.04326923076923077 0.04326923076923077
0 0.0985576923076923 0.3425480769230769 0.07211538461538461 0.038461538461538464
0 0.09615384615384616 0.3798076923076923 0.038461538461538464 0.028846153846153848
0 0.32091346153846156 0.04807692307692308 0.0673076923076923 0.052884615384615384
0 0.38221153846153844 0.06610576923076923 0.057692307692307696 0.04807692307692308
0 0.4182692307692308 0.08653846153846154 0.014423076923076924 0.03365384615384615
0 0.4326923076923077 0.11177884615384616 0.03365384615384615 0.03365384615384615
0 0.4423076923076923 0.17067307692307693 0.03365384615384615 0.03365384615384615
0 0.4735576923076923 0.18269230769230768 0.028846153846153848 0.03365384615384615
0 0.49278846153846156 0.234375 0.038461538461538464 0.038461538461538464
0 0.5168269230769231 0.2692307692307692 0.04807692307692308 0.04807692307692308
0 0.5504807692307693 0.30649038461538464 0.04807692307692308 0.02403846153846154
0 0.53125 0.3401442307692308 0.038461538461538464 0.04326923076923077
0 0.40865384615384615 0.20793269230769232 0.04326923076923077 0.04807692307692308
0 0.4014423076923077 0.2512019230769231 0.057692307692307696 0.038461538461538464
0 0.43990384615384615 0.20552884615384615 0.019230769230769232 0.038461538461538464
0 0.4543269230769231 0.2403846153846154 0.04807692307692308 0.04326923076923077
0 0.4519230769230769 0.2824519230769231 0.03365384615384615 0.04326923076923077
0 0.47115384615384615 0.3173076923076923 0.052884615384615384 0.028846153846153848
0 0.4879807692307692 0.35216346153846156 0.038461538461538464 0.04326923076923077
0 0.3894230769230769 0.15985576923076922 0.04326923076923077 0.04567307692307692
0 0.3713942307692308 0.11658653846153846 0.03365384615384615 0.04326923076923077
0 0.3401442307692308 0.12259615384615384 0.038461538461538464 0.07211538461538461
0 0.34975961538461536 0.17427884615384615 0.04807692307692308 0.04807692307692308
0 0.3425480769230769 0.22596153846153846 0.04326923076923077 0.038461538461538464
0 0.328125 0.26322115384615385 0.04326923076923077 0.028846153846153848
0 0.36658653846153844 0.29447115384615385 0.0625 0.04326923076923077
0 0.3713942307692308 0.32572115384615385 0.04326923076923077 0.038461538461538464
0 0.3798076923076923 0.36899038461538464 0.052884615384615384 0.04326923076923077
0 0.41586538461538464 0.36778846153846156 0.038461538461538464 0.028846153846153848
0 0.4375 0.390625 0.04326923076923077 0.02403846153846154
0 0.40625 0.40865384615384615 0.04807692307692308 0.028846153846153848
0 0.3798076923076923 0.6454326923076923 0.052884615384615384 0.038461538461538464
0 0.3641826923076923 0.6862980769230769 0.0673076923076923 0.038461538461538464
0 0.37740384615384615 0.4338942307692308 0.038461538461538464 0.0625
0 0.3449519230769231 0.46634615384615385 0.038461538461538464 0.052884615384615384
0 0.32572115384615385 0.5108173076923077 0.057692307692307696 0.057692307692307696
0 0.359375 0.5721153846153846 0.04807692307692308 0.04326923076923077
0 0.3425480769230769 0.6117788461538461 0.052884615384615384 0.038461538461538464
0 0.3137019230769231 0.625 0.03365384615384615 0.028846153846153848
0 0.32091346153846156 0.6574519230769231 0.038461538461538464 0.04567307692307692
0 0.2848557692307692 0.6935096153846154 0.052884615384615384 0.03365384615384615
0 0.30408653846153844 0.7223557692307693 0.03365384615384615 0.03365384615384615
0 0.25600961538461536 0.14302884615384615 0.03365384615384615 0.04567307692307692
0 0.296875 0.14543269230769232 0.038461538461538464 0.04807692307692308
0 0.28725961538461536 0.19471153846153846 0.028846153846153848 0.04326923076923077
0 0.27283653846153844 0.23076923076923078 0.038461538461538464 0.04567307692307692
0 0.2439903846153846 0.1935096153846154 0.057692307692307696 0.04567307692307692
0 0.19591346153846154 0.15745192307692307 0.04807692307692308 0.057692307692307696
0 0.20072115384615385 0.11658653846153846 0.0673076923076923 0.07451923076923077
0 0.16947115384615385 0.20793269230769232 0.052884615384615384 0.04807692307692308
0 0.17668269230769232 0.24879807692307693 0.038461538461538464 0.03365384615384615
0 0.11778846153846154 0.24278846153846154 0.0625 0.052884615384615384
0 0.125 0.29086538461538464 0.04807692307692308 0.04807692307692308
0 0.17427884615384615 0.29927884615384615 0.052884615384615384 0.04807692307692308
0 0.1622596153846154 0.35096153846153844 0.057692307692307696 0.038461538461538464
0 0.14302884615384615 0.4050480769230769 0.04807692307692308 0.04567307692307692
0 0.13581730769230768 0.4519230769230769 0.0625 0.04807692307692308
0 0.11298076923076923 0.4855769230769231 0.0625 0.04326923076923077
0 0.125 0.5396634615384616 0.057692307692307696 0.057692307692307696
0 0.171875 0.5540865384615384 0.04807692307692308 0.052884615384615384
0 0.18629807692307693 0.609375 0.057692307692307696 0.04326923076923077
0 0.21033653846153846 0.6430288461538461 0.0673076923076923 0.04807692307692308
0 0.21754807692307693 0.5997596153846154 0.04326923076923077 0.038461538461538464
0 0.2536057692307692 0.640625 0.028846153846153848 0.038461538461538464
0 0.27283653846153844 0.6574519230769231 0.038461538461538464 0.038461538461538464
0 0.25600961538461536 0.5805288461538461 0.052884615384615384 0.03365384615384615
0 0.28725961538461536 0.5973557692307693 0.028846153846153848 0.03365384615384615
0 0.3137019230769231 0.5853365384615384 0.03365384615384615 0.04807692307692308
0 0.2848557692307692 0.3112980769230769 0.04326923076923077 0.04326923076923077
0 0.29927884615384615 0.359375 0.03365384615384615 0.04567307692307692
0 0.3112980769230769 0.41947115384615385 0.057692307692307696 0.04326923076923077
0 0.2512019230769231 0.4579326923076923 0.0625 0.038461538461538464
0 0.23918269230769232 0.42788461538461536 0.04807692307692308 0.03365384615384615
0 0.25600961538461536 0.5 0.0625 0.038461538461538464
0 0.25841346153846156 0.5432692307692307 0.04807692307692308 0.04326923076923077
0 0.21514423076923078 0.5396634615384616 0.04807692307692308 0.03365384615384615
0 0.19831730769230768 0.5024038461538461 0.04326923076923077 0.04807692307692308
0 0.19110576923076922 0.4423076923076923 0.04807692307692308 0.04567307692307692
0 0.17908653846153846 0.4026442307692308 0.04326923076923077 0.04326923076923077
0 0.2247596153846154 0.38221153846153844 0.04807692307692308 0.03365384615384615
0 0.24879807692307693 0.3485576923076923 0.04807692307692308 0.03365384615384615
0 0.20552884615384615 0.3449519230769231 0.038461538461538464 0.02403846153846154
0 0.23677884615384615 0.31490384615384615 0.04326923076923077 0.04326923076923077
0 0.23677884615384615 0.2776442307692308 0.07211538461538461 0.04807692307692308
0 0.21514423076923078 0.23677884615384615 0.038461538461538464 0.04326923076923077