0 0.22596153846153846 0.22235576923076922 0.375 0.35096153846153844
0 0.16826923076923078 0.25240384615384615 0.25 0.34615384615384615
0 0.20192307692307693 0.4963942307692308 0.19230769230769232 0.1466346153846154
0 0.33413461538461536 0.5769230769230769 0.28125 0.19230769230769232
0 0.18269230769230768 0.7668269230769231 0.0889423076923077 0.14423076923076922
0 0.2536057692307692 0.8545673076923077 0.2548076923076923 0.16826923076923078
0 0.6550480769230769 0.8389423076923077 0.17067307692307693 0.09375
0 0.6322115384615384 0.8533653846153846 0.3918269230769231 0.1778846153846154
0 0.7103365384615384 0.7115384615384616 0.3269230769230769 0.17548076923076922
0 0.7319711538461539 0.4987980769230769 0.25 0.1201923076923077
0 0.7127403846153846 0.39783653846153844 0.23076923076923078 0.10576923076923077
0 0.6706730769230769 0.171875 0.3701923076923077 0.23076923076923078