0 0.8485576923076923 0.6177884615384616 0.1778846153846154 0.2764423076923077
0 0.9507211538461539 0.5685096153846154 0.0889423076923077 0.11538461538461539
0 0.9086538461538461 0.6826923076923077 0.17307692307692307 0.15625
0 0.8954326923076923 0.7572115384615384 0.19951923076923078 0.15384615384615385
0 0.9086538461538461 0.8846153846153846 0.17307692307692307 0.1778846153846154
0 0.890625 0.9026442307692307 0.2091346153846154 0.14182692307692307
0 0.7728365384615384 0.8641826923076923 0.09615384615384616 0.11057692307692307
0 0.7596153846153846 0.6334134615384616 0.1346153846153846 0.2620192307692308
0 0.6646634615384616 0.6670673076923077 0.2091346153846154 0.16826923076923078
0 0.6177884615384616 0.4639423076923077 0.15865384615384615 0.3317307692307692
0 0.6694711538461539 0.34615384615384615 0.1466346153846154 0.3293269230769231
0 0.7644230769230769 0.3449519230769231 0.16826923076923078 0.37740384615384615
0 0.8930288461538461 0.3449519230769231 0.20432692307692307 0.3317307692307692
0 0.6670673076923077 0.1778846153846154 0.1778846153846154 0.34615384615384615
0 0.5528846153846154 0.33533653846153844 0.13942307692307693 0.28846153846153844
0 0.5132211538461539 0.5024038461538461 0.17307692307692307 0.43509615384615385
0 0.421875 0.5817307692307693 0.125 0.3125
0 0.2932692307692308 0.5444711538461539 0.1778846153846154 0.18269230769230768
0 0.35336538461538464 0.2644230769230769 0.24519230769230768 0.5192307692307693
0 0.3016826923076923 0.19110576923076922 0.16105769230769232 0.375
0 0.4182692307692308 0.2283653846153846 0.125 0.27884615384615385
0 0.12620192307692307 0.23798076923076922 0.21634615384615385 0.19230769230769232
0 0.04567307692307692 0.25961538461538464 0.08653846153846154 0.15865384615384615
0 0.06370192307692307 0.3858173076923077 0.12259615384615384 0.12740384615384615
0 0.04326923076923077 0.49278846153846156 0.08173076923076923 0.10096153846153846
0 0.9290865384615384 0.16706730769230768 0.1346153846153846 0.27163461538461536
0 0.8004807692307693 0.09134615384615384 0.31971153846153844 0.17307692307692307
0 0.9579326923076923 0.026442307692307692 0.07692307692307693 0.04326923076923077
0 0.4951923076923077 0.08173076923076923 0.24519230769230768 0.15384615384615385
0 0.24278846153846154 0.0889423076923077 0.27163461538461536 0.17067307692307693
0 0.056490384615384616 0.0733173076923077 0.10817307692307693 0.14182692307692307
0 0.04326923076923077 0.9495192307692307 0.08173076923076923 0.09615384615384616
0 0.026442307692307692 0.8918269230769231 0.04807692307692308 0.057692307692307696
0 0.4098557692307692 0.7223557692307693 0.8149038461538461 0.4254807692307692
0 0.45072115384615385 0.9579326923076923 0.7427884615384616 0.07932692307692307
0 0.5 0.5 0.9951923076923077 0.9951923076923077