0 0.2860576923076923 0.15625 0.15384615384615385 0.0889423076923077
0 0.2283653846153846 0.234375 0.13221153846153846 0.10576923076923077
0 0.31850961538461536 0.27884615384615385 0.16826923076923078 0.08413461538461539
0 0.2644230769230769 0.33774038461538464 0.2644230769230769 0.09615384615384616
0 0.1875 0.4423076923076923 0.13701923076923078 0.12980769230769232
0 0.27163461538461536 0.3858173076923077 0.11538461538461539 0.08413461538461539
0 0.25841346153846156 0.5096153846153846 0.30288461538461536 0.2932692307692308
0 0.4014423076923077 0.4699519230769231 0.16346153846153846 0.20432692307692307
0 0.4206730769230769 0.4855769230769231 0.22596153846153846 0.17307692307692307
0 0.25 0.6538461538461539 0.32211538461538464 0.17307692307692307
0 0.2824519230769231 0.8389423076923077 0.14423076923076922 0.27403846153846156
0 0.25240384615384615 0.7608173076923077 0.4951923076923077 0.23557692307692307
0 0.3545673076923077 0.8677884615384616 0.08653846153846154 0.1346153846153846
0 0.8846153846153846 0.8966346153846154 0.22596153846153846 0.20192307692307693
0 0.9146634615384616 0.7019230769230769 0.16346153846153846 0.24278846153846154
0 0.6995192307692307 0.29927884615384615 0.5961538461538461 0.5889423076923077
0 0.6213942307692307 0.5841346153846154 0.4326923076923077 0.2091346153846154
3 0.7115384615384616 0.7463942307692307 0.15865384615384615 0.15384615384615385