0 0.10576923076923077 0.46875 0.18269230769230768 0.6370192307692307
0 0.2644230769230769 0.3317307692307692 0.17067307692307693 0.2620192307692308
0 0.35216346153846156 0.515625 0.24519230769230768 0.20673076923076922
0 0.23317307692307693 0.6526442307692307 0.0985576923076923 0.21875
0 0.3269230769230769 0.703125 0.1346153846153846 0.19230769230769232
0 0.40384615384615385 0.75 0.0985576923076923 0.2620192307692308
0 0.546875 0.27524038461538464 0.15384615384615385 0.23798076923076922
0 0.41225961538461536 0.2776442307692308 0.11538461538461539 0.2692307692307692
0 0.45913461538461536 0.16947115384615385 0.9134615384615384 0.3389423076923077
0 0.6911057692307693 0.34375 0.4567307692307692 0.6634615384615384
0 0.6862980769230769 0.5432692307692307 0.25 0.3004807692307692
0 0.8461538461538461 0.46634615384615385 0.30288461538461536 0.8461538461538461
0 0.6370192307692307 0.8004807692307693 0.125 0.3870192307692308
0 0.5180288461538461 0.7908653846153846 0.20192307692307693 0.3701923076923077