0 0.24879807692307693 0.8629807692307693 0.15384615384615385 0.1201923076923077
0 0.3629807692307692 0.8689903846153846 0.08173076923076923 0.06971153846153846
0 0.3449519230769231 0.9014423076923077 0.014423076923076924 0.019230769230769232
0 0.3137019230769231 0.9074519230769231 0.036057692307692304 0.03125
0 0.3425480769230769 0.7956730769230769 0.125 0.10817307692307693
0 0.23557692307692307 0.7692307692307693 0.036057692307692304 0.03125
0 0.23798076923076922 0.7860576923076923 0.03125 0.03365384615384615
0 0.27163461538461536 0.7824519230769231 0.014423076923076924 0.03365384615384615
0 0.19471153846153846 0.7908653846153846 0.036057692307692304 0.04326923076923077
0 0.18870192307692307 0.7668269230769231 0.036057692307692304 0.026442307692307692
0 0.16346153846153846 0.7439903846153846 0.026442307692307692 0.04326923076923077
0 0.2403846153846154 0.6983173076923077 0.19230769230769232 0.12740384615384615
0 0.39903846153846156 0.8004807692307693 0.125 0.11538461538461539
0 0.4375 0.875 0.04807692307692308 0.07211538461538461
0 0.43990384615384615 0.9170673076923077 0.09375 0.057692307692307696
0 0.4951923076923077 0.7824519230769231 0.13942307692307693 0.2956730769230769
0 0.2644230769230769 0.6213942307692307 0.125 0.09615384615384616
0 0.18389423076923078 0.5600961538461539 0.12980769230769232 0.1201923076923077
0 0.16346153846153846 0.4495192307692308 0.04807692307692308 0.20673076923076922
0 0.21754807692307693 0.5 0.09375 0.10096153846153846
0 0.20673076923076922 0.4206730769230769 0.052884615384615384 0.06490384615384616
0 0.23076923076923078 0.375 0.11057692307692307 0.08173076923076923
0 0.30528846153846156 0.41586538461538464 0.1658653846153846 0.11538461538461539
0 0.3858173076923077 0.4675480769230769 0.12980769230769232 0.06490384615384616
0 0.38341346153846156 0.5036057692307693 0.125 0.0625
0 0.38822115384615385 0.5480769230769231 0.0625 0.07211538461538461
0 0.3425480769230769 0.5420673076923077 0.0625 0.03125
0 0.44591346153846156 0.5769230769230769 0.125 0.11538461538461539
0 0.5336538461538461 0.5793269230769231 0.11538461538461539 0.0889423076923077
0 0.3942307692307692 0.6766826923076923 0.14423076923076922 0.0625
0 0.8449519230769231 0.8461538461538461 0.125 0.12259615384615384
0 0.7463942307692307 0.8822115384615384 0.14423076923076922 0.10336538461538461
0 0.5853365384615384 0.8846153846153846 0.1778846153846154 0.0625
0 0.6574519230769231 0.8076923076923077 0.1658653846153846 0.12259615384615384
0 0.8858173076923077 0.7620192307692307 0.125 0.08413461538461539
0 0.7776442307692307 0.7848557692307693 0.10336538461538461 0.13942307692307693
0 0.6790865384615384 0.8112980769230769 0.10336538461538461 0.10817307692307693
0 0.6237980769230769 0.8040865384615384 0.08653846153846154 0.10817307692307693
0 0.5901442307692307 0.765625 0.15384615384615385 0.15384615384615385
0 0.8004807692307693 0.6610576923076923 0.21153846153846154 0.1466346153846154
0 0.6478365384615384 0.6658653846153846 0.11538461538461539 0.052884615384615384
0 0.9098557692307693 0.65625 0.13942307692307693 0.07451923076923077
0 0.9242788461538461 0.6081730769230769 0.07692307692307693 0.12259615384615384
0 0.890625 0.5480769230769231 0.09375 0.1346153846153846
0 0.8629807692307693 0.46153846153846156 0.0985576923076923 0.1466346153846154
0 0.8473557692307693 0.5420673076923077 0.04807692307692308 0.038461538461538464
0 0.9326923076923077 0.43990384615384615 0.0625 0.04326923076923077
0 0.7259615384615384 0.49038461538461536 0.20673076923076922 0.11057692307692307
0 0.7199519230769231 0.5288461538461539 0.0625 0.057692307692307696
0 0.6298076923076923 0.5 0.07692307692307693 0.038461538461538464
0 0.6165865384615384 0.5733173076923077 0.125 0.11538461538461539
0 0.7151442307692307 0.5865384615384616 0.09375 0.06490384615384616
0 0.5264423076923077 0.45552884615384615 0.17067307692307693 0.1346153846153846
0 0.5697115384615384 0.44591346153846156 0.27884615384615385 0.19230769230769232
0 0.5540865384615384 0.2980769230769231 0.1346153846153846 0.1346153846153846
0 0.6141826923076923 0.359375 0.0985576923076923 0.07211538461538461
0 0.6682692307692307 0.3173076923076923 0.03125 0.019230769230769232
0 0.7175480769230769 0.38461538461538464 0.0673076923076923 0.08413461538461539
0 0.4891826923076923 0.3581730769230769 0.12980769230769232 0.07692307692307693
0 0.3605769230769231 0.3293269230769231 0.12980769230769232 0.06490384615384616
0 0.2980769230769231 0.31009615384615385 0.11057692307692307 0.09615384615384616
0 0.2127403846153846 0.30408653846153844 0.10336538461538461 0.06971153846153846
0 0.23076923076923078 0.234375 0.13942307692307693 0.07692307692307693
0 0.20192307692307693 0.17067307692307693 0.0625 0.05048076923076923
0 0.25961538461538464 0.17908653846153846 0.07211538461538461 0.09615384615384616
0 0.3112980769230769 0.15144230769230768 0.052884615384615384 0.057692307692307696
0 0.36778846153846156 0.15625 0.10336538461538461 0.057692307692307696
0 0.32091346153846156 0.19230769230769232 0.08173076923076923 0.038461538461538464
0 0.4014423076923077 0.19951923076923078 0.17067307692307693 0.04567307692307692
0 0.35697115384615385 0.24759615384615385 0.10336538461538461 0.057692307692307696
0 0.4326923076923077 0.27524038461538464 0.0985576923076923 0.0889423076923077
0 0.4891826923076923 0.2247596153846154 0.08653846153846154 0.04326923076923077
0 0.6478365384615384 0.2620192307692308 0.23798076923076922 0.1778846153846154
0 0.7175480769230769 0.38221153846153844 0.0673076923076923 0.07211538461538461
0 0.7824519230769231 0.4110576923076923 0.11538461538461539 0.10096153846153846
0 0.8425480769230769 0.3870192307692308 0.04807692307692308 0.05048076923076923
0 0.8449519230769231 0.359375 0.15384615384615385 0.057692307692307696
0 0.8858173076923077 0.35216346153846156 0.125 0.10336538461538461
0 0.8389423076923077 0.2860576923076923 0.11538461538461539 0.0889423076923077
0 0.9242788461538461 0.27283653846153844 0.057692307692307696 0.08413461538461539
0 0.9038461538461539 0.23317307692307693 0.0673076923076923 0.03365384615384615
0 0.90625 0.18990384615384615 0.10336538461538461 0.05048076923076923
0 0.8473557692307693 0.17548076923076922 0.17067307692307693 0.09615384615384616
0 0.7872596153846154 0.23317307692307693 0.08173076923076923 0.057692307692307696
0 0.6862980769230769 0.09975961538461539 0.14903846153846154 0.12259615384615384
0 0.5444711538461539 0.0985576923076923 0.1658653846153846 0.04326923076923077
0 0.5444711538461539 0.07932692307692307 0.1778846153846154 0.026442307692307692
0 0.41225961538461536 0.10817307692307693 0.08653846153846154 0.07692307692307693
0 0.27403846153846156 0.12259615384615384 0.1875 0.08413461538461539
0 0.46153846153846156 0.15745192307692307 0.0625 0.038461538461538464
0 0.5132211538461539 0.17307692307692307 0.0625 0.04567307692307692
0 0.53125 0.12259615384615384 0.0985576923076923 0.052884615384615384
0 0.6394230769230769 0.18629807692307693 0.19230769230769232 0.11057692307692307
0 0.8317307692307693 0.12259615384615384 0.11057692307692307 0.10817307692307693
0 0.8882211538461539 0.12259615384615384 0.0985576923076923 0.09134615384615384