0 0.8509615384615384 0.8052884615384616 0.28846153846153844 0.2668269230769231
0 0.9050480769230769 0.953125 0.18028846153846154 0.08653846153846154
0 0.8557692307692307 0.3762019230769231 0.27884615384615385 0.36538461538461536
0 0.96875 0.6274038461538461 0.052884615384615384 0.15865384615384615
0 0.9699519230769231 0.0985576923076923 0.055288461538461536 0.19230769230769232
0 0.49759615384615385 0.671875 0.25240384615384615 0.19230769230769232
0 0.453125 0.8209134615384616 0.21634615384615385 0.18269230769230768
0 0.5793269230769231 0.9290865384615384 0.24278846153846154 0.1346153846153846
0 0.7139423076923077 0.8689903846153846 0.22115384615384615 0.15384615384615385
0 0.7067307692307693 0.6983173076923077 0.20673076923076922 0.1778846153846154
0 0.71875 0.5709134615384616 0.22115384615384615 0.13942307692307693
0 0.9122596153846154 0.6430288461538461 0.10336538461538461 0.0889423076923077
0 0.5204326923076923 0.4807692307692308 0.23557692307692307 0.18269230769230768
0 0.6754807692307693 0.38221153846153844 0.16346153846153846 0.20673076923076922
0 0.7211538461538461 0.14302884615384615 0.2980769230769231 0.23076923076923078
0 0.8858173076923077 0.06850961538461539 0.14182692307692307 0.13221153846153846
0 0.4567307692307692 0.06610576923076923 0.21153846153846154 0.12980769230769232
0 0.6394230769230769 0.026442307692307692 0.15865384615384615 0.04807692307692308
0 0.515625 0.2283653846153846 0.17548076923076922 0.16346153846153846
0 0.47115384615384615 0.37259615384615385 0.21153846153846154 0.1346153846153846
0 0.3473557692307692 0.45552884615384615 0.10817307692307693 0.08653846153846154
0 0.296875 0.5829326923076923 0.24278846153846154 0.18509615384615385
0 0.1622596153846154 0.6971153846153846 0.17067307692307693 0.1201923076923077
0 0.22115384615384615 0.8305288461538461 0.22596153846153846 0.18509615384615385
0 0.30649038461538464 0.7139423076923077 0.10817307692307693 0.07692307692307693
0 0.15745192307692307 0.9435096153846154 0.23076923076923078 0.10576923076923077
0 0.3581730769230769 0.9495192307692307 0.19230769230769232 0.09375
0 0.06490384615384616 0.7932692307692307 0.12980769230769232 0.12740384615384615
0 0.04447115384615385 0.9230769230769231 0.0889423076923077 0.14903846153846154
0 0.04927884615384615 0.6526442307692307 0.09615384615384616 0.1778846153846154
0 0.11538461538461539 0.5733173076923077 0.09615384615384616 0.0889423076923077
0 0.17548076923076922 0.484375 0.21634615384615385 0.14903846153846154
0 0.04447115384615385 0.4735576923076923 0.0889423076923077 0.19230769230769232
0 0.02403846153846154 0.30649038461538464 0.04807692307692308 0.18990384615384615
0 0.15504807692307693 0.31850961538461536 0.22596153846153846 0.1875
0 0.30408653846153844 0.203125 0.23557692307692307 0.20432692307692307
0 0.3245192307692308 0.3605769230769231 0.10336538461538461 0.1201923076923077
0 0.2247596153846154 0.055288461538461536 0.23317307692307693 0.10576923076923077
0 0.08774038461538461 0.09014423076923077 0.15384615384615385 0.1201923076923077
0 0.11538461538461539 0.18509615384615385 0.18028846153846154 0.13942307692307693