0 0.0733173076923077 0.09495192307692307 0.14182692307692307 0.18990384615384615
0 0.15384615384615385 0.056490384615384616 0.055288461538461536 0.10336538461538461
0 0.3161057692307692 0.12620192307692307 0.2548076923076923 0.24278846153846154
0 0.45913461538461536 0.23918269230769232 0.16346153846153846 0.057692307692307696
0 0.5889423076923077 0.14182692307692307 0.09615384615384616 0.25240384615384615
0 0.5612980769230769 0.11899038461538461 0.09615384615384616 0.22596153846153846
0 0.5348557692307693 0.12139423076923077 0.09615384615384616 0.23076923076923078
0 0.5120192307692307 0.09735576923076923 0.07211538461538461 0.17548076923076922
0 0.4879807692307692 0.09014423076923077 0.057692307692307696 0.17067307692307693
0 0.45913461538461536 0.10576923076923077 0.10096153846153846 0.19230769230769232
0 0.4519230769230769 0.06971153846153846 0.052884615384615384 0.1201923076923077
0 0.8954326923076923 0.20673076923076922 0.0625 0.09134615384615384
0 0.9615384615384616 0.296875 0.04807692307692308 0.0673076923076923
0 0.9867788461538461 0.30408653846153844 0.019230769230769232 0.0625
0 0.9230769230769231 0.2860576923076923 0.038461538461538464 0.0673076923076923
0 0.96875 0.23197115384615385 0.052884615384615384 0.052884615384615384
0 0.8798076923076923 0.4411057692307692 0.06971153846153846 0.07692307692307693
0 0.9134615384615384 0.48677884615384615 0.0673076923076923 0.0673076923076923
0 0.9266826923076923 0.4326923076923077 0.03125 0.040865384615384616
0 0.8317307692307693 0.4567307692307692 0.05048076923076923 0.07692307692307693
0 0.9579326923076923 0.4483173076923077 0.02403846153846154 0.040865384615384616
0 0.9831730769230769 0.42788461538461536 0.026442307692307692 0.019230769230769232
0 0.9831730769230769 0.46153846153846156 0.026442307692307692 0.057692307692307696
0 0.3088942307692308 0.4098557692307692 0.06971153846153846 0.08653846153846154
0 0.3629807692307692 0.41225961538461536 0.038461538461538464 0.07211538461538461
0 0.39903846153846156 0.45913461538461536 0.0673076923076923 0.08173076923076923
0 0.4230769230769231 0.38100961538461536 0.05048076923076923 0.10336538461538461
0 0.3918269230769231 0.3737980769230769 0.057692307692307696 0.08653846153846154
0 0.35096153846153844 0.3401442307692308 0.03125 0.07211538461538461
0 0.32211538461538464 0.3401442307692308 0.04326923076923077 0.07211538461538461
0 0.28725961538461536 0.33774038461538464 0.036057692307692304 0.0673076923076923
0 0.25841346153846156 0.3762019230769231 0.038461538461538464 0.09134615384615384
0 0.18389423076923078 0.3629807692307692 0.026442307692307692 0.10817307692307693
0 0.20673076923076922 0.3557692307692308 0.019230769230769232 0.0625
0 0.14903846153846154 0.4254807692307692 0.04326923076923077 0.07692307692307693
0 0.1141826923076923 0.4026442307692308 0.04326923076923077 0.08173076923076923
0 0.07091346153846154 0.4050480769230769 0.026442307692307692 0.0673076923076923
0 0.08533653846153846 0.45072115384615385 0.02403846153846154 0.036057692307692304
0 0.040865384615384616 0.3942307692307692 0.05048076923076923 0.08653846153846154
0 0.009615384615384616 0.32211538461538464 0.014423076923076924 0.07692307692307693
0 0.03245192307692308 0.31490384615384615 0.026442307692307692 0.03125
0 0.056490384615384616 0.3293269230769231 0.05048076923076923 0.052884615384615384
0 0.0889423076923077 0.3269230769230769 0.03125 0.04807692307692308
0 0.11538461538461539 0.33533653846153844 0.02403846153846154 0.052884615384615384
0 0.15264423076923078 0.3425480769230769 0.05048076923076923 0.057692307692307696
0 0.5132211538461539 0.43509615384615385 0.0625 0.07692307692307693
0 0.5661057692307693 0.4050480769230769 0.15865384615384615 0.07692307692307693
0 0.6790865384615384 0.43509615384615385 0.03125 0.036057692307692304
0 0.7079326923076923 0.45072115384615385 0.03365384615384615 0.036057692307692304
0 0.6754807692307693 0.46875 0.03125 0.019230769230769232
0 0.6778846153846154 0.41466346153846156 0.019230769230769232 0.02403846153846154
0 0.6935096153846154 0.39663461538461536 0.026442307692307692 0.019230769230769232
0 0.7067307692307693 0.4206730769230769 0.02403846153846154 0.02403846153846154
0 0.7283653846153846 0.4050480769230769 0.04326923076923077 0.014423076923076924
0 0.7391826923076923 0.4230769230769231 0.03365384615384615 0.019230769230769232
0 0.7427884615384616 0.45072115384615385 0.019230769230769232 0.036057692307692304
0 0.7704326923076923 0.44350961538461536 0.019230769230769232 0.03125
0 0.7800480769230769 0.46153846153846156 0.014423076923076924 0.026442307692307692
0 0.7932692307692307 0.4170673076923077 0.026442307692307692 0.040865384615384616
0 0.7680288461538461 0.41225961538461536 0.03125 0.03125
0 0.6057692307692307 0.27283653846153844 0.03125 0.052884615384615384
0 0.6442307692307693 0.27884615384615385 0.038461538461538464 0.03125
0 0.6947115384615384 0.2860576923076923 0.038461538461538464 0.04807692307692308
0 0.7259615384615384 0.296875 0.014423076923076924 0.02403846153846154
0 0.7427884615384616 0.3088942307692308 0.019230769230769232 0.040865384615384616
0 0.7620192307692307 0.3088942307692308 0.01201923076923077 0.040865384615384616
0 0.7872596153846154 0.29086538461538464 0.02403846153846154 0.036057692307692304
0 0.8064903846153846 0.3112980769230769 0.02403846153846154 0.02403846153846154
0 0.625 0.23677884615384615 0.03125 0.03125
0 0.6526442307692307 0.24519230769230768 0.02403846153846154 0.036057692307692304
0 0.6754807692307693 0.24519230769230768 0.02403846153846154 0.02403846153846154
0 0.7043269230769231 0.24759615384615385 0.026442307692307692 0.040865384615384616
0 0.7391826923076923 0.24519230769230768 0.026442307692307692 0.057692307692307696
0 0.7764423076923077 0.25240384615384615 0.03125 0.03125
0 0.8112980769230769 0.26802884615384615 0.03125 0.03125
0 0.8413461538461539 0.25721153846153844 0.03125 0.03125
0 0.8629807692307693 0.27283653846153844 0.026442307692307692 0.052884615384615384
0 0.6490384615384616 0.1778846153846154 0.03125 0.036057692307692304
0 0.6814903846153846 0.18028846153846154 0.04326923076923077 0.052884615384615384
0 0.7103365384615384 0.19110576923076922 0.03125 0.052884615384615384
0 0.7391826923076923 0.18870192307692307 0.03365384615384615 0.057692307692307696
0 0.6237980769230769 0.21153846153846154 0.019230769230769232 0.03125
0 0.6526442307692307 0.2091346153846154 0.02403846153846154 0.02403846153846154
0 0.6814903846153846 0.21153846153846154 0.026442307692307692 0.03125
0 0.7067307692307693 0.22115384615384615 0.03125 0.019230769230769232
0 0.7584134615384616 0.22115384615384615 0.04326923076923077 0.021634615384615384
0 0.7800480769230769 0.1935096153846154 0.03125 0.04807692307692308
0 0.8112980769230769 0.19591346153846154 0.03125 0.052884615384615384
0 0.8052884615384616 0.24278846153846154 0.026442307692307692 0.019230769230769232
0 0.8377403846153846 0.25721153846153844 0.03125 0.03125
0 0.6754807692307693 0.1310096153846154 0.03125 0.057692307692307696
0 0.6971153846153846 0.11538461538461539 0.03365384615384615 0.07692307692307693
0 0.7079326923076923 0.09735576923076923 0.04326923076923077 0.040865384615384616
0 0.7175480769230769 0.05889423076923077 0.03125 0.02403846153846154
0 0.7932692307692307 0.07211538461538461 0.03365384615384615 0.021634615384615384
0 0.8305288461538461 0.09254807692307693 0.052884615384615384 0.040865384615384616
0 0.9591346153846154 0.14423076923076922 0.03365384615384615 0.040865384615384616
0 0.9387019230769231 0.1778846153846154 0.038461538461538464 0.036057692307692304
0 0.9338942307692307 0.12379807692307693 0.038461538461538464 0.03125
0 0.9050480769230769 0.13701923076923078 0.04326923076923077 0.04807692307692308
0 0.875 0.10576923076923077 0.03365384615384615 0.014423076923076924
0 0.8305288461538461 0.12620192307692307 0.03125 0.02403846153846154
0 0.8473557692307693 0.1466346153846154 0.03365384615384615 0.04807692307692308
0 0.8725961538461539 0.1310096153846154 0.03125 0.02403846153846154
0 0.8161057692307693 0.16706730769230768 0.03365384615384615 0.02403846153846154
0 0.7956730769230769 0.14182692307692307 0.03125 0.036057692307692304
0 0.7896634615384616 0.10817307692307693 0.03365384615384615 0.040865384615384616
0 0.7524038461538461 0.11538461538461539 0.03125 0.036057692307692304
0 0.7584134615384616 0.14182692307692307 0.04326923076923077 0.036057692307692304
0 0.7199519230769231 0.1466346153846154 0.026442307692307692 0.02403846153846154
0 0.9711538461538461 0.6262019230769231 0.05048076923076923 0.0985576923076923
0 0.9302884615384616 0.6418269230769231 0.03125 0.057692307692307696
0 0.17908653846153846 0.6310096153846154 0.057692307692307696 0.10817307692307693
0 0.1045673076923077 0.6237980769230769 0.09134615384615384 0.11298076923076923
0 0.03485576923076923 0.6177884615384616 0.06490384615384616 0.09615384615384616
0 0.04447115384615385 0.6802884615384616 0.04326923076923077 0.040865384615384616
0 0.43028846153846156 0.6370192307692307 0.026442307692307692 0.13942307692307693
0 0.4110576923076923 0.6213942307692307 0.026442307692307692 0.1201923076923077
0 0.5961538461538461 0.6754807692307693 0.03365384615384615 0.07211538461538461
0 0.6057692307692307 0.6802884615384616 0.02403846153846154 0.09134615384615384
0 0.6057692307692307 0.6129807692307693 0.03125 0.052884615384615384
0 0.5889423076923077 0.6526442307692307 0.026442307692307692 0.0673076923076923
0 0.5673076923076923 0.703125 0.03125 0.0673076923076923
0 0.5480769230769231 0.6911057692307693 0.014423076923076924 0.03125
0 0.5564903846153846 0.6237980769230769 0.03125 0.10336538461538461
0 0.5228365384615384 0.6237980769230769 0.05048076923076923 0.07211538461538461
0 0.5324519230769231 0.5973557692307693 0.038461538461538464 0.040865384615384616
0 0.5252403846153846 0.6983173076923077 0.03125 0.07692307692307693
0 0.4879807692307692 0.6850961538461539 0.07211538461538461 0.0625
0 0.47475961538461536 0.6370192307692307 0.02403846153846154 0.04807692307692308
0 0.49038461538461536 0.6129807692307693 0.02403846153846154 0.052884615384615384
0 0.7079326923076923 0.6262019230769231 0.05048076923076923 0.0673076923076923
0 0.6586538461538461 0.6826923076923077 0.04326923076923077 0.036057692307692304
0 0.6526442307692307 0.6598557692307693 0.014423076923076924 0.019230769230769232
0 0.6682692307692307 0.6153846153846154 0.0625 0.08653846153846154
0 0.703125 0.6346153846153846 0.014423076923076924 0.040865384615384616
0 0.7007211538461539 0.6009615384615384 0.019230769230769232 0.02403846153846154
0 0.7319711538461539 0.5901442307692307 0.05048076923076923 0.04807692307692308
0 0.6911057692307693 0.6754807692307693 0.03125 0.03125
0 0.7067307692307693 0.6802884615384616 0.014423076923076924 0.03125
0 0.7524038461538461 0.6262019230769231 0.06971153846153846 0.0985576923076923
0 0.7379807692307693 0.6670673076923077 0.038461538461538464 0.02403846153846154
0 0.7644230769230769 0.6670673076923077 0.038461538461538464 0.057692307692307696
0 0.875 0.6262019230769231 0.14903846153846154 0.10817307692307693
0 0.030048076923076924 0.9302884615384616 0.055288461538461536 0.11057692307692307
0 0.009615384615384616 0.8461538461538461 0.014423076923076924 0.07211538461538461
0 0.051682692307692304 0.8762019230769231 0.057692307692307696 0.03125
0 0.125 0.8509615384615384 0.0673076923076923 0.08173076923076923
0 0.1935096153846154 0.8449519230769231 0.06971153846153846 0.08173076923076923
0 0.26802884615384615 0.8401442307692307 0.07211538461538461 0.08173076923076923
0 0.3401442307692308 0.8533653846153846 0.052884615384615384 0.02403846153846154
0 0.3942307692307692 0.8221153846153846 0.0625 0.07692307692307693
0 0.4495192307692308 0.8197115384615384 0.057692307692307696 0.0625
0 0.5024038461538461 0.8149038461538461 0.052884615384615384 0.0625
0 0.5516826923076923 0.8329326923076923 0.052884615384615384 0.036057692307692304
0 0.6045673076923077 0.8293269230769231 0.040865384615384616 0.03125
0 0.6526442307692307 0.8016826923076923 0.038461538461538464 0.057692307692307696
0 0.6947115384615384 0.796875 0.038461538461538464 0.057692307692307696
0 0.7355769230769231 0.7932692307692307 0.04326923076923077 0.0625
0 0.7776442307692307 0.7884615384615384 0.03365384615384615 0.0625
0 0.8125 0.7836538461538461 0.03365384615384615 0.0625
0 0.8473557692307693 0.7836538461538461 0.03365384615384615 0.0625
0 0.8846153846153846 0.7932692307692307 0.03125 0.019230769230769232
0 0.9206730769230769 0.7704326923076923 0.03365384615384615 0.057692307692307696
0 0.953125 0.765625 0.02403846153846154 0.04807692307692308
0 0.9807692307692307 0.765625 0.03125 0.04807692307692308
0 0.09495192307692307 0.9278846153846154 0.08173076923076923 0.10336538461538461
0 0.171875 0.9206730769230769 0.07451923076923077 0.09615384615384616
0 0.24278846153846154 0.9122596153846154 0.06971153846153846 0.09134615384615384
0 0.30649038461538464 0.9074519230769231 0.0673076923076923 0.10336538461538461
0 0.36899038461538464 0.8942307692307693 0.057692307692307696 0.09615384615384616
0 0.43028846153846156 0.8810096153846154 0.0673076923076923 0.09134615384615384
0 0.48677884615384615 0.8786057692307693 0.04807692307692308 0.07692307692307693
0 0.5372596153846154 0.8786057692307693 0.052884615384615384 0.08653846153846154
0 0.5901442307692307 0.8689903846153846 0.04807692307692308 0.07692307692307693
0 0.6346153846153846 0.8581730769230769 0.040865384615384616 0.07692307692307693
0 0.6778846153846154 0.8557692307692307 0.03365384615384615 0.0625
0 0.7199519230769231 0.8473557692307693 0.03365384615384615 0.0673076923076923
0 0.7584134615384616 0.8473557692307693 0.03365384615384615 0.0673076923076923
0 0.8028846153846154 0.8401442307692307 0.038461538461538464 0.0625
0 0.828125 0.8425480769230769 0.026442307692307692 0.057692307692307696
0 0.8605769230769231 0.8245192307692307 0.038461538461538464 0.0625
0 0.8990384615384616 0.8269230769230769 0.03125 0.04807692307692308
0 0.9302884615384616 0.8173076923076923 0.03125 0.04807692307692308
0 0.9627403846153846 0.8149038461538461 0.026442307692307692 0.052884615384615384
0 0.9879807692307693 0.8112980769230769 0.014423076923076924 0.057692307692307696
0 0.013221153846153846 0.9891826923076923 0.021634615384615384 0.016826923076923076
0 0.056490384615384616 0.9867788461538461 0.057692307692307696 0.02403846153846154
0 0.1310096153846154 0.9783653846153846 0.0889423076923077 0.038461538461538464
0 0.21153846153846154 0.9723557692307693 0.07692307692307693 0.05048076923076923
0 0.2776442307692308 0.9627403846153846 0.06971153846153846 0.06971153846153846
0 0.3401442307692308 0.9627403846153846 0.06490384615384616 0.06971153846153846
0 0.40625 0.9567307692307693 0.0673076923076923 0.08173076923076923
0 0.45913461538461536 0.9435096153846154 0.052884615384615384 0.09134615384615384
0 0.4807692307692308 0.9891826923076923 0.07211538461538461 0.019230769230769232
0 0.5504807692307693 0.9891826923076923 0.057692307692307696 0.019230769230769232
0 0.6033653846153846 0.9831730769230769 0.04807692307692308 0.028846153846153848
0 0.5168269230769231 0.9459134615384616 0.0625 0.0673076923076923
0 0.5697115384615384 0.9435096153846154 0.05048076923076923 0.0625
0 0.6201923076923077 0.9387019230769231 0.05048076923076923 0.08173076923076923
0 0.6646634615384616 0.9122596153846154 0.03125 0.052884615384615384
0 0.7007211538461539 0.9170673076923077 0.03365384615384615 0.08173076923076923
0 0.7391826923076923 0.9098557692307693 0.04326923076923077 0.07692307692307693
0 0.7836538461538461 0.9026442307692307 0.038461538461538464 0.07211538461538461
0 0.8245192307692307 0.8894230769230769 0.057692307692307696 0.07692307692307693
0 0.8786057692307693 0.8737980769230769 0.04326923076923077 0.0673076923076923
0 0.9206730769230769 0.8737980769230769 0.03365384615384615 0.0673076923076923
0 0.9555288461538461 0.8605769230769231 0.019230769230769232 0.040865384615384616
0 0.984375 0.8713942307692307 0.02403846153846154 0.052884615384615384
0 0.9771634615384616 0.9098557692307693 0.038461538461538464 0.0673076923076923
0 0.9423076923076923 0.9098557692307693 0.03125 0.057692307692307696
0 0.9050480769230769 0.9302884615384616 0.03365384615384615 0.0673076923076923
0 0.8629807692307693 0.9302884615384616 0.057692307692307696 0.07692307692307693
0 0.8088942307692307 0.9615384615384616 0.04326923076923077 0.0673076923076923
0 0.7596153846153846 0.9699519230769231 0.052884615384615384 0.055288461538461536
0 0.7151442307692307 0.9723557692307693 0.055288461538461536 0.05048076923076923
0 0.6622596153846154 0.9627403846153846 0.06009615384615385 0.06971153846153846
0 0.8377403846153846 0.9699519230769231 0.05048076923076923 0.055288461538461536
0 0.875 0.9807692307692307 0.028846153846153848 0.03365384615384615
0 0.9098557692307693 0.9807692307692307 0.036057692307692304 0.03365384615384615
0 0.9495192307692307 0.9591346153846154 0.052884615384615384 0.0625
0 0.9747596153846154 0.9831730769230769 0.04567307692307692 0.028846153846153848