0 0.9038461538461539 0.09134615384615384 0.18028846153846154 0.17307692307692307
0 0.7920673076923077 0.1141826923076923 0.12980769230769232 0.12740384615384615
0 0.8822115384615384 0.22235576923076922 0.125 0.125
0 0.9399038461538461 0.28365384615384615 0.052884615384615384 0.06490384615384616
0 0.8305288461538461 0.30408653846153844 0.07692307692307693 0.038461538461538464
0 0.8822115384615384 0.2980769230769231 0.04807692307692308 0.04326923076923077
0 0.7403846153846154 0.4891826923076923 0.06009615384615385 0.16346153846153846
0 0.7896634615384616 0.4362980769230769 0.08173076923076923 0.17307692307692307
0 0.8521634615384616 0.5060096153846154 0.08653846153846154 0.12980769230769232
0 0.9206730769230769 0.5841346153846154 0.09134615384615384 0.24519230769230768
0 0.9699519230769231 0.36899038461538464 0.04807692307692308 0.3894230769230769
0 0.7836538461538461 0.6177884615384616 0.16826923076923078 0.09615384615384616
0 0.7896634615384616 0.7019230769230769 0.16826923076923078 0.125
0 0.7271634615384616 0.5204326923076923 0.052884615384615384 0.08653846153846154
0 0.7512019230769231 0.47475961538461536 0.06009615384615385 0.10576923076923077
0 0.6586538461538461 0.25240384615384615 0.22355769230769232 0.0625
0 0.6201923076923077 0.18509615384615385 0.13701923076923078 0.22596153846153846
0 0.5408653846153846 0.09495192307692307 0.14182692307692307 0.18269230769230768
0 0.3713942307692308 0.17427884615384615 0.14182692307692307 0.15865384615384615
0 0.42908653846153844 0.13822115384615385 0.10336538461538461 0.10096153846153846
0 0.390625 0.08413461538461539 0.10336538461538461 0.05048076923076923
0 0.4206730769230769 0.038461538461538464 0.052884615384615384 0.052884615384615384
0 0.40384615384615385 0.22355769230769232 0.052884615384615384 0.038461538461538464
0 0.45913461538461536 0.19831730769230768 0.04326923076923077 0.04807692307692308
0 0.5192307692307693 0.19471153846153846 0.052884615384615384 0.052884615384615384
0 0.49399038461538464 0.23677884615384615 0.07211538461538461 0.036057692307692304
0 0.43149038461538464 0.28365384615384615 0.04326923076923077 0.04326923076923077
0 0.42908653846153844 0.24158653846153846 0.04807692307692308 0.052884615384615384
0 0.38822115384615385 0.25600961538461536 0.052884615384615384 0.038461538461538464
0 0.3737980769230769 0.2980769230769231 0.06009615384615385 0.05048076923076923
0 0.4182692307692308 0.3161057692307692 0.038461538461538464 0.014423076923076924
0 0.4230769230769231 0.34134615384615385 0.028846153846153848 0.036057692307692304
0 0.4891826923076923 0.28725961538461536 0.06009615384615385 0.04326923076923077
0 0.4699519230769231 0.33413461538461536 0.07692307692307693 0.057692307692307696
0 0.5240384615384616 0.3485576923076923 0.0673076923076923 0.05048076923076923
0 0.5492788461538461 0.2980769230769231 0.06009615384615385 0.04326923076923077
0 0.9014423076923077 0.78125 0.12980769230769232 0.10096153846153846
0 0.9423076923076923 0.7379807692307693 0.04807692307692308 0.036057692307692304
0 0.9567307692307693 0.7776442307692307 0.052884615384615384 0.04326923076923077
0 0.8112980769230769 0.8088942307692307 0.038461538461538464 0.052884615384615384
0 0.8389423076923077 0.8786057692307693 0.13701923076923078 0.0985576923076923
0 0.9230769230769231 0.9002403846153846 0.14423076923076922 0.19471153846153846
0 0.8137019230769231 0.9579326923076923 0.07692307692307693 0.052884615384615384
0 0.7151442307692307 0.9326923076923077 0.22355769230769232 0.12980769230769232
0 0.5432692307692307 0.8798076923076923 0.3269230769230769 0.23557692307692307
0 0.4423076923076923 0.765625 0.07692307692307693 0.07692307692307693
0 0.5276442307692307 0.7067307692307693 0.11538461538461539 0.07692307692307693
0 0.7295673076923077 0.7199519230769231 0.22355769230769232 0.16105769230769232
0 0.6033653846153846 0.5060096153846154 0.20192307692307693 0.24759615384615385
0 0.6478365384615384 0.3293269230769231 0.18028846153846154 0.09134615384615384
0 0.6117788461538461 0.3713942307692308 0.04326923076923077 0.036057692307692304
0 0.7463942307692307 0.12379807692307693 0.15865384615384615 0.22596153846153846
0 0.5408653846153846 0.5360576923076923 0.08653846153846154 0.0985576923076923
0 0.40625 0.9663461538461539 0.0625 0.0625
0 0.42908653846153844 0.6598557692307693 0.10336538461538461 0.1201923076923077
0 0.40384615384615385 0.546875 0.1201923076923077 0.11298076923076923
0 0.44591346153846156 0.4891826923076923 0.08173076923076923 0.04807692307692308
0 0.4723557692307692 0.43149038461538464 0.13701923076923078 0.0673076923076923
0 0.5060096153846154 0.4723557692307692 0.07211538461538461 0.09615384615384616
0 0.38822115384615385 0.3858173076923077 0.08653846153846154 0.04326923076923077
0 0.33653846153846156 0.4050480769230769 0.08173076923076923 0.0625
0 0.28365384615384615 0.40865384615384615 0.07692307692307693 0.0625
0 0.32572115384615385 0.2980769230769231 0.08173076923076923 0.07211538461538461
0 0.3389423076923077 0.2548076923076923 0.07692307692307693 0.036057692307692304
0 0.2620192307692308 0.25961538461538464 0.08653846153846154 0.038461538461538464
0 0.25721153846153844 0.19951923076923078 0.08653846153846154 0.06490384615384616
0 0.24879807692307693 0.14543269230769232 0.09134615384615384 0.05048076923076923
0 0.20432692307692307 0.11778846153846154 0.06009615384615385 0.052884615384615384
0 0.20192307692307693 0.06129807692307692 0.0673076923076923 0.057692307692307696
0 0.2920673076923077 0.07451923076923077 0.22355769230769232 0.14182692307692307
0 0.2536057692307692 0.9326923076923077 0.2620192307692308 0.12980769230769232
0 0.2956730769230769 0.9254807692307693 0.08653846153846154 0.055288461538461536
0 0.28966346153846156 0.8798076923076923 0.07692307692307693 0.05048076923076923
0 0.2127403846153846 0.8401442307692307 0.14182692307692307 0.10336538461538461
0 0.2536057692307692 0.6983173076923077 0.20192307692307693 0.20192307692307693
0 0.3557692307692308 0.7836538461538461 0.1201923076923077 0.09134615384615384
0 0.3173076923076923 0.84375 0.0673076923076923 0.036057692307692304
0 0.36899038461538464 0.8365384615384616 0.038461538461538464 0.036057692307692304
0 0.3713942307692308 0.7127403846153846 0.08653846153846154 0.06490384615384616
0 0.32211538461538464 0.6622596153846154 0.03365384615384615 0.028846153846153848
0 0.3581730769230769 0.6706730769230769 0.06009615384615385 0.02403846153846154
0 0.34134615384615385 0.625 0.10336538461538461 0.04326923076923077
0 0.30649038461538464 0.6057692307692307 0.052884615384615384 0.03365384615384615
0 0.3473557692307692 0.5817307692307693 0.06009615384615385 0.04326923076923077
0 0.31971153846153844 0.5252403846153846 0.07211538461538461 0.0673076923076923
0 0.34134615384615385 0.46875 0.16826923076923078 0.07211538461538461
0 0.34375 0.3449519230769231 0.14182692307692307 0.05048076923076923
0 0.24879807692307693 0.3076923076923077 0.08173076923076923 0.04807692307692308
0 0.11177884615384616 0.6706730769230769 0.08173076923076923 0.0673076923076923
0 0.10697115384615384 0.6165865384615384 0.07211538461538461 0.04807692307692308
0 0.18028846153846154 0.5985576923076923 0.0985576923076923 0.0673076923076923
0 0.14423076923076922 0.5540865384615384 0.09134615384615384 0.052884615384615384
0 0.10697115384615384 0.7307692307692307 0.06009615384615385 0.05048076923076923
0 0.1201923076923077 0.7932692307692307 0.0673076923076923 0.057692307692307696
0 0.08774038461538461 0.6658653846153846 0.11057692307692307 0.28365384615384615
0 0.027644230769230768 0.6742788461538461 0.052884615384615384 0.08413461538461539
0 0.051682692307692304 0.8329326923076923 0.06009615384615385 0.07451923076923077
0 0.07572115384615384 0.8918269230769231 0.1466346153846154 0.11538461538461539
0 0.05889423076923077 0.9711538461538461 0.09375 0.052884615384615384
0 0.006009615384615385 0.8401442307692307 0.009615384615384616 0.04326923076923077
0 0.015625 0.7704326923076923 0.026442307692307692 0.07451923076923077
0 0.01201923076923077 0.6201923076923077 0.019230769230769232 0.028846153846153848
0 0.026442307692307692 0.5925480769230769 0.04807692307692308 0.05048076923076923
0 0.036057692307692304 0.53125 0.04807692307692308 0.057692307692307696
0 0.2764423076923077 0.5324519230769231 0.08173076923076923 0.08413461538461539
0 0.25961538461538464 0.5709134615384616 0.06009615384615385 0.05048076923076923
0 0.3088942307692308 0.5288461538461539 0.06009615384615385 0.052884615384615384
0 0.19951923076923078 0.5108173076923077 0.10336538461538461 0.052884615384615384
0 0.19110576923076922 0.4543269230769231 0.08653846153846154 0.06490384615384616
0 0.24639423076923078 0.46033653846153844 0.0673076923076923 0.052884615384615384
0 0.18269230769230768 0.4050480769230769 0.07211538461538461 0.038461538461538464
0 0.1141826923076923 0.5024038461538461 0.052884615384615384 0.05048076923076923
0 0.0733173076923077 0.4963942307692308 0.038461538461538464 0.04807692307692308
0 0.03125 0.4723557692307692 0.057692307692307696 0.04567307692307692
0 0.02283653846153846 0.4230769230769231 0.040865384615384616 0.07211538461538461
0 0.016826923076923076 0.3581730769230769 0.03365384615384615 0.052884615384615384
0 0.009615384615384616 0.31850961538461536 0.014423076923076924 0.026442307692307692
0 0.015625 0.27283653846153844 0.026442307692307692 0.055288461538461536
0 0.015625 0.22596153846153846 0.026442307692307692 0.03365384615384615
0 0.016826923076923076 0.19591346153846154 0.03365384615384615 0.014423076923076924
0 0.020432692307692308 0.14783653846153846 0.036057692307692304 0.07932692307692307
0 0.07091346153846154 0.03245192307692308 0.0673076923076923 0.04326923076923077
0 0.054086538461538464 0.08173076923076923 0.07692307692307693 0.04807692307692308
0 0.10697115384615384 0.09975961538461539 0.08173076923076923 0.052884615384615384
0 0.1310096153846154 0.03125 0.07692307692307693 0.052884615384615384
0 0.15264423076923078 0.09495192307692307 0.04326923076923077 0.057692307692307696
0 0.14423076923076922 0.05048076923076923 0.06009615384615385 0.04326923076923077
0 0.16346153846153846 0.13581730769230768 0.0673076923076923 0.0625
0 0.10697115384615384 0.14543269230769232 0.04807692307692308 0.028846153846153848
0 0.057692307692307696 0.14423076923076922 0.07211538461538461 0.0625
0 0.10697115384615384 0.20673076923076922 0.08173076923076923 0.06490384615384616
0 0.15264423076923078 0.18389423076923078 0.0985576923076923 0.038461538461538464
0 0.1935096153846154 0.22716346153846154 0.06009615384615385 0.038461538461538464
0 0.14783653846153846 0.23317307692307693 0.04326923076923077 0.04326923076923077
0 0.09254807692307693 0.265625 0.0673076923076923 0.05048076923076923
0 0.06009615384615385 0.22716346153846154 0.052884615384615384 0.038461538461538464
0 0.18629807692307693 0.2704326923076923 0.07692307692307693 0.038461538461538464
0 0.14423076923076922 0.28725961538461536 0.08173076923076923 0.04326923076923077
0 0.08413461538461539 0.3088942307692308 0.06009615384615385 0.05048076923076923
0 0.04326923076923077 0.2668269230769231 0.04326923076923077 0.038461538461538464
0 0.0733173076923077 0.36899038461538464 0.09134615384615384 0.07692307692307693
0 0.08774038461538461 0.4423076923076923 0.07692307692307693 0.0625
0 0.12259615384615384 0.4230769230769231 0.04807692307692308 0.052884615384615384
0 0.13701923076923078 0.3581730769230769 0.0673076923076923 0.052884615384615384
0 0.18870192307692307 0.33653846153846156 0.04807692307692308 0.04807692307692308
0 0.2403846153846154 0.3798076923076923 0.11057692307692307 0.08413461538461539
0 0.4987980769230769 0.5 0.9927884615384616 0.9951923076923077