0 0.7391826923076923 0.0625 0.1971153846153846 0.11538461538461539
0 0.9050480769230769 0.10096153846153846 0.1466346153846154 0.0985576923076923
0 0.8581730769230769 0.14182692307692307 0.12980769230769232 0.08653846153846154
0 0.9050480769230769 0.22235576923076922 0.11538461538461539 0.07211538461538461
0 0.9326923076923077 0.2980769230769231 0.12980769230769232 0.11538461538461539
0 0.7367788461538461 0.24639423076923078 0.09134615384615384 0.04807692307692308
0 0.8209134615384616 0.2932692307692308 0.08653846153846154 0.07692307692307693
0 0.7199519230769231 0.3161057692307692 0.10336538461538461 0.08413461538461539
0 0.7800480769230769 0.3762019230769231 0.125 0.07211538461538461
0 0.8581730769230769 0.36538461538461536 0.08653846153846154 0.07211538461538461
0 0.9483173076923077 0.38341346153846156 0.09134615384615384 0.09615384615384616
0 0.7391826923076923 0.15144230769230768 0.1201923076923077 0.06971153846153846
0 0.7848557692307693 0.21754807692307693 0.11538461538461539 0.0625
0 0.5757211538461539 0.04326923076923077 0.09615384615384616 0.0673076923076923
0 0.6189903846153846 0.1310096153846154 0.12980769230769232 0.08653846153846154
0 0.49399038461538464 0.02403846153846154 0.08653846153846154 0.038461538461538464
0 0.33413461538461536 0.140625 0.5048076923076923 0.27403846153846156
0 0.0733173076923077 0.16466346153846154 0.08173076923076923 0.04326923076923077
0 0.18509615384615385 0.21514423076923078 0.12980769230769232 0.08173076923076923
0 0.45072115384615385 0.3233173076923077 0.20673076923076922 0.17307692307692307
0 0.6141826923076923 0.24759615384615385 0.20673076923076922 0.14423076923076922
0 0.7391826923076923 0.4254807692307692 0.16346153846153846 0.06971153846153846
0 0.8185096153846154 0.44350961538461536 0.09134615384615384 0.0625
0 0.8918269230769231 0.4483173076923077 0.07692307692307693 0.07211538461538461
0 0.9603365384615384 0.42427884615384615 0.07451923076923077 0.06009615384615385
0 0.9567307692307693 0.4795673076923077 0.06490384615384616 0.04807692307692308
0 0.9242788461538461 0.5072115384615384 0.07692307692307693 0.08173076923076923
0 0.875 0.5492788461538461 0.12980769230769232 0.08413461538461539
0 0.7800480769230769 0.5096153846153846 0.09134615384615384 0.08413461538461539
0 0.6081730769230769 0.43028846153846156 0.25961538461538464 0.21153846153846154
0 0.5733173076923077 0.6081730769230769 0.23317307692307693 0.17307692307692307
0 0.7524038461538461 0.6165865384615384 0.11538461538461539 0.09615384615384616
0 0.6959134615384616 0.5396634615384616 0.14182692307692307 0.08173076923076923
0 0.6959134615384616 0.6646634615384616 0.06490384615384616 0.052884615384615384
0 0.8233173076923077 0.6081730769230769 0.04807692307692308 0.055288461538461536
0 0.3016826923076923 0.38100961538461536 0.34134615384615385 0.3605769230769231
0 0.07932692307692307 0.53125 0.1346153846153846 0.1346153846153846
0 0.06009615384615385 0.38341346153846156 0.10817307692307693 0.15384615384615385
0 0.07572115384615384 0.3245192307692308 0.14182692307692307 0.23317307692307693
0 0.45913461538461536 0.6790865384615384 0.1466346153846154 0.10096153846153846
0 0.5216346153846154 0.7848557692307693 0.18509615384615385 0.22596153846153846
0 0.8100961538461539 0.859375 0.17307692307692307 0.09134615384615384
0 0.7283653846153846 0.7932692307692307 0.1201923076923077 0.10576923076923077
0 0.6706730769230769 0.7403846153846154 0.15865384615384615 0.10096153846153846
0 0.6454326923076923 0.9507211538461539 0.15144230769230768 0.09375
0 0.7151442307692307 0.9110576923076923 0.2548076923076923 0.1201923076923077
0 0.8665865384615384 0.7475961538461539 0.21153846153846154 0.11538461538461539
0 0.8930288461538461 0.6754807692307693 0.2091346153846154 0.1201923076923077
0 0.9411057692307693 0.5985576923076923 0.11298076923076923 0.11057692307692307
0 0.43149038461538464 0.8822115384615384 0.36778846153846156 0.23076923076923078
0 0.2956730769230769 0.7079326923076923 0.35336538461538464 0.13942307692307693
0 0.2824519230769231 0.5456730769230769 0.30288461538461536 0.22115384615384615
0 0.08653846153846154 0.7079326923076923 0.16346153846153846 0.20432692307692307
0 0.17908653846153846 0.9567307692307693 0.1658653846153846 0.08173076923076923
0 0.12259615384615384 0.8954326923076923 0.22115384615384615 0.14182692307692307
0 0.04927884615384615 0.9675480769230769 0.0889423076923077 0.06009615384615385
0 0.07091346153846154 0.8088942307692307 0.12980769230769232 0.08413461538461539