0 0.8269230769230769 0.32091346153846156 0.2644230769230769 0.21634615384615385
0 0.5444711538461539 0.0733173076923077 0.1778846153846154 0.11298076923076923
0 0.4074519230769231 0.04807692307692308 0.32211538461538464 0.09134615384615384
0 0.17668269230769232 0.1346153846153846 0.30528846153846156 0.21634615384615385
0 0.11658653846153846 0.09615384615384616 0.22115384615384615 0.1875
0 0.5060096153846154 0.1971153846153846 0.37740384615384615 0.2548076923076923
0 0.7512019230769231 0.19591346153846154 0.46153846153846156 0.17307692307692307
0 0.7608173076923077 0.09975961538461539 0.3605769230769231 0.19230769230769232
0 0.7908653846153846 0.04807692307692308 0.2403846153846154 0.09134615384615384
0 0.9146634615384616 0.09495192307692307 0.1658653846153846 0.17067307692307693
0 0.6947115384615384 0.5576923076923077 0.22596153846153846 0.15865384615384615
0 0.4675480769230769 0.5432692307692307 0.19230769230769232 0.1346153846153846
0 0.3557692307692308 0.5877403846153846 0.18509615384615385 0.15384615384615385
0 0.2127403846153846 0.7079326923076923 0.22115384615384615 0.25961538461538464
0 0.19471153846153846 0.5396634615384616 0.2091346153846154 0.12980769230769232
0 0.23076923076923078 0.453125 0.0673076923076923 0.057692307692307696
0 0.27283653846153844 0.44711538461538464 0.052884615384615384 0.04807692307692308
0 0.3112980769230769 0.42908653846153844 0.08413461538461539 0.04807692307692308
0 0.22115384615384615 0.3954326923076923 0.08413461538461539 0.06009615384615385
0 0.25721153846153844 0.3401442307692308 0.07211538461538461 0.0625
0 0.29927884615384615 0.3786057692307692 0.07211538461538461 0.038461538461538464
0 0.3173076923076923 0.3269230769230769 0.08413461538461539 0.057692307692307696
0 0.41346153846153844 0.3004807692307692 0.16826923076923078 0.16346153846153846
0 0.35336538461538464 0.4519230769230769 0.21634615384615385 0.13942307692307693
0 0.5120192307692307 0.3737980769230769 0.18509615384615385 0.15625
0 0.2848557692307692 0.27524038461538464 0.13942307692307693 0.0673076923076923
0 0.3329326923076923 0.22716346153846154 0.10096153846153846 0.057692307692307696
0 0.27884615384615385 0.17548076923076922 0.0673076923076923 0.04807692307692308
0 0.24519230769230768 0.20432692307692307 0.10817307692307693 0.0625
0 0.19110576923076922 0.2512019230769231 0.09615384615384616 0.057692307692307696
0 0.1502403846153846 0.296875 0.13221153846153846 0.06971153846153846
0 0.16466346153846154 0.3557692307692308 0.0673076923076923 0.038461538461538464
0 0.1045673076923077 0.3269230769230769 0.0673076923076923 0.04326923076923077
0 0.06850961538461539 0.40024038461538464 0.125 0.06971153846153846
0 0.038461538461538464 0.36538461538461536 0.0673076923076923 0.052884615384615384
0 0.038461538461538464 0.31009615384615385 0.0673076923076923 0.057692307692307696
0 0.05048076923076923 0.2644230769230769 0.07692307692307693 0.04326923076923077
0 0.6322115384615384 0.3389423076923077 0.0673076923076923 0.03365384615384615
0 0.6826923076923077 0.35336538461538464 0.06009615384615385 0.036057692307692304
0 0.6322115384615384 0.37740384615384615 0.07692307692307693 0.04326923076923077
0 0.7067307692307693 0.38822115384615385 0.07211538461538461 0.038461538461538464
0 0.6766826923076923 0.41586538461538464 0.07211538461538461 0.038461538461538464
0 0.65625 0.44350961538461536 0.0673076923076923 0.04326923076923077
0 0.5961538461538461 0.41586538461538464 0.0673076923076923 0.03365384615384615
0 0.578125 0.4483173076923077 0.052884615384615384 0.03365384615384615
0 0.5204326923076923 0.46033653846153844 0.06009615384615385 0.028846153846153848
0 0.8052884615384616 0.4170673076923077 0.07692307692307693 0.028846153846153848
0 0.7451923076923077 0.4362980769230769 0.0673076923076923 0.036057692307692304
0 0.8112980769230769 0.44471153846153844 0.052884615384615384 0.026442307692307692
0 0.7692307692307693 0.4723557692307692 0.0673076923076923 0.03365384615384615
0 0.8617788461538461 0.4639423076923077 0.06009615384615385 0.02403846153846154
0 0.8858173076923077 0.45072115384615385 0.06009615384615385 0.028846153846153848
0 0.8269230769230769 0.49158653846153844 0.04807692307692308 0.026442307692307692
0 0.8713942307692307 0.49278846153846156 0.052884615384615384 0.02403846153846154
0 0.9074519230769231 0.47716346153846156 0.052884615384615384 0.028846153846153848
0 0.9435096153846154 0.4651442307692308 0.052884615384615384 0.026442307692307692
0 0.9338942307692307 0.4879807692307692 0.036057692307692304 0.019230769230769232
0 0.9278846153846154 0.5168269230769231 0.02403846153846154 0.016826923076923076
0 0.8798076923076923 0.5144230769230769 0.06009615384615385 0.019230769230769232
0 0.8293269230769231 0.5168269230769231 0.052884615384615384 0.02403846153846154
0 0.8353365384615384 0.546875 0.052884615384615384 0.036057692307692304
0 0.8858173076923077 0.5420673076923077 0.06009615384615385 0.026442307692307692
0 0.8774038461538461 0.5612980769230769 0.052884615384615384 0.019230769230769232
0 0.9651442307692307 0.5649038461538461 0.06490384615384616 0.17307692307692307
0 0.9747596153846154 0.43149038461538464 0.04567307692307692 0.10336538461538461
0 0.9627403846153846 0.3137019230769231 0.06971153846153846 0.22355769230769232
0 0.8473557692307693 0.5949519230769231 0.07692307692307693 0.03365384615384615
0 0.9074519230769231 0.5841346153846154 0.04326923076923077 0.03365384615384615
0 0.8377403846153846 0.6310096153846154 0.06009615384615385 0.038461538461538464
0 0.8978365384615384 0.6213942307692307 0.04807692307692308 0.03365384615384615
0 0.8798076923076923 0.6478365384615384 0.04807692307692308 0.026442307692307692
0 0.9435096153846154 0.6442307692307693 0.052884615384615384 0.019230769230769232
0 0.9495192307692307 0.6057692307692307 0.04326923076923077 0.028846153846153848
0 0.9134615384615384 0.6622596153846154 0.04326923076923077 0.028846153846153848
0 0.8858173076923077 0.6742788461538461 0.036057692307692304 0.019230769230769232
0 0.8473557692307693 0.6694711538461539 0.04326923076923077 0.028846153846153848
0 0.7788461538461539 0.7379807692307693 0.1778846153846154 0.22596153846153846
0 0.5865384615384616 0.6862980769230769 0.27403846153846156 0.14903846153846154
0 0.38341346153846156 0.7247596153846154 0.19230769230769232 0.1201923076923077
0 0.44591346153846156 0.7920673076923077 0.2091346153846154 0.09615384615384616
0 0.46153846153846156 0.8834134615384616 0.21634615384615385 0.125
0 0.6346153846153846 0.8125 0.20192307692307693 0.12259615384615384
0 0.5829326923076923 0.9290865384615384 0.3918269230769231 0.13701923076923078
0 0.9266826923076923 0.7175480769230769 0.14182692307692307 0.1658653846153846
0 0.9627403846153846 0.859375 0.06971153846153846 0.15144230769230768
0 0.9519230769230769 0.9603365384615384 0.09134615384615384 0.07932692307692307
0 0.859375 0.8786057692307693 0.1658653846153846 0.23798076923076922
0 0.7728365384615384 0.875 0.07211538461538461 0.04326923076923077
0 0.1045673076923077 0.890625 0.1971153846153846 0.1201923076923077
0 0.08052884615384616 0.9555288461538461 0.15144230769230768 0.08413461538461539
0 0.3088942307692308 0.9699519230769231 0.07692307692307693 0.03365384615384615
0 0.23076923076923078 0.9771634615384616 0.07692307692307693 0.038461538461538464
0 0.2848557692307692 0.9939903846153846 0.04567307692307692 0.007211538461538462
0 0.3485576923076923 0.9879807692307693 0.08173076923076923 0.019230769230769232
0 0.1502403846153846 0.9819711538461539 0.07451923076923077 0.03125
0 0.24519230769230768 0.8269230769230769 0.21634615384615385 0.25961538461538464
0 0.16466346153846154 0.3918269230769231 0.052884615384615384 0.026442307692307692
0 0.15264423076923078 0.421875 0.04326923076923077 0.026442307692307692
0 0.15625 0.453125 0.04807692307692308 0.02403846153846154
0 0.20072115384615385 0.45552884615384615 0.028846153846153848 0.026442307692307692
0 0.1971153846153846 0.4879807692307692 0.036057692307692304 0.019230769230769232
0 0.16466346153846154 0.47836538461538464 0.028846153846153848 0.019230769230769232
0 0.15625 0.5120192307692307 0.036057692307692304 0.019230769230769232
0 0.13221153846153846 0.49278846153846156 0.036057692307692304 0.02403846153846154
0 0.1466346153846154 0.4567307692307692 0.04326923076923077 0.036057692307692304
0 0.0985576923076923 0.46033653846153844 0.04326923076923077 0.02403846153846154
0 0.08413461538461539 0.49038461538461536 0.06009615384615385 0.028846153846153848
0 0.06610576923076923 0.4519230769230769 0.04807692307692308 0.03365384615384615
0 0.026442307692307692 0.45072115384615385 0.04326923076923077 0.028846153846153848
0 0.02403846153846154 0.4735576923076923 0.036057692307692304 0.02403846153846154
0 0.02403846153846154 0.5 0.036057692307692304 0.016826923076923076
0 0.07211538461538461 0.5144230769230769 0.04807692307692308 0.026442307692307692
0 0.038461538461538464 0.5336538461538461 0.04326923076923077 0.028846153846153848
0 0.078125 0.5396634615384616 0.036057692307692304 0.016826923076923076
0 0.03245192307692308 0.5576923076923077 0.052884615384615384 0.019230769230769232
0 0.07451923076923077 0.5637019230769231 0.028846153846153848 0.02403846153846154
0 0.1141826923076923 0.5649038461538461 0.04807692307692308 0.026442307692307692
0 0.09014423076923077 0.5877403846153846 0.04807692307692308 0.026442307692307692
0 0.05048076923076923 0.5925480769230769 0.052884615384615384 0.028846153846153848
0 0.02403846153846154 0.5997596153846154 0.036057692307692304 0.028846153846153848
0 0.014423076923076924 0.578125 0.019230769230769232 0.026442307692307692
0 0.0625 0.625 0.04326923076923077 0.03365384615384615
0 0.030048076923076924 0.6310096153846154 0.04807692307692308 0.03365384615384615
0 0.0985576923076923 0.6225961538461539 0.052884615384615384 0.028846153846153848
0 0.1201923076923077 0.6045673076923077 0.04807692307692308 0.019230769230769232
0 0.17908653846153846 0.6081730769230769 0.04807692307692308 0.019230769230769232
0 0.17067307692307693 0.6346153846153846 0.0673076923076923 0.03365384615384615
0 0.17668269230769232 0.6598557692307693 0.028846153846153848 0.028846153846153848
0 0.13822115384615385 0.6646634615384616 0.04807692307692308 0.03365384615384615
0 0.13822115384615385 0.640625 0.02403846153846154 0.026442307692307692
0 0.09615384615384616 0.6694711538461539 0.036057692307692304 0.028846153846153848
0 0.140625 0.6694711538461539 0.04326923076923077 0.02403846153846154
0 0.1466346153846154 0.6923076923076923 0.028846153846153848 0.016826923076923076
0 0.11658653846153846 0.6947115384615384 0.028846153846153848 0.019230769230769232
0 0.030048076923076924 0.6646634615384616 0.04807692307692308 0.03365384615384615
0 0.056490384615384616 0.6658653846153846 0.019230769230769232 0.016826923076923076
0 0.04447115384615385 0.6911057692307693 0.04326923076923077 0.019230769230769232
0 0.018028846153846152 0.7115384615384616 0.02403846153846154 0.026442307692307692
0 0.05048076923076923 0.7271634615384616 0.0673076923076923 0.026442307692307692
0 0.04447115384615385 0.7079326923076923 0.028846153846153848 0.014423076923076924
0 0.08653846153846154 0.7139423076923077 0.04326923076923077 0.019230769230769232
0 0.12860576923076922 0.7295673076923077 0.04326923076923077 0.02403846153846154
0 0.1466346153846154 0.7043269230769231 0.04326923076923077 0.026442307692307692
0 0.08653846153846154 0.7403846153846154 0.052884615384615384 0.026442307692307692
0 0.09014423076923077 0.765625 0.04807692307692308 0.036057692307692304
0 0.036057692307692304 0.7560096153846154 0.06009615384615385 0.028846153846153848
0 0.06009615384615385 0.7776442307692307 0.036057692307692304 0.03365384615384615
0 0.02403846153846154 0.7956730769230769 0.036057692307692304 0.04326923076923077
0 0.04807692307692308 0.8028846153846154 0.02403846153846154 0.02403846153846154
0 0.09254807692307693 0.7956730769230769 0.052884615384615384 0.028846153846153848
0 0.07451923076923077 0.8245192307692307 0.04326923076923077 0.026442307692307692
0 0.036057692307692304 0.84375 0.04807692307692308 0.026442307692307692