0 0.7427884615384616 0.9050480769230769 0.27884615384615385 0.15865384615384615
0 0.5853365384615384 0.8413461538461539 0.31490384615384615 0.10096153846153846
0 0.9471153846153846 0.9651442307692307 0.10096153846153846 0.06490384615384616
0 0.953125 0.8161057692307693 0.08173076923076923 0.22115384615384615
0 0.7211538461538461 0.6057692307692307 0.3798076923076923 0.5480769230769231
0 0.5540865384615384 0.5216346153846154 0.3245192307692308 0.5336538461538461
0 0.24278846153846154 0.671875 0.24759615384615385 0.6394230769230769
0 0.42788461538461536 0.2932692307692308 0.41346153846153844 0.47836538461538464
0 0.2091346153846154 0.3918269230769231 0.4182692307692308 0.49038461538461536
0 0.18269230769230768 0.28725961538461536 0.2932692307692308 0.5673076923076923
0 0.36538461538461536 0.17427884615384615 0.10336538461538461 0.34134615384615385
0 0.5432692307692307 0.35697115384615385 0.22115384615384615 0.7067307692307693