0 0.18870192307692307 0.7211538461538461 0.04807692307692308 0.0625
0 0.171875 0.78125 0.057692307692307696 0.057692307692307696
0 0.21634615384615385 0.8064903846153846 0.04807692307692308 0.0673076923076923
0 0.22235576923076922 0.7475961538461539 0.026442307692307692 0.040865384615384616
0 0.2512019230769231 0.7451923076923077 0.038461538461538464 0.057692307692307696
0 0.2620192307692308 0.8149038461538461 0.04807692307692308 0.08173076923076923
0 0.30528846153846156 0.8016826923076923 0.04807692307692308 0.057692307692307696
0 0.2920673076923077 0.7427884615384616 0.05048076923076923 0.0625
0 0.2776442307692308 0.6887019230769231 0.03125 0.04807692307692308
0 0.32091346153846156 0.6887019230769231 0.04807692307692308 0.057692307692307696
0 0.34975961538461536 0.6550480769230769 0.04326923076923077 0.040865384615384616
0 0.35697115384615385 0.7007211538461539 0.026442307692307692 0.040865384615384616
0 0.36538461538461536 0.6081730769230769 0.04326923076923077 0.040865384615384616
0 0.38461538461538464 0.6550480769230769 0.03365384615384615 0.052884615384615384
0 0.4110576923076923 0.6189903846153846 0.03365384615384615 0.03125
0 0.4266826923076923 0.5901442307692307 0.03365384615384615 0.02403846153846154
0 0.44350961538461536 0.6286057692307693 0.04807692307692308 0.040865384615384616
0 0.41466346153846156 0.6550480769230769 0.03365384615384615 0.019230769230769232
0 0.46274038461538464 0.5973557692307693 0.038461538461538464 0.040865384615384616
0 0.49038461538461536 0.5829326923076923 0.038461538461538464 0.03125
0 0.5192307692307693 0.5673076923076923 0.04326923076923077 0.03125
0 0.5192307692307693 0.5336538461538461 0.026442307692307692 0.036057692307692304
0 0.5612980769230769 0.53125 0.05048076923076923 0.040865384615384616
0 0.6502403846153846 0.7680288461538461 0.0673076923076923 0.11298076923076923
0 0.6971153846153846 0.45913461538461536 0.03365384615384615 0.03125
0 0.7007211538461539 0.49278846153846156 0.03365384615384615 0.02403846153846154
0 0.6658653846153846 0.5108173076923077 0.05048076923076923 0.052884615384615384
0 0.6502403846153846 0.46634615384615385 0.03365384615384615 0.02403846153846154
0 0.7379807692307693 0.484375 0.04807692307692308 0.0625
0 0.3918269230769231 0.7608173076923077 0.1346153846153846 0.14903846153846154
0 0.3942307692307692 0.8918269230769231 0.12980769230769232 0.14423076923076922
0 0.5516826923076923 0.9435096153846154 0.16346153846153846 0.10336538461538461
0 0.5096153846153846 0.8221153846153846 0.1778846153846154 0.17067307692307693
0 0.6502403846153846 0.8990384615384616 0.11057692307692307 0.12980769230769232
0 0.5889423076923077 0.6370192307692307 0.09615384615384616 0.15865384615384615
0 0.6646634615384616 0.6310096153846154 0.12980769230769232 0.15865384615384615
0 0.7584134615384616 0.6670673076923077 0.0673076923076923 0.07692307692307693
0 0.7427884615384616 0.765625 0.11057692307692307 0.09615384615384616
0 0.7127403846153846 0.8149038461538461 0.057692307692307696 0.040865384615384616
0 0.28365384615384615 0.5564903846153846 0.057692307692307696 0.040865384615384616
0 0.22235576923076922 0.5829326923076923 0.0673076923076923 0.040865384615384616
0 0.34615384615384615 0.5432692307692307 0.05048076923076923 0.02403846153846154
0 0.30288461538461536 0.5793269230769231 0.07211538461538461 0.02403846153846154
0 0.2668269230769231 0.6237980769230769 0.03125 0.052884615384615384
0 0.1466346153846154 0.6033653846153846 0.052884615384615384 0.08173076923076923
0 0.06370192307692307 0.6370192307692307 0.1201923076923077 0.0673076923076923
0 0.06370192307692307 0.6850961538461539 0.1201923076923077 0.019230769230769232
0 0.09495192307692307 0.703125 0.1201923076923077 0.14903846153846154
0 0.20072115384615385 0.6490384615384616 0.08653846153846154 0.08173076923076923
0 0.23798076923076922 0.6670673076923077 0.05048076923076923 0.10817307692307693
0 0.8112980769230769 0.6935096153846154 0.052884615384615384 0.10817307692307693
0 0.7644230769230769 0.5925480769230769 0.06971153846153846 0.08173076923076923
0 0.7127403846153846 0.5540865384615384 0.0673076923076923 0.04807692307692308
0 0.8473557692307693 0.6033653846153846 0.09615384615384616 0.09134615384615384
0 0.7992788461538461 0.5360576923076923 0.06971153846153846 0.040865384615384616
0 0.7644230769230769 0.5612980769230769 0.0625 0.08173076923076923
0 0.4519230769230769 0.53125 0.0625 0.0625
0 0.4483173076923077 0.5588942307692307 0.0625 0.036057692307692304
0 0.4074519230769231 0.48677884615384615 0.0889423076923077 0.08653846153846154
0 0.3942307692307692 0.5228365384615384 0.052884615384615384 0.036057692307692304
0 0.3894230769230769 0.5516826923076923 0.03125 0.040865384615384616
0 0.47475961538461536 0.48677884615384615 0.07692307692307693 0.036057692307692304
0 0.34375 0.49278846153846156 0.04807692307692308 0.057692307692307696
0 0.31850961538461536 0.4951923076923077 0.04326923076923077 0.040865384615384616
0 0.2668269230769231 0.5 0.03125 0.03125
0 0.2548076923076923 0.5072115384615384 0.038461538461538464 0.04807692307692308
0 0.23918269230769232 0.5204326923076923 0.038461538461538464 0.052884615384615384
0 0.2127403846153846 0.5204326923076923 0.03125 0.040865384615384616
0 0.18389423076923078 0.5252403846153846 0.026442307692307692 0.03125
0 0.20072115384615385 0.5564903846153846 0.10096153846153846 0.03125
0 0.09495192307692307 0.5072115384615384 0.05048076923076923 0.10817307692307693
0 0.0733173076923077 0.5360576923076923 0.04807692307692308 0.052884615384615384
0 0.0889423076923077 0.4411057692307692 0.0625 0.04807692307692308
0 0.038461538461538464 0.4074519230769231 0.06971153846153846 0.052884615384615384
0 0.028846153846153848 0.3786057692307692 0.04326923076923077 0.036057692307692304
0 0.03245192307692308 0.5072115384615384 0.057692307692307696 0.1201923076923077
0 0.7704326923076923 0.42788461538461536 0.0889423076923077 0.11298076923076923
0 0.6983173076923077 0.3918269230769231 0.09134615384615384 0.10336538461538461
0 0.9399038461538461 0.5853365384615384 0.057692307692307696 0.04807692307692308
0 0.9074519230769231 0.5384615384615384 0.02403846153846154 0.014423076923076924
0 0.9591346153846154 0.5228365384615384 0.019230769230769232 0.014423076923076924
0 0.9735576923076923 0.5540865384615384 0.038461538461538464 0.036057692307692304
0 0.8064903846153846 0.46875 0.038461538461538464 0.040865384615384616
0 0.8401442307692307 0.47115384615384615 0.026442307692307692 0.036057692307692304
0 0.8461538461538461 0.43509615384615385 0.0625 0.036057692307692304
0 0.8762019230769231 0.46153846153846156 0.03125 0.036057692307692304
0 0.8786057692307693 0.49759615384615385 0.019230769230769232 0.036057692307692304
0 0.8942307692307693 0.49278846153846156 0.026442307692307692 0.02403846153846154
0 0.8413461538461539 0.5024038461538461 0.038461538461538464 0.014423076923076924
0 0.953125 0.453125 0.038461538461538464 0.03125
0 0.9290865384615384 0.46153846153846156 0.04326923076923077 0.036057692307692304
0 0.9627403846153846 0.43028846153846156 0.03365384615384615 0.02403846153846154
0 0.9459134615384616 0.4050480769230769 0.038461538461538464 0.036057692307692304
0 0.9170673076923077 0.4206730769230769 0.04326923076923077 0.04807692307692308
0 0.8605769230769231 0.41466346153846156 0.09134615384615384 0.036057692307692304
0 0.9831730769230769 0.4579326923076923 0.028846153846153848 0.06971153846153846
0 0.796875 0.31971153846153844 0.026442307692307692 0.03125
0 0.8245192307692307 0.3293269230769231 0.019230769230769232 0.052884615384615384
0 0.84375 0.3629807692307692 0.03365384615384615 0.057692307692307696
0 0.8798076923076923 0.3737980769230769 0.038461538461538464 0.04807692307692308
0 0.8882211538461539 0.3401442307692308 0.0625 0.052884615384615384
0 0.9266826923076923 0.31971153846153844 0.10096153846153846 0.07211538461538461
0 0.9867788461538461 0.3557692307692308 0.021634615384615384 0.04326923076923077
0 0.1778846153846154 0.46875 0.038461538461538464 0.052884615384615384
0 0.14903846153846154 0.49759615384615385 0.026442307692307692 0.04807692307692308
0 0.21634615384615385 0.4795673076923077 0.038461538461538464 0.03125
0 0.21634615384615385 0.4411057692307692 0.03125 0.036057692307692304
0 0.17548076923076922 0.43028846153846156 0.04326923076923077 0.02403846153846154
0 0.13701923076923078 0.47475961538461536 0.04326923076923077 0.0625
0 0.24759615384615385 0.4795673076923077 0.03125 0.03125
0 0.2824519230769231 0.47115384615384615 0.03125 0.04807692307692308
0 0.25841346153846156 0.45072115384615385 0.038461538461538464 0.036057692307692304
0 0.26802884615384615 0.41466346153846156 0.026442307692307692 0.02403846153846154
0 0.24519230769230768 0.4230769230769231 0.019230769230769232 0.019230769230769232
0 0.23557692307692307 0.41225961538461536 0.03125 0.03125
0 0.21754807692307693 0.3870192307692308 0.03365384615384615 0.03125
0 0.20673076923076922 0.41466346153846156 0.019230769230769232 0.02403846153846154
0 0.18389423076923078 0.3894230769230769 0.026442307692307692 0.057692307692307696
0 0.15985576923076922 0.3942307692307692 0.026442307692307692 0.04807692307692308
0 0.1310096153846154 0.4170673076923077 0.038461538461538464 0.0625
0 0.05048076923076923 0.35096153846153844 0.0625 0.03125
0 0.040865384615384616 0.3112980769230769 0.04326923076923077 0.036057692307692304
0 0.04447115384615385 0.26802884615384615 0.04326923076923077 0.03125
0 0.07932692307692307 0.30649038461538464 0.03365384615384615 0.02403846153846154
0 0.09615384615384616 0.3401442307692308 0.02403846153846154 0.03125
0 0.14423076923076922 0.3425480769230769 0.03365384615384615 0.036057692307692304
0 0.17908653846153846 0.35336538461538464 0.03365384615384615 0.014423076923076924
0 0.2127403846153846 0.3557692307692308 0.03125 0.03125
0 0.47115384615384615 0.4387019230769231 0.08653846153846154 0.0625
0 0.5168269230769231 0.46634615384615385 0.04807692307692308 0.07692307692307693
0 0.5480769230769231 0.4891826923076923 0.07692307692307693 0.040865384615384616
0 0.6298076923076923 0.49278846153846156 0.03125 0.04807692307692308
0 0.6009615384615384 0.5072115384615384 0.019230769230769232 0.014423076923076924
0 0.6021634615384616 0.45913461538461536 0.06971153846153846 0.0625
0 0.5661057692307693 0.4387019230769231 0.05048076923076923 0.0625
0 0.5372596153846154 0.4050480769230769 0.06971153846153846 0.04807692307692308
0 0.7920673076923077 0.3581730769230769 0.03125 0.036057692307692304
0 0.7608173076923077 0.3473557692307692 0.03125 0.04807692307692308
0 0.7415865384615384 0.3173076923076923 0.03125 0.04807692307692308
0 0.7127403846153846 0.3173076923076923 0.026442307692307692 0.04807692307692308
0 0.6850961538461539 0.30649038461538464 0.03365384615384615 0.04807692307692308
0 0.6658653846153846 0.296875 0.026442307692307692 0.057692307692307696
0 0.625 0.29927884615384615 0.014423076923076924 0.052884615384615384
0 0.6237980769230769 0.2548076923076923 0.01201923076923077 0.014423076923076924
0 0.5985576923076923 0.28365384615384615 0.04807692307692308 0.0625
0 0.7451923076923077 0.27884615384615385 0.06971153846153846 0.08173076923076923
0 0.7992788461538461 0.265625 0.03125 0.04807692307692308
0 0.46274038461538464 0.1778846153846154 0.10817307692307693 0.12980769230769232
0 0.2668269230769231 0.20072115384615385 0.07692307692307693 0.08173076923076923
0 0.27163461538461536 0.25721153846153844 0.0889423076923077 0.07211538461538461
0 0.31490384615384615 0.296875 0.07211538461538461 0.0673076923076923
0 0.23798076923076922 0.31490384615384615 0.019230769230769232 0.03125
0 0.2127403846153846 0.31490384615384615 0.02403846153846154 0.040865384615384616
0 0.18389423076923078 0.3088942307692308 0.03365384615384615 0.03125
0 0.2512019230769231 0.33774038461538464 0.038461538461538464 0.014423076923076924
0 0.20673076923076922 0.27283653846153844 0.03365384615384615 0.040865384615384616
0 0.16947115384615385 0.2704326923076923 0.038461538461538464 0.036057692307692304
0 0.15384615384615385 0.23197115384615385 0.038461538461538464 0.040865384615384616
0 0.3954326923076923 0.3870192307692308 0.0673076923076923 0.11298076923076923
0 0.33052884615384615 0.4230769230769231 0.09615384615384616 0.09134615384615384
0 0.33413461538461536 0.3581730769230769 0.11057692307692307 0.04807692307692308
0 0.2548076923076923 0.36538461538461536 0.052884615384615384 0.07211538461538461
0 0.6105769230769231 0.4026442307692308 0.038461538461538464 0.040865384615384616
0 0.5661057692307693 0.3581730769230769 0.057692307692307696 0.04807692307692308
0 0.5516826923076923 0.30649038461538464 0.02403846153846154 0.057692307692307696
0 0.5252403846153846 0.3173076923076923 0.02403846153846154 0.036057692307692304
0 0.5024038461538461 0.35096153846153844 0.038461538461538464 0.0625
0 0.47475961538461536 0.30408653846153844 0.02403846153846154 0.019230769230769232
0 0.4483173076923077 0.3088942307692308 0.03125 0.03125
0 0.42427884615384615 0.31971153846153844 0.02403846153846154 0.040865384615384616
0 0.47115384615384615 0.3329326923076923 0.014423076923076924 0.014423076923076924
0 0.4651442307692308 0.3581730769230769 0.026442307692307692 0.02403846153846154
0 0.44350961538461536 0.3473557692307692 0.03125 0.036057692307692304
0 0.5024038461538461 0.25721153846153844 0.03125 0.040865384615384616
0 0.47716346153846156 0.24759615384615385 0.019230769230769232 0.03125
0 0.45552884615384615 0.22956730769230768 0.02403846153846154 0.02403846153846154
0 0.44350961538461536 0.24759615384615385 0.03125 0.040865384615384616
0 0.47115384615384615 0.27524038461538464 0.038461538461538464 0.036057692307692304
0 0.37259615384615385 0.23918269230769232 0.08173076923076923 0.08653846153846154
0 0.5793269230769231 0.21634615384615385 0.10817307692307693 0.07211538461538461
0 0.6838942307692307 0.21153846153846154 0.052884615384615384 0.07211538461538461
0 0.9807692307692307 0.6971153846153846 0.03365384615384615 0.0673076923076923
2 0.7487980769230769 0.11057692307692307 0.014423076923076924 0.07692307692307693
2 0.7668269230769231 0.11298076923076923 0.019230769230769232 0.08173076923076923
2 0.7860576923076923 0.10817307692307693 0.019230769230769232 0.07211538461538461
2 0.8064903846153846 0.11538461538461539 0.02403846153846154 0.04807692307692308