0 0.39903846153846156 0.17908653846153846 0.18028846153846154 0.21153846153846154
0 0.5757211538461539 0.2764423076923077 0.10096153846153846 0.44711538461538464
0 0.7860576923076923 0.1814903846153846 0.2644230769230769 0.22355769230769232
0 0.8365384615384616 0.4026442307692308 0.15384615384615385 0.15144230769230768
0 0.6286057692307693 0.640625 0.29086538461538464 0.20192307692307693
0 0.6262019230769231 0.8665865384615384 0.22115384615384615 0.17307692307692307
0 0.8545673076923077 0.7223557692307693 0.18028846153846154 0.4519230769230769
0 0.3245192307692308 0.5492788461538461 0.2644230769230769 0.4014423076923077
0 0.15264423076923078 0.21153846153846154 0.22115384615384615 0.2764423076923077
0 0.1658653846153846 0.5324519230769231 0.23076923076923078 0.23557692307692307
0 0.14543269230769232 0.8473557692307693 0.16105769230769232 0.18509615384615385
0 0.3798076923076923 0.8617788461538461 0.1875 0.17307692307692307