0 0.9326923076923077 0.05048076923076923 0.12980769230769232 0.09615384615384616
0 0.5096153846153846 0.016826923076923076 0.09615384615384616 0.028846153846153848
0 0.49278846153846156 0.11057692307692307 0.06009615384615385 0.055288461538461536
0 0.42908653846153844 0.13822115384615385 0.07692307692307693 0.07211538461538461
0 0.3713942307692308 0.18509615384615385 0.11057692307692307 0.07211538461538461
0 0.7367788461538461 0.1201923076923077 0.14423076923076922 0.11538461538461539
0 0.6430288461538461 0.13822115384615385 0.10096153846153846 0.07932692307692307
0 0.640625 0.2247596153846154 0.10576923076923077 0.09615384615384616
0 0.7211538461538461 0.31490384615384615 0.1346153846153846 0.09615384615384616
0 0.7439903846153846 0.24158653846153846 0.09134615384615384 0.07451923076923077
0 0.5649038461538461 0.2848557692307692 0.15625 0.0985576923076923
0 0.5372596153846154 0.38822115384615385 0.13942307692307693 0.10576923076923077
0 0.6610576923076923 0.37740384615384615 0.11538461538461539 0.11057692307692307
0 0.7259615384615384 0.44471153846153844 0.09615384615384616 0.055288461538461536
0 0.8016826923076923 0.3918269230769231 0.09615384615384616 0.11538461538461539
0 0.5396634615384616 0.234375 0.125 0.07451923076923077
0 0.4675480769230769 0.265625 0.10096153846153846 0.07451923076923077
0 0.46274038461538464 0.33653846153846156 0.11057692307692307 0.08173076923076923
0 0.2764423076923077 0.3942307692307692 0.11057692307692307 0.10096153846153846
0 0.37740384615384615 0.37740384615384615 0.10096153846153846 0.07211538461538461
0 0.41466346153846156 0.4266826923076923 0.125 0.07451923076923077
0 0.4951923076923077 0.47836538461538464 0.125 0.09134615384615384
0 0.4050480769230769 0.5685096153846154 0.11538461538461539 0.08173076923076923
0 0.46033653846153844 0.6358173076923077 0.10576923076923077 0.08173076923076923
0 0.4879807692307692 0.5733173076923077 0.07211538461538461 0.0673076923076923
0 0.3245192307692308 0.5 0.09615384615384616 0.09615384615384616
0 0.203125 0.46875 0.11538461538461539 0.07932692307692307
0 0.1658653846153846 0.5240384615384616 0.09134615384615384 0.055288461538461536
0 0.24879807692307693 0.5865384615384616 0.09615384615384616 0.0625
0 0.36177884615384615 0.734375 0.3125 0.2644230769230769
0 0.7211538461538461 0.6478365384615384 0.46634615384615385 0.40384615384615385
0 0.8413461538461539 0.8557692307692307 0.11538461538461539 0.06009615384615385
0 0.9050480769230769 0.7932692307692307 0.06009615384615385 0.08173076923076923
0 0.9074519230769231 0.8617788461538461 0.055288461538461536 0.04807692307692308
0 0.28846153846153844 0.3449519230769231 0.3269230769230769 0.23076923076923078
0 0.5877403846153846 0.002403846153846154 0.05048076923076923 0.004807692307692308
0 0.49278846153846156 0.8293269230769231 0.5721153846153846 0.33413461538461536