0 0.4423076923076923 0.3713942307692308 0.21153846153846154 0.3269230769230769
0 0.47475961538461536 0.6033653846153846 0.11538461538461539 0.27884615384615385
0 0.4026442307692308 0.7620192307692307 0.07932692307692307 0.4423076923076923
0 0.34375 0.7536057692307693 0.057692307692307696 0.14182692307692307
0 0.2956730769230769 0.7043269230769231 0.0625 0.20673076923076922
0 0.2403846153846154 0.8605769230769231 0.10576923076923077 0.15865384615384615
0 0.22115384615384615 0.7704326923076923 0.09375 0.1201923076923077
0 0.22956730769230768 0.6478365384615384 0.0625 0.16826923076923078
0 0.2644230769230769 0.5324519230769231 0.07932692307692307 0.13701923076923078
0 0.22956730769230768 0.4375 0.12740384615384615 0.3076923076923077
0 0.35096153846153844 0.20432692307692307 0.21153846153846154 0.16826923076923078
0 0.5600961538461539 0.18870192307692307 0.14903846153846154 0.18028846153846154
0 0.65625 0.16706730769230768 0.12259615384615384 0.11538461538461539
0 0.6778846153846154 0.3088942307692308 0.28365384615384615 0.20192307692307693
0 0.921875 0.39783653846153844 0.15144230769230768 0.27163461538461536
0 0.7992788461538461 0.3473557692307692 0.14903846153846154 0.18028846153846154
0 0.7932692307692307 0.4639423076923077 0.09375 0.15384615384615385
0 0.7331730769230769 0.39302884615384615 0.09615384615384616 0.12980769230769232
0 0.6971153846153846 0.5661057692307693 0.19951923076923078 0.19230769230769232
0 0.6033653846153846 0.4891826923076923 0.1346153846153846 0.15865384615384615
0 0.5528846153846154 0.6370192307692307 0.09134615384615384 0.13701923076923078
0 0.6382211538461539 0.7211538461538461 0.14423076923076922 0.15384615384615385
0 0.5456730769230769 0.8365384615384616 0.23557692307692307 0.28365384615384615
0 0.4795673076923077 0.9158653846153846 0.07692307692307693 0.15865384615384615
0 0.5540865384615384 0.953125 0.08653846153846154 0.08173076923076923
0 0.7331730769230769 0.8822115384615384 0.18509615384615385 0.22355769230769232
0 0.8810096153846154 0.9338942307692307 0.11538461538461539 0.11057692307692307
0 0.9170673076923077 0.8137019230769231 0.11538461538461539 0.16346153846153846
0 0.8882211538461539 0.6117788461538461 0.18269230769230768 0.2956730769230769
0 0.9735576923076923 0.6610576923076923 0.04807692307692308 0.2548076923076923