0 0.1935096153846154 0.2668269230769231 0.3173076923076923 0.1971153846153846
0 0.14302884615384615 0.09615384615384616 0.2668269230769231 0.18509615384615385
0 0.03245192307692308 0.03245192307692308 0.052884615384615384 0.057692307692307696
0 0.21754807692307693 0.40384615384615385 0.4254807692307692 0.2548076923076923
0 0.20552884615384615 0.5180288461538461 0.4014423076923077 0.2644230769230769
0 0.8858173076923077 0.5300480769230769 0.13942307692307693 0.11298076923076923
0 0.8425480769230769 0.07572115384615384 0.31009615384615385 0.14182692307692307
0 0.8617788461538461 0.6646634615384616 0.13942307692307693 0.18990384615384615
0 0.6706730769230769 0.9747596153846154 0.22596153846153846 0.04567307692307692
0 0.9543269230769231 0.953125 0.08653846153846154 0.09375
0 0.8521634615384616 0.8834134615384616 0.29086538461538464 0.23317307692307693
0 0.7752403846153846 0.9338942307692307 0.1346153846153846 0.10817307692307693
0 0.703125 0.7223557692307693 0.14903846153846154 0.3605769230769231
0 0.5865384615384616 0.5 0.19230769230769232 0.1875
0 0.6262019230769231 0.33533653846153844 0.07451923076923077 0.125
0 0.6754807692307693 0.12259615384615384 0.03365384615384615 0.11538461538461539
0 0.5048076923076923 0.46033653846153844 0.1971153846153846 0.14903846153846154
0 0.4387019230769231 0.578125 0.10336538461538461 0.0889423076923077
0 0.4855769230769231 0.6081730769230769 0.057692307692307696 0.04326923076923077
0 0.5276442307692307 0.6346153846153846 0.052884615384615384 0.0625
0 0.9591346153846154 0.5853365384615384 0.07692307692307693 0.09375
0 0.18028846153846154 0.640625 0.125 0.125
0 0.3016826923076923 0.7367788461538461 0.0889423076923077 0.08413461538461539
0 0.359375 0.6911057692307693 0.06490384615384616 0.08173076923076923
0 0.27283653846153844 0.6502403846153846 0.0985576923076923 0.057692307692307696
0 0.08173076923076923 0.6646634615384616 0.052884615384615384 0.10817307692307693
0 0.042067307692307696 0.65625 0.07451923076923077 0.13221153846153846
0 0.2127403846153846 0.8149038461538461 0.07932692307692307 0.08173076923076923
0 0.23798076923076922 0.8473557692307693 0.057692307692307696 0.06490384615384616
0 0.19591346153846154 0.7391826923076923 0.10336538461538461 0.08173076923076923
0 0.16105769230769232 0.9278846153846154 0.32211538461538464 0.13942307692307693
0 0.13341346153846154 0.7608173076923077 0.25721153846153844 0.2548076923076923
0 0.07451923076923077 0.6129807692307693 0.13942307692307693 0.16346153846153846
0 0.4206730769230769 0.203125 0.04807692307692308 0.06009615384615385
0 0.4182692307692308 0.1502403846153846 0.052884615384615384 0.04326923076923077
0 0.4411057692307692 0.11899038461538461 0.057692307692307696 0.04326923076923077
0 0.4182692307692308 0.09254807692307693 0.03365384615384615 0.03365384615384615
0 0.39903846153846156 0.10096153846153846 0.03365384615384615 0.04807692307692308
0 0.3858173076923077 0.13822115384615385 0.019230769230769232 0.028846153846153848
0 0.4014423076923077 0.05048076923076923 0.038461538461538464 0.04326923076923077
0 0.4254807692307692 0.038461538461538464 0.038461538461538464 0.036057692307692304
0 0.46033653846153844 0.04567307692307692 0.04807692307692308 0.04326923076923077
0 0.5096153846153846 0.06009615384615385 0.057692307692307696 0.04807692307692308
0 0.5072115384615384 0.018028846153846152 0.052884615384615384 0.028846153846153848
0 0.5252403846153846 0.0889423076923077 0.06971153846153846 0.038461538461538464
0 0.45552884615384615 0.08052884615384616 0.057692307692307696 0.03365384615384615
0 0.4855769230769231 0.11057692307692307 0.028846153846153848 0.028846153846153848
0 0.5120192307692307 0.13822115384615385 0.04326923076923077 0.04326923076923077
0 0.5492788461538461 0.038461538461538464 0.04807692307692308 0.036057692307692304
0 0.5540865384615384 0.014423076923076924 0.028846153846153848 0.019230769230769232
0 0.5889423076923077 0.014423076923076924 0.019230769230769232 0.019230769230769232
0 0.5889423076923077 0.05048076923076923 0.057692307692307696 0.036057692307692304
0 0.6334134615384616 0.08173076923076923 0.04807692307692308 0.04326923076923077
0 0.6165865384615384 0.0985576923076923 0.04326923076923077 0.036057692307692304
0 0.5721153846153846 0.08413461538461539 0.052884615384615384 0.038461538461538464
0 0.5564903846153846 0.13221153846153846 0.03365384615384615 0.04807692307692308
0 0.5913461538461539 0.12860576923076922 0.02403846153846154 0.03365384615384615
0 0.6213942307692307 0.140625 0.04326923076923077 0.038461538461538464
0 0.6237980769230769 0.16706730769230768 0.038461538461538464 0.028846153846153848
0 0.5769230769230769 0.16466346153846154 0.04326923076923077 0.038461538461538464
0 0.546875 0.16466346153846154 0.03365384615384615 0.03365384615384615
0 0.4807692307692308 0.17307692307692307 0.06971153846153846 0.04807692307692308
0 0.4675480769230769 0.203125 0.04326923076923077 0.036057692307692304
0 0.5096153846153846 0.19230769230769232 0.04807692307692308 0.038461538461538464
0 0.546875 0.19831730769230768 0.04326923076923077 0.036057692307692304
0 0.5865384615384616 0.2091346153846154 0.06490384615384616 0.057692307692307696
0 0.5745192307692307 0.2512019230769231 0.038461538461538464 0.036057692307692304
0 0.6141826923076923 0.22716346153846154 0.038461538461538464 0.036057692307692304
0 0.5985576923076923 0.27283653846153844 0.038461538461538464 0.038461538461538464
0 0.5649038461538461 0.28365384615384615 0.038461538461538464 0.04326923076923077
0 0.546875 0.3233173076923077 0.052884615384615384 0.04326923076923077
0 0.5372596153846154 0.34975961538461536 0.06490384615384616 0.038461538461538464
0 0.5492788461538461 0.3737980769230769 0.057692307692307696 0.03365384615384615
0 0.47716346153846156 0.34375 0.06490384615384616 0.052884615384615384
0 0.44591346153846156 0.3173076923076923 0.038461538461538464 0.03365384615384615
0 0.4723557692307692 0.2956730769230769 0.052884615384615384 0.036057692307692304
0 0.5 0.25721153846153844 0.038461538461538464 0.038461538461538464
0 0.5300480769230769 0.24278846153846154 0.057692307692307696 0.052884615384615384
0 0.45072115384615385 0.24879807692307693 0.057692307692307696 0.04807692307692308
0 0.4831730769230769 0.8329326923076923 0.125 0.3317307692307692
0 0.40024038461538464 0.8653846153846154 0.07451923076923077 0.2644230769230769
0 0.8461538461538461 0.3173076923076923 0.16826923076923078 0.37740384615384615