0 0.14302884615384615 0.23197115384615385 0.27884615384615385 0.30528846153846156
0 0.17908653846153846 0.38461538461538464 0.35096153846153844 0.5264423076923077
0 0.14182692307692307 0.5420673076923077 0.1778846153846154 0.2932692307692308
0 0.030048076923076924 0.36538461538461536 0.052884615384615384 0.25961538461538464
0 0.0733173076923077 0.5889423076923077 0.13942307692307693 0.5480769230769231
0 0.21754807692307693 0.8185096153846154 0.18509615384615385 0.2692307692307692
0 0.07932692307692307 0.9074519230769231 0.15144230769230768 0.17307692307692307
0 0.11298076923076923 0.9627403846153846 0.21875 0.07211538461538461
0 0.33533653846153844 0.9302884615384616 0.19471153846153846 0.1346153846153846
0 0.4074519230769231 0.75 0.1971153846153846 0.25961538461538464
0 0.38100961538461536 0.6394230769230769 0.21153846153846154 0.22596153846153846
0 0.38100961538461536 0.3786057692307692 0.25 0.34615384615384615
0 0.42427884615384615 0.23197115384615385 0.33653846153846156 0.3173076923076923
0 0.44350961538461536 0.10216346153846154 0.22115384615384615 0.04807692307692308
0 0.6334134615384616 0.19230769230769232 0.1346153846153846 0.17307692307692307
0 0.765625 0.14783653846153846 0.46634615384615385 0.125
0 0.8112980769230769 0.3293269230769231 0.1875 0.24759615384615385
0 0.7079326923076923 0.3581730769230769 0.10096153846153846 0.14903846153846154
0 0.6454326923076923 0.33653846153846156 0.1201923076923077 0.25240384615384615
0 0.7043269230769231 0.47836538461538464 0.125 0.13701923076923078
0 0.90625 0.47115384615384615 0.18269230769230768 0.34615384615384615
0 0.9495192307692307 0.3473557692307692 0.09615384615384616 0.2956730769230769
0 0.9302884615384616 0.4423076923076923 0.125 0.19951923076923078
0 0.9326923076923077 0.6610576923076923 0.12980769230769232 0.3125
0 0.8016826923076923 0.6574519230769231 0.3125 0.5576923076923077
0 0.6225961538461539 0.6418269230769231 0.2548076923076923 0.3798076923076923
0 0.5240384615384616 0.4579326923076923 0.1201923076923077 0.125
0 0.8137019230769231 0.9543269230769231 0.19471153846153846 0.08653846153846154
0 0.8774038461538461 0.8689903846153846 0.057692307692307696 0.125
0 0.9723557692307693 0.7740384615384616 0.05048076923076923 0.12980769230769232
0 0.5528846153846154 0.8689903846153846 0.18509615384615385 0.23076923076923078
0 0.4074519230769231 0.7451923076923077 0.1971153846153846 0.24759615384615385
0 0.43149038461538464 0.9278846153846154 0.15625 0.13942307692307693
0 0.3713942307692308 0.9278846153846154 0.11298076923076923 0.13942307692307693
0 0.6262019230769231 0.9567307692307693 0.25721153846153844 0.08173076923076923
0 0.5 0.5348557692307693 0.9951923076923077 0.9254807692307693