0 0.43149038461538464 0.5108173076923077 0.23557692307692307 0.3557692307692308
0 0.6177884615384616 0.7295673076923077 0.20192307692307693 0.32211538461538464
0 0.8581730769230769 0.5985576923076923 0.18269230769230768 0.25721153846153844
0 0.9399038461538461 0.33653846153846156 0.11298076923076923 0.4519230769230769
0 0.78125 0.3858173076923077 0.12980769230769232 0.2692307692307692
0 0.9795673076923077 0.28365384615384615 0.03365384615384615 0.16346153846153846
0 0.8125 0.13701923076923078 0.10576923076923077 0.27403846153846156
0 0.8088942307692307 0.31009615384615385 0.3485576923076923 0.6153846153846154
0 0.4254807692307692 0.8413461538461539 0.0889423076923077 0.3076923076923077
0 0.5144230769230769 0.8930288461538461 0.07692307692307693 0.20192307692307693
0 0.7163461538461539 0.8413461538461539 0.21875 0.3076923076923077
0 0.578125 0.3605769230769231 0.1466346153846154 0.3389423076923077
0 0.6117788461538461 0.11057692307692307 0.18028846153846154 0.21634615384615385
0 0.6490384615384616 0.020432692307692308 0.11538461538461539 0.036057692307692304
0 0.43028846153846156 0.1814903846153846 0.20192307692307693 0.3581730769230769
3 0.6177884615384616 0.49759615384615385 0.7548076923076923 0.9951923076923077