0 0.28125 0.578125 0.4639423076923077 0.34134615384615385
0 0.5540865384615384 0.8257211538461539 0.6923076923076923 0.21875
0 0.6478365384615384 0.8341346153846154 0.5288461538461539 0.23798076923076922
0 0.8894230769230769 0.7199519230769231 0.21634615384615385 0.18990384615384615
0 0.6778846153846154 0.6213942307692307 0.49038461538461536 0.1875
0 0.6502403846153846 0.47115384615384615 0.6682692307692307 0.21634615384615385
0 0.43990384615384615 0.38221153846153844 0.5408653846153846 0.21875
0 0.328125 0.26322115384615385 0.6442307692307693 0.2932692307692308
0 0.3557692307692308 0.14182692307692307 0.5480769230769231 0.18269230769230768
0 0.7019230769230769 0.28365384615384615 0.3125 0.18269230769230768
0 0.9170673076923077 0.31490384615384615 0.16105769230769232 0.27403846153846156
0 0.9074519230769231 0.4074519230769231 0.14182692307692307 0.15384615384615385