0 0.7512019230769231 0.09014423076923077 0.10336538461538461 0.057692307692307696
0 0.828125 0.14302884615384615 0.08173076923076923 0.0625
0 0.78125 0.171875 0.0985576923076923 0.0673076923076923
0 0.7572115384615384 0.2403846153846154 0.14903846153846154 0.12740384615384615
0 0.7704326923076923 0.28125 0.0985576923076923 0.0673076923076923
0 0.8858173076923077 0.23317307692307693 0.16346153846153846 0.11057692307692307
0 0.9074519230769231 0.19230769230769232 0.0985576923076923 0.07211538461538461
0 0.8497596153846154 0.12860576923076922 0.15865384615384615 0.0673076923076923
0 0.9591346153846154 0.20673076923076922 0.07211538461538461 0.08653846153846154
0 0.9375 0.2668269230769231 0.11538461538461539 0.0625
0 0.8713942307692307 0.328125 0.24519230769230768 0.08173076923076923
0 0.9314903846153846 0.3545673076923077 0.07211538461538461 0.057692307692307696
0 0.9290865384615384 0.4170673076923077 0.12980769230769232 0.1875
0 0.8858173076923077 0.4495192307692308 0.15384615384615385 0.14423076923076922
0 0.7920673076923077 0.44350961538461536 0.12980769230769232 0.11057692307692307
0 0.6802884615384616 0.4675480769230769 0.09134615384615384 0.10817307692307693
0 0.6370192307692307 0.45072115384615385 0.06009615384615385 0.07692307692307693
0 0.6117788461538461 0.5252403846153846 0.0673076923076923 0.12259615384615384
0 0.5817307692307693 0.6274038461538461 0.07211538461538461 0.14423076923076922
0 0.5901442307692307 0.7319711538461539 0.1201923076923077 0.13942307692307693
0 0.7127403846153846 0.7788461538461539 0.16826923076923078 0.10817307692307693
0 0.6778846153846154 0.8257211538461539 0.08653846153846154 0.07211538461538461
0 0.8473557692307693 0.8076923076923077 0.2956730769230769 0.16826923076923078
0 0.7572115384615384 0.9423076923076923 0.08173076923076923 0.10817307692307693
0 0.8882211538461539 0.9399038461538461 0.18028846153846154 0.11298076923076923
0 0.8028846153846154 0.453125 0.14182692307692307 0.10096153846153846
0 0.7680288461538461 0.5649038461538461 0.14903846153846154 0.13942307692307693
0 0.8497596153846154 0.6610576923076923 0.28846153846153844 0.21394230769230768
0 0.6177884615384616 0.2932692307692308 0.1201923076923077 0.14423076923076922
0 0.6694711538461539 0.19951923076923078 0.125 0.15384615384615385
0 0.6442307692307693 0.37259615384615385 0.12980769230769232 0.14423076923076922
0 0.546875 0.3473557692307692 0.08653846153846154 0.07211538461538461
0 0.47836538461538464 0.48197115384615385 0.06009615384615385 0.057692307692307696
0 0.5300480769230769 0.5060096153846154 0.08653846153846154 0.1346153846153846
0 0.5240384615384616 0.6141826923076923 0.04326923076923077 0.19230769230769232
0 0.14783653846153846 0.4963942307692308 0.1875 0.15384615384615385
0 0.18629807692307693 0.7067307692307693 0.3076923076923077 0.3125
0 0.4182692307692308 0.6971153846153846 0.3125 0.19230769230769232
0 0.27283653846153844 0.5757211538461539 0.20673076923076922 0.1971153846153846
0 0.3581730769230769 0.5180288461538461 0.34375 0.1971153846153846
0 0.3137019230769231 0.4254807692307692 0.06009615384615385 0.07692307692307693
0 0.28125 0.38822115384615385 0.08173076923076923 0.07211538461538461
0 0.18028846153846154 0.4182692307692308 0.04326923076923077 0.08173076923076923
0 0.3737980769230769 0.44591346153846156 0.04807692307692308 0.06490384615384616
0 0.07932692307692307 0.2247596153846154 0.15865384615384615 0.10817307692307693
0 0.08774038461538461 0.3112980769230769 0.17307692307692307 0.07211538461538461
0 0.08533653846153846 0.38221153846153844 0.17067307692307693 0.10096153846153846
0 0.15384615384615385 0.9495192307692307 0.3076923076923077 0.09615384615384616
0 0.12860576923076922 0.8533653846153846 0.25721153846153844 0.14903846153846154
0 0.036057692307692304 0.7067307692307693 0.07211538461538461 0.20432692307692307