0 0.23798076923076922 0.03245192307692308 0.04326923076923077 0.06009615384615385
0 0.23197115384615385 0.03245192307692308 0.055288461538461536 0.06009615384615385
0 0.14423076923076922 0.014423076923076924 0.04326923076923077 0.02403846153846154
0 0.7379807692307693 0.875 0.31971153846153844 0.11538461538461539
0 0.8161057692307693 0.8004807692307693 0.17307692307692307 0.10817307692307693
0 0.6598557692307693 0.9290865384615384 0.17307692307692307 0.036057692307692304
0 0.6838942307692307 0.7908653846153846 0.38221153846153844 0.3293269230769231
0 0.5961538461538461 0.8221153846153846 0.28365384615384615 0.1778846153846154
0 0.7331730769230769 0.6069711538461539 0.43509615384615385 0.41346153846153844
0 0.8401442307692307 0.6213942307692307 0.31490384615384615 0.19951923076923078
0 0.6021634615384616 0.3737980769230769 0.40384615384615385 0.3557692307692308
0 0.40024038461538464 0.3581730769230769 0.5144230769230769 0.47596153846153844
0 0.1778846153846154 0.5516826923076923 0.1875 0.30288461538461536
0 0.2127403846153846 0.7379807692307693 0.1875 0.30288461538461536
0 0.3557692307692308 0.6995192307692307 0.25 0.2980769230769231
0 0.4026442307692308 0.8641826923076923 0.27884615384615385 0.2620192307692308
0 0.5048076923076923 0.6358173076923077 0.4326923076923077 0.46153846153846156
0 0.5444711538461539 0.5444711538461539 0.9038461538461539 0.9038461538461539
3 0.1466346153846154 0.2536057692307692 0.08173076923076923 0.09615384615384616