0 0.140625 0.40625 0.27403846153846156 0.4831730769230769
0 0.07932692307692307 0.8076923076923077 0.15144230769230768 0.375
0 0.23076923076923078 0.84375 0.3173076923076923 0.30288461538461536
0 0.43149038461538464 0.9483173076923077 0.21153846153846154 0.09375
0 0.7043269230769231 0.8545673076923077 0.3389423076923077 0.27884615384615385
0 0.5685096153846154 0.7055288461538461 0.23557692307692307 0.30288461538461536
0 0.34615384615384615 0.5853365384615384 0.24519230769230768 0.4014423076923077
0 0.5216346153846154 0.35697115384615385 0.3125 0.5168269230769231
0 0.8425480769230769 0.5745192307692307 0.3125 0.46634615384615385
0 0.7740384615384616 0.18389423076923078 0.2644230769230769 0.36778846153846156
0 0.9579326923076923 0.34375 0.08173076923076923 0.19230769230769232
0 0.6790865384615384 0.4675480769230769 0.07932692307692307 0.22115384615384615
0 0.640625 0.055288461538461536 0.18269230769230768 0.11057692307692307
0 0.578125 0.12860576923076922 0.12259615384615384 0.14903846153846154
0 0.41346153846153844 0.06850961538461539 0.20673076923076922 0.13701923076923078
0 0.2512019230769231 0.11057692307692307 0.15625 0.22115384615384615
0 0.3088942307692308 0.29086538461538464 0.09134615384615384 0.2091346153846154
0 0.057692307692307696 0.06850961538461539 0.10817307692307693 0.13701923076923078