0 0.26802884615384615 0.29447115384615385 0.5360576923076923 0.3629807692307692
0 0.4254807692307692 0.3233173076923077 0.30288461538461536 0.1346153846153846
0 0.0889423076923077 0.4266826923076923 0.07211538461538461 0.04807692307692308
0 0.25600961538461536 0.6754807692307693 0.5120192307692307 0.32211538461538464
0 0.5180288461538461 0.6730769230769231 0.2620192307692308 0.1346153846153846
0 0.6370192307692307 0.5829326923076923 0.2860576923076923 0.15384615384615385
0 0.6310096153846154 0.44350961538461536 0.25 0.19230769230769232
0 0.7644230769230769 0.33052884615384615 0.4567307692307692 0.40625
0 0.7680288461538461 0.6730769230769231 0.4519230769230769 0.34134615384615385
0 0.16706730769230768 0.5348557692307693 0.04807692307692308 0.028846153846153848
0 0.2704326923076923 0.4795673076923077 0.06490384615384616 0.038461538461538464
0 0.31009615384615385 0.45552884615384615 0.036057692307692304 0.009615384615384616
0 0.35096153846153844 0.5288461538461539 0.06009615384615385 0.028846153846153848
0 0.4170673076923077 0.5036057692307693 0.06009615384615385 0.019230769230769232
0 0.44591346153846156 0.5444711538461539 0.06009615384615385 0.028846153846153848
0 0.4375 0.5817307692307693 0.04326923076923077 0.02403846153846154
0 0.3954326923076923 0.5829326923076923 0.052884615384615384 0.026442307692307692
0 0.3449519230769231 0.6021634615384616 0.036057692307692304 0.016826923076923076
0 0.33653846153846156 0.5012019230769231 0.375 0.21634615384615385