0 0.375 0.7548076923076923 0.47596153846153844 0.4807692307692308
0 0.6574519230769231 0.6442307692307693 0.14423076923076922 0.1875
0 0.7704326923076923 0.42427884615384615 0.22355769230769232 0.31490384615384615
0 0.8858173076923077 0.5661057692307693 0.08653846153846154 0.2932692307692308
0 0.9350961538461539 0.5805288461538461 0.1201923076923077 0.3245192307692308
0 0.9194711538461539 0.828125 0.14423076923076922 0.16105769230769232
0 0.9290865384615384 0.9194711538461539 0.10096153846153846 0.15144230769230768
0 0.7980769230769231 0.9014423076923077 0.13701923076923078 0.1875
0 0.6959134615384616 0.8533653846153846 0.19951923076923078 0.28365384615384615
0 0.6237980769230769 0.9651442307692307 0.07692307692307693 0.05048076923076923
0 0.7800480769230769 0.7175480769230769 0.18028846153846154 0.17307692307692307
0 0.4879807692307692 0.3942307692307692 0.42788461538461536 0.5865384615384616
0 0.6646634615384616 0.22235576923076922 0.15384615384615385 0.1201923076923077
0 0.5564903846153846 0.15384615384615385 0.1658653846153846 0.15625
0 0.921875 0.04567307692307692 0.07692307692307693 0.06009615384615385
0 0.5552884615384616 0.028846153846153848 0.18269230769230768 0.052884615384615384
0 0.3389423076923077 0.23076923076923078 0.25 0.4567307692307692
0 0.15144230769230768 0.6442307692307693 0.19230769230769232 0.47115384615384615
0 0.10096153846153846 0.2247596153846154 0.1971153846153846 0.23798076923076922
0 0.04807692307692308 0.3605769230769231 0.09134615384615384 0.2403846153846154
0 0.13581730769230768 0.3894230769230769 0.07451923076923077 0.07211538461538461