0 0.9387019230769231 0.1935096153846154 0.11538461538461539 0.3870192307692308
0 0.9278846153846154 0.5120192307692307 0.13942307692307693 0.3870192307692308
0 0.9230769230769231 0.8401442307692307 0.10336538461538461 0.2692307692307692
0 0.9807692307692307 0.8497596153846154 0.03365384615384615 0.2764423076923077
0 0.8521634615384616 0.7055288461538461 0.11538461538461539 0.18269230769230768
0 0.8834134615384616 0.47836538461538464 0.09134615384615384 0.28365384615384615
0 0.7956730769230769 0.43509615384615385 0.22115384615384615 0.6634615384615384
0 0.8269230769230769 0.07692307692307693 0.08173076923076923 0.15384615384615385
0 0.8786057692307693 0.8834134615384616 0.1778846153846154 0.22115384615384615
0 0.7728365384615384 0.8774038461538461 0.13942307692307693 0.23317307692307693
0 0.6514423076923077 0.6069711538461539 0.1346153846153846 0.5769230769230769
0 0.6418269230769231 0.4423076923076923 0.10336538461538461 0.34375
0 0.6370192307692307 0.7884615384615384 0.11298076923076923 0.4110576923076923
0 0.6826923076923077 0.9543269230769231 0.036057692307692304 0.07932692307692307
0 0.7127403846153846 0.2608173076923077 0.09134615384615384 0.3004807692307692
0 0.6706730769230769 0.0673076923076923 0.24519230769230768 0.1346153846153846
0 0.6514423076923077 0.0829326923076923 0.14182692307692307 0.1658653846153846
0 0.6514423076923077 0.24879807692307693 0.1346153846153846 0.3004807692307692
0 0.5036057692307693 0.5120192307692307 0.17307692307692307 0.9615384615384616
0 0.42908653846153844 0.5733173076923077 0.052884615384615384 0.3269230769230769
0 0.3918269230769231 0.3870192307692308 0.18990384615384615 0.5144230769230769
0 0.38341346153846156 0.1778846153846154 0.2644230769230769 0.3557692307692308
0 0.2932692307692308 0.4579326923076923 0.14903846153846154 0.9158653846153846
0 0.37259615384615385 0.7944711538461539 0.10096153846153846 0.39903846153846156
0 0.2512019230769231 0.8990384615384616 0.1346153846153846 0.18990384615384615
0 0.13221153846153846 0.8713942307692307 0.17307692307692307 0.24519230769230768
0 0.20192307692307693 0.38100961538461536 0.1201923076923077 0.7620192307692307
0 0.17908653846153846 0.25841346153846156 0.21875 0.5168269230769231
0 0.16826923076923078 0.07451923076923077 0.052884615384615384 0.14903846153846154
0 0.13221153846153846 0.7788461538461539 0.06490384615384616 0.1971153846153846
0 0.0733173076923077 0.7427884615384616 0.1466346153846154 0.5048076923076923
0 0.0733173076923077 0.3449519230769231 0.1466346153846154 0.5793269230769231
0 0.12259615384615384 0.33413461538461536 0.11538461538461539 0.35096153846153844
0 0.07932692307692307 0.027644230769230768 0.09375 0.055288461538461536
0 0.040865384615384616 0.24519230769230768 0.08173076923076923 0.49038461538461536
0 0.021634615384615384 0.7704326923076923 0.04326923076923077 0.29086538461538464