0 0.21995192307692307 0.5901442307692307 0.42788461538461536 0.4807692307692308
0 0.3004807692307692 0.5180288461538461 0.5889423076923077 0.4831730769230769
0 0.3389423076923077 0.4579326923076923 0.6682692307692307 0.49038461538461536
0 0.3870192307692308 0.30528846153846156 0.5721153846153846 0.3629807692307692
0 0.5120192307692307 0.28725961538461536 0.4639423076923077 0.41346153846153844
0 0.7355769230769231 0.31850961538461536 0.24519230769230768 0.39663461538461536
0 0.8293269230769231 0.4050480769230769 0.33653846153846156 0.4495192307692308
0 0.5324519230769231 0.09495192307692307 0.4951923076923077 0.11057692307692307
0 0.8882211538461539 0.12379807692307693 0.21875 0.10336538461538461
0 0.8341346153846154 0.055288461538461536 0.3269230769230769 0.11057692307692307
0 0.7584134615384616 0.8605769230769231 0.4807692307692308 0.27403846153846156