0 0.17307692307692307 0.5360576923076923 0.2668269230769231 0.3942307692307692
0 0.046875 0.6370192307692307 0.08653846153846154 0.5120192307692307
0 0.05048076923076923 0.9014423076923077 0.09375 0.125
0 0.16346153846153846 0.8569711538461539 0.18028846153846154 0.27403846153846156
0 0.3629807692307692 0.7860576923076923 0.2548076923076923 0.3942307692307692
0 0.296875 0.4230769230769231 0.15384615384615385 0.3317307692307692
0 0.22115384615384615 0.3329326923076923 0.07692307692307693 0.08173076923076923
0 0.12139423076923077 0.2824519230769231 0.23557692307692307 0.2692307692307692
0 0.7415865384615384 0.3004807692307692 0.21153846153846154 0.4110576923076923
0 0.9002403846153846 0.5216346153846154 0.19471153846153846 0.4375
0 0.8185096153846154 0.7824519230769231 0.16346153846153846 0.31490384615384615
0 0.6177884615384616 0.7740384615384616 0.3317307692307692 0.43990384615384615
0 0.5600961538461539 0.49158653846153844 0.5384615384615384 0.2548076923076923
0 0.43149038461538464 0.5504807692307693 0.13701923076923078 0.17307692307692307
0 0.8713942307692307 0.9230769230769231 0.25 0.14423076923076922
0 0.8629807692307693 0.17548076923076922 0.15384615384615385 0.35096153846153844
0 0.5012019230769231 0.04447115384615385 0.5817307692307693 0.0889423076923077
0 0.46274038461538464 0.15745192307692307 0.5072115384615384 0.13701923076923078
0 0.44350961538461536 0.2704326923076923 0.46634615384615385 0.17307692307692307