1 0.6947115384615384 0.140625 0.59375 0.2644230769230769
1 0.8557692307692307 0.4098557692307692 0.27403846153846156 0.25721153846153844
1 0.5625 0.36778846153846156 0.3125 0.1875
1 0.796875 0.6995192307692307 0.3894230769230769 0.38221153846153844
1 0.7548076923076923 0.8653846153846154 0.4807692307692308 0.2644230769230769
1 0.4567307692307692 0.578125 0.35096153846153844 0.4375
1 0.5240384615384616 0.3870192307692308 0.3605769230769231 0.25721153846153844
1 0.33653846153846156 0.11298076923076923 0.11057692307692307 0.21153846153846154
1 0.24278846153846154 0.359375 0.1875 0.28125
1 0.3125 0.16826923076923078 0.25 0.31971153846153844
1 0.16346153846153846 0.15985576923076922 0.15625 0.30528846153846156
1 0.078125 0.125 0.11057692307692307 0.23557692307692307
1 0.08173076923076923 0.3401442307692308 0.16346153846153846 0.19471153846153846
1 0.03245192307692308 0.7211538461538461 0.06490384615384616 0.5528846153846154
1 0.11899038461538461 0.9278846153846154 0.11298076923076923 0.13942307692307693
1 0.08173076923076923 0.7932692307692307 0.06971153846153846 0.13221153846153846
1 0.15625 0.5504807692307693 0.20192307692307693 0.33653846153846156
1 0.21875 0.6995192307692307 0.2644230769230769 0.44471153846153844
1 0.38221153846153844 0.8389423076923077 0.40865384615384615 0.3173076923076923
1 0.49759615384615385 0.5024038461538461 0.9951923076923077 0.9903846153846154