1 0.44471153846153844 0.6442307692307693 0.2980769230769231 0.13221153846153846
1 0.5012019230769231 0.7620192307692307 0.9927884615384616 0.47596153846153844
1 0.5024038461538461 0.46634615384615385 0.9903846153846154 0.1201923076923077
1 0.5024038461538461 0.35216346153846156 0.9903846153846154 0.12740384615384615
1 0.4411057692307692 0.17548076923076922 0.8677884615384616 0.24278846153846154
1 0.39903846153846156 0.05048076923076923 0.40625 0.08653846153846154
1 0.09735576923076923 0.05048076923076923 0.18028846153846154 0.08653846153846154
1 0.7223557692307693 0.055288461538461536 0.24278846153846154 0.09375
1 0.9086538461538461 0.055288461538461536 0.1778846153846154 0.09615384615384616
1 0.8305288461538461 0.23076923076923078 0.33413461538461536 0.25961538461538464
1 0.7980769230769231 0.8088942307692307 0.39903846153846156 0.38221153846153844
1 0.17067307692307693 0.8653846153846154 0.3317307692307692 0.2644230769230769
1 0.328125 0.47596153846153844 0.6394230769230769 0.9375
1 0.14423076923076922 0.5901442307692307 0.27403846153846156 0.27403846153846156
1 0.5012019230769231 0.5036057692307693 0.9927884615384616 0.9927884615384616