1 0.4963942307692308 0.8629807692307693 0.9927884615384616 0.25721153846153844
1 0.22235576923076922 0.6947115384615384 0.44471153846153844 0.11057692307692307
1 0.7223557692307693 0.6802884615384616 0.5384615384615384 0.0625
1 0.8125 0.8161057692307693 0.3605769230769231 0.19471153846153846
1 0.125 0.47596153846153844 0.25 0.3125
1 0.640625 0.3870192307692308 0.4230769230769231 0.11778846153846154
1 0.9026442307692307 0.39903846153846156 0.18028846153846154 0.17307692307692307
1 0.9026442307692307 0.5745192307692307 0.18028846153846154 0.19471153846153846
1 0.71875 0.53125 0.17307692307692307 0.11057692307692307
1 0.75 0.609375 0.21875 0.07692307692307693
1 0.4338942307692308 0.5552884615384616 0.41346153846153844 0.1875
1 0.4182692307692308 0.4026442307692308 0.35096153846153844 0.08653846153846154
1 0.14903846153846154 0.2776442307692308 0.2980769230769231 0.11778846153846154
1 0.31971153846153844 0.3473557692307692 0.17307692307692307 0.11778846153846154
1 0.5588942307692307 0.2776442307692308 0.5072115384615384 0.08653846153846154
1 0.859375 0.296875 0.125 0.03125
1 0.9567307692307693 0.296875 0.06971153846153846 0.0625
1 0.6286057692307693 0.24278846153846154 0.7259615384615384 0.0625
1 0.14423076923076922 0.19110576923076922 0.22596153846153846 0.06971153846153846
1 0.59375 0.19110576923076922 0.7980769230769231 0.08653846153846154
1 0.4963942307692308 0.08173076923076923 0.9927884615384616 0.11778846153846154
1 0.5192307692307693 0.03125 0.9447115384615384 0.0625
1 0.4963942307692308 0.9182692307692307 0.9927884615384616 0.14903846153846154
1 0.4963942307692308 0.4963942307692308 0.9927884615384616 0.9927884615384616