1 0.15985576923076922 0.9447115384615384 0.14903846153846154 0.09375
1 0.140625 0.8245192307692307 0.11057692307692307 0.14903846153846154
1 0.15985576923076922 0.7259615384615384 0.11778846153846154 0.125
1 0.19471153846153846 0.6802884615384616 0.1875 0.17307692307692307
1 0.8004807692307693 0.9495192307692307 0.14903846153846154 0.08653846153846154
1 0.5588942307692307 0.9338942307692307 0.39903846153846156 0.11778846153846154
1 0.9098557692307693 0.9723557692307693 0.10096153846153846 0.038461538461538464
1 0.78125 0.7463942307692307 0.375 0.39903846153846156
1 0.6526442307692307 0.65625 0.31971153846153844 0.4230769230769231
1 0.4338942307692308 0.6802884615384616 0.28846153846153844 0.3894230769230769
1 0.21875 0.5276442307692307 0.2644230769230769 0.47596153846153844
1 0.4182692307692308 0.453125 0.14903846153846154 0.125
1 0.5625 0.4254807692307692 0.23557692307692307 0.24278846153846154
1 0.5036057692307693 0.2776442307692308 0.14903846153846154 0.08653846153846154
1 0.18028846153846154 0.2776442307692308 0.1875 0.11778846153846154
1 0.2932692307692308 0.21875 0.38221153846153844 0.3269230769230769
1 0.296875 0.055288461538461536 0.34375 0.11057692307692307
1 0.5072115384615384 0.13221153846153846 0.125 0.20192307692307693
1 0.6177884615384616 0.18389423076923078 0.125 0.24278846153846154
1 0.7115384615384616 0.2536057692307692 0.11057692307692307 0.31971153846153844
1 0.828125 0.24278846153846154 0.1875 0.2980769230769231
1 0.8088942307692307 0.46153846153846156 0.14903846153846154 0.15625
1 0.9050480769230769 0.6574519230769231 0.18509615384615385 0.3629807692307692
1 0.9086538461538461 0.6875 0.1778846153846154 0.28365384615384615
1 0.9399038461538461 0.3954326923076923 0.11538461538461539 0.21394230769230768
1 0.9170673076923077 0.2548076923076923 0.16105769230769232 0.24519230769230768
1 0.8245192307692307 0.453125 0.11778846153846154 0.15625