1 0.8052884615384616 0.5084134615384616 0.08653846153846154 0.5480769230769231
1 0.7331730769230769 0.53125 0.0673076923076923 0.5769230769230769
1 0.6706730769230769 0.21634615384615385 0.15865384615384615 0.4230769230769231
1 0.6658653846153846 0.6310096153846154 0.0673076923076923 0.4110576923076923
1 0.5985576923076923 0.5240384615384616 0.0673076923076923 0.5721153846153846
1 0.5 0.23918269230769232 0.1658653846153846 0.4423076923076923
1 0.5444711538461539 0.5841346153846154 0.11298076923076923 0.5673076923076923
1 0.46153846153846156 0.6610576923076923 0.08173076923076923 0.42788461538461536
1 0.3389423076923077 0.46274038461538464 0.17548076923076922 0.8100961538461539
1 0.35697115384615385 0.7235576923076923 0.09375 0.4375
1 0.2692307692307692 0.6478365384615384 0.0985576923076923 0.5961538461538461
1 0.20192307692307693 0.6730769230769231 0.08173076923076923 0.6105769230769231