1 0.7259615384615384 0.4182692307692308 0.53125 0.7259615384615384
1 0.16346153846153846 0.36778846153846156 0.20192307692307693 0.53125
1 0.375 0.3088942307692308 0.3605769230769231 0.5240384615384616
1 0.04326923076923077 0.4098557692307692 0.08653846153846154 0.5384615384615384
1 0.3557692307692308 0.7620192307692307 0.36778846153846156 0.08653846153846154
1 0.8822115384615384 0.8713942307692307 0.21875 0.16346153846153846
1 0.3245192307692308 0.8629807692307693 0.16346153846153846 0.055288461538461536
1 0.10216346153846154 0.5072115384615384 0.20432692307692307 0.7211538461538461
1 0.3125 0.4723557692307692 0.3269230769230769 0.7427884615384616
1 0.6286057692307693 0.4338942307692308 0.7259615384615384 0.7572115384615384
1 0.06490384615384616 0.9278846153846154 0.12980769230769232 0.13942307692307693
1 0.14903846153846154 0.9182692307692307 0.125 0.10096153846153846
1 0.2932692307692308 0.9026442307692307 0.16346153846153846 0.11778846153846154
1 0.6682692307692307 0.8629807692307693 0.16346153846153846 0.08653846153846154
1 0.5865384615384616 0.8786057692307693 0.3605769230769231 0.11778846153846154