1 0.5480769230769231 0.5420673076923077 0.36538461538461536 0.16346153846153846
1 0.26322115384615385 0.2548076923076923 0.25961538461538464 0.25961538461538464
1 0.10216346153846154 0.07932692307692307 0.19230769230769232 0.15144230769230768
1 0.07211538461538461 0.23197115384615385 0.1346153846153846 0.16346153846153846
1 0.10697115384615384 0.390625 0.20432692307692307 0.15384615384615385
1 0.27403846153846156 0.4963942307692308 0.25961538461538464 0.2548076923076923
1 0.6802884615384616 0.6850961538461539 0.38221153846153844 0.18028846153846154
1 0.9254807692307693 0.6899038461538461 0.14423076923076922 0.1778846153846154
1 0.3173076923076923 0.6971153846153846 0.375 0.16346153846153846
1 0.078125 0.6971153846153846 0.14423076923076922 0.16105769230769232
1 0.32572115384615385 0.8557692307692307 0.3701923076923077 0.15625
1 0.6850961538461539 0.8521634615384616 0.3605769230769231 0.14903846153846154
1 0.33052884615384615 0.9651442307692307 0.37259615384615385 0.06490384615384616
1 0.08052884615384616 0.9639423076923077 0.15144230769230768 0.0673076923076923
1 0.07572115384615384 0.8581730769230769 0.13942307692307693 0.15865384615384615