1 0.27403846153846156 0.24158653846153846 0.27403846153846156 0.16826923076923078
1 0.2848557692307692 0.42908653846153844 0.23076923076923078 0.25
1 0.25841346153846156 0.7151442307692307 0.15384615384615385 0.34134615384615385
1 0.39783653846153844 0.7199519230769231 0.25961538461538464 0.22115384615384615
1 0.34375 0.8641826923076923 0.2644230769230769 0.20673076923076922
1 0.43509615384615385 0.2608173076923077 0.16346153846153846 0.2283653846153846
1 0.38221153846153844 0.5060096153846154 0.23317307692307693 0.28365384615384615
1 0.6033653846153846 0.24158653846153846 0.17307692307692307 0.3317307692307692
1 0.5420673076923077 0.4651442307692308 0.08173076923076923 0.16826923076923078
1 0.4855769230769231 0.5709134615384616 0.1346153846153846 0.1201923076923077
1 0.7091346153846154 0.5192307692307693 0.2620192307692308 0.27884615384615385
1 0.6766826923076923 0.7223557692307693 0.28365384615384615 0.2283653846153846
1 0.6165865384615384 0.8665865384615384 0.27403846153846156 0.21153846153846154
1 0.8293269230769231 0.39663461538461536 0.1875 0.3701923076923077
1 0.8545673076923077 0.7475961538461539 0.17307692307692307 0.375