1 0.40625 0.546875 0.6875 0.5
1 0.5625 0.8473557692307693 0.3605769230769231 0.28846153846153844
1 0.3629807692307692 0.8125 0.36778846153846156 0.3605769230769231
1 0.17548076923076922 0.8677884615384616 0.22596153846153846 0.25
1 0.3401442307692308 0.31971153846153844 0.5552884615384616 0.53125
1 0.2776442307692308 0.21514423076923078 0.43028846153846156 0.43028846153846156
1 0.7055288461538461 0.14182692307692307 0.5841346153846154 0.28365384615384615
1 0.828125 0.828125 0.23557692307692307 0.3269230769230769
1 0.9242788461538461 0.7512019230769231 0.1466346153846154 0.4879807692307692
1 0.7115384615384616 0.6682692307692307 0.375 0.21153846153846154
1 0.8233173076923077 0.36899038461538464 0.3485576923076923 0.20432692307692307
1 0.8365384615384616 0.5240384615384616 0.3125 0.11057692307692307
1 0.5264423076923077 0.49759615384615385 0.9423076923076923 0.9951923076923077