1 0.06610576923076923 0.8677884615384616 0.11778846153846154 0.15625
1 0.06610576923076923 0.6286057692307693 0.11778846153846154 0.33653846153846156
1 0.027644230769230768 0.4182692307692308 0.038461538461538464 0.08653846153846154
1 0.02403846153846154 0.31971153846153844 0.03125 0.125
1 0.055288461538461536 0.14423076923076922 0.09375 0.19471153846153846
1 0.09375 0.359375 0.11057692307692307 0.21875
1 0.12860576923076922 0.640625 0.14903846153846154 0.3125
1 0.15625 0.796875 0.0625 0.125
1 0.27403846153846156 0.8401442307692307 0.2980769230769231 0.21153846153846154
1 0.3870192307692308 0.8990384615384616 0.14903846153846154 0.09375
1 0.4338942307692308 0.8401442307692307 0.16346153846153846 0.21153846153846154
1 0.3004807692307692 0.7427884615384616 0.22596153846153846 0.1875
1 0.296875 0.49278846153846156 0.17307692307692307 0.3125
1 0.17548076923076922 0.4723557692307692 0.14903846153846154 0.31971153846153844
1 0.13221153846153846 0.19951923076923078 0.14182692307692307 0.24278846153846154
1 0.06129807692307692 0.040865384615384616 0.11298076923076923 0.07692307692307693
1 0.16706730769230768 0.040865384615384616 0.12259615384615384 0.07692307692307693
1 0.9266826923076923 0.08533653846153846 0.14182692307692307 0.1658653846153846
1 0.8677884615384616 0.028846153846153848 0.11057692307692307 0.052884615384615384
1 0.7692307692307693 0.02403846153846154 0.08653846153846154 0.04807692307692308
1 0.7884615384615384 0.21153846153846154 0.125 0.3918269230769231
1 0.6622596153846154 0.18509615384615385 0.12740384615384615 0.36538461538461536
1 0.5504807692307693 0.16346153846153846 0.11778846153846154 0.15625
1 0.5745192307692307 0.06009615384615385 0.1201923076923077 0.11538461538461539
1 0.53125 0.020432692307692308 0.08173076923076923 0.036057692307692304
1 0.5348557692307693 0.859375 0.08653846153846154 0.15625
1 0.5384615384615384 0.7692307692307693 0.09375 0.06971153846153846
1 0.5552884615384616 0.6286057692307693 0.07692307692307693 0.21153846153846154
1 0.4723557692307692 0.6634615384615384 0.08653846153846154 0.13942307692307693
1 0.4495192307692308 0.6947115384615384 0.055288461538461536 0.04807692307692308
1 0.4254807692307692 0.5865384615384616 0.10096153846153846 0.15625
1 0.49278846153846156 0.4098557692307692 0.21875 0.31971153846153844
1 0.6177884615384616 0.38221153846153844 0.125 0.28125
1 0.3125 0.22596153846153846 0.23557692307692307 0.17307692307692307
1 0.25 0.2932692307692308 0.09375 0.10096153846153846
1 0.359375 0.30528846153846156 0.07692307692307693 0.07692307692307693
1 0.3545673076923077 0.07572115384615384 0.2764423076923077 0.1466346153846154
1 0.4651442307692308 0.19471153846153846 0.055288461538461536 0.11057692307692307
1 0.65625 0.8365384615384616 0.15625 0.20192307692307693
1 0.8197115384615384 0.90625 0.17307692307692307 0.0625
1 0.6370192307692307 0.7427884615384616 0.11778846153846154 0.1875
1 0.7848557692307693 0.703125 0.28846153846153844 0.46875
1 0.7259615384615384 0.5192307692307693 0.25 0.22596153846153846
1 0.9711538461538461 0.35697115384615385 0.052884615384615384 0.35336538461538464
1 0.8870192307692307 0.41346153846153844 0.19471153846153846 0.59375
1 0.9435096153846154 0.6502403846153846 0.10817307692307693 0.25240384615384615
1 0.8894230769230769 0.7860576923076923 0.21634615384615385 0.3076923076923077
1 0.5012019230769231 0.47475961538461536 0.9927884615384616 0.9447115384615384