1 0.21875 0.609375 0.3293269230769231 0.75
1 0.10096153846153846 0.7776442307692307 0.1875 0.43028846153846156
1 0.4182692307692308 0.7776442307692307 0.21153846153846154 0.41346153846153844
1 0.1045673076923077 0.25961538461538464 0.19951923076923078 0.5144230769230769
1 0.5697115384615384 0.3016826923076923 0.2692307692307692 0.5985576923076923
1 0.3125 0.1141826923076923 0.17307692307692307 0.22355769230769232
1 0.44350961538461536 0.10336538461538461 0.0985576923076923 0.20192307692307693
1 0.3245192307692308 0.31971153846153844 0.21153846153846154 0.34375
1 0.8689903846153846 0.25600961538461536 0.25721153846153844 0.5072115384615384
1 0.9591346153846154 0.40865384615384615 0.07692307692307693 0.3173076923076923
1 0.8112980769230769 0.8377403846153846 0.37259615384615385 0.31490384615384615
1 0.6370192307692307 0.6838942307692307 0.24278846153846154 0.6177884615384616
1 0.8930288461538461 0.6490384615384616 0.2091346153846154 0.20673076923076922
1 0.5012019230769231 0.4987980769230769 0.9927884615384616 0.9927884615384616