1 0.09735576923076923 0.265625 0.18028846153846154 0.5144230769230769
1 0.2620192307692308 0.2620192307692308 0.16346153846153846 0.5072115384615384
1 0.4182692307692308 0.23798076923076922 0.14903846153846154 0.46153846153846156
1 0.625 0.25721153846153844 0.2644230769230769 0.5
1 0.859375 0.234375 0.2644230769230769 0.4519230769230769
1 0.9014423076923077 0.7295673076923077 0.19230769230769232 0.5360576923076923
1 0.7355769230769231 0.7560096153846154 0.15865384615384615 0.4831730769230769
1 0.578125 0.7560096153846154 0.14182692307692307 0.4831730769230769
1 0.39903846153846156 0.7524038461538461 0.23557692307692307 0.49038461538461536
1 0.15625 0.7524038461538461 0.2980769230769231 0.49038461538461536
1 0.5024038461538461 0.5024038461538461 0.9903846153846154 0.9903846153846154