1 0.44471153846153844 0.4338942307692308 0.2980769230769231 0.22596153846153846
1 0.3004807692307692 0.6370192307692307 0.39903846153846156 0.19471153846153846
1 0.21514423076923078 0.41346153846153844 0.21153846153846154 0.3293269230769231
1 0.8725961538461539 0.20192307692307693 0.25 0.39903846153846156
1 0.9122596153846154 0.5072115384615384 0.17067307692307693 0.22115384615384615
1 0.7848557692307693 0.765625 0.31971153846153844 0.3293269230769231
1 0.640625 0.9182692307692307 0.34375 0.14903846153846154
1 0.19471153846153846 0.8990384615384616 0.375 0.1875
1 0.28125 0.8557692307692307 0.3125 0.22596153846153846
1 0.5 0.7884615384615384 0.17307692307692307 0.20192307692307693
1 0.09375 0.46875 0.07932692307692307 0.21875
1 0.11298076923076923 0.8557692307692307 0.21153846153846154 0.27403846153846156
1 0.6598557692307693 0.11778846153846154 0.21153846153846154 0.1875
1 0.3701923076923077 0.06370192307692307 0.18269230769230768 0.12259615384615384
1 0.10576923076923077 0.036057692307692304 0.1971153846153846 0.0673076923076923
1 0.078125 0.15264423076923078 0.14182692307692307 0.16346153846153846
1 0.171875 0.13701923076923078 0.3293269230769231 0.25721153846153844
1 0.4567307692307692 0.18389423076923078 0.22596153846153846 0.27403846153846156
1 0.609375 0.3004807692307692 0.28125 0.18028846153846154
1 0.7067307692307693 0.546875 0.27403846153846156 0.40625
1 0.8930288461538461 0.49759615384615385 0.2091346153846154 0.1971153846153846
1 0.9086538461538461 0.8449519230769231 0.1778846153846154 0.3004807692307692
1 0.5348557692307693 0.03245192307692308 0.1658653846153846 0.06009615384615385