1 0.47596153846153844 0.9098557692307693 0.2980769230769231 0.16346153846153846
1 0.28846153846153844 0.7259615384615384 0.13942307692307693 0.20432692307692307
1 0.13221153846153846 0.6598557692307693 0.25 0.18028846153846154
1 0.11778846153846154 0.421875 0.21875 0.375
1 0.2692307692307692 0.5036057692307693 0.16346153846153846 0.16346153846153846
1 0.11778846153846154 0.8473557692307693 0.21875 0.24278846153846154
1 0.12620192307692307 0.9483173076923077 0.23798076923076922 0.0985576923076923
1 0.28966346153846156 0.8737980769230769 0.11298076923076923 0.24759615384615385
1 0.609375 0.6995192307692307 0.5 0.28846153846153844
1 0.5036057692307693 0.7740384615384616 0.27403846153846156 0.11057692307692307
1 0.40024038461538464 0.9519230769230769 0.14182692307692307 0.09134615384615384
1 0.7776442307692307 0.9158653846153846 0.44471153846153844 0.16346153846153846
1 0.7223557692307693 0.390625 0.38221153846153844 0.3269230769230769
1 0.4338942307692308 0.39903846153846156 0.21153846153846154 0.3125
1 0.3088942307692308 0.33653846153846156 0.18028846153846154 0.20192307692307693