1 0.6322115384615384 0.2620192307692308 0.23557692307692307 0.28846153846153844
1 0.6057692307692307 0.1875 0.16346153846153846 0.15625
1 0.6009615384615384 0.31971153846153844 0.46875 0.4230769230769231
1 0.8125 0.2536057692307692 0.13942307692307693 0.27403846153846156
1 0.9122596153846154 0.4098557692307692 0.17067307692307693 0.5889423076923077
1 0.3473557692307692 0.375 0.6802884615384616 0.53125
1 0.296875 0.5276442307692307 0.5769230769230769 0.25721153846153844
1 0.265625 0.6009615384615384 0.5144230769230769 0.1875
1 0.20673076923076922 0.6442307692307693 0.39903846153846156 0.16346153846153846
1 0.15264423076923078 0.7151442307692307 0.27403846153846156 0.11778846153846154
1 0.12139423076923077 0.8004807692307693 0.22596153846153846 0.13221153846153846
1 0.8425480769230769 0.6598557692307693 0.31009615384615385 0.3389423076923077
1 0.734375 0.5697115384615384 0.1875 0.15625
1 0.6286057692307693 0.640625 0.21153846153846154 0.13942307692307693
1 0.7680288461538461 0.7632211538461539 0.45913461538461536 0.21394230769230768
1 0.9014423076923077 0.9747596153846154 0.19230769230769232 0.04567307692307692
1 0.8497596153846154 0.9098557692307693 0.2956730769230769 0.15144230769230768
1 0.5036057692307693 0.8317307692307693 0.49278846153846156 0.27403846153846156
1 0.24278846153846154 0.8930288461538461 0.47115384615384615 0.2091346153846154
1 0.6526442307692307 0.9747596153846154 0.2764423076923077 0.04567307692307692
1 0.5024038461538461 0.5576923076923077 0.9903846153846154 0.8798076923076923