1 0.8088942307692307 0.12860576923076922 0.18509615384615385 0.25
1 0.5973557692307693 0.038461538461538464 0.35096153846153844 0.06971153846153846
1 0.25841346153846156 0.12139423076923077 0.5168269230769231 0.23798076923076922
1 0.11658653846153846 0.07932692307692307 0.23317307692307693 0.15384615384615385
1 0.0673076923076923 0.04567307692307692 0.1346153846153846 0.08413461538461539
1 0.036057692307692304 0.028846153846153848 0.07211538461538461 0.05048076923076923
1 0.4026442307692308 0.30528846153846156 0.8028846153846154 0.4807692307692308
1 0.6057692307692307 0.1502403846153846 0.45913461538461536 0.07692307692307693
1 0.43028846153846156 0.3581730769230769 0.8605769230769231 0.44711538461538464
1 0.4387019230769231 0.41947115384615385 0.875 0.4543269230769231
1 0.44591346153846156 0.4543269230769231 0.8918269230769231 0.46153846153846156
1 0.4483173076923077 0.5036057692307693 0.8966346153846154 0.5
1 0.6622596153846154 0.375 0.46875 0.15865384615384615
1 0.4483173076923077 0.5637019230769231 0.8966346153846154 0.43509615384615385
1 0.4483173076923077 0.6274038461538461 0.8966346153846154 0.3918269230769231
1 0.4483173076923077 0.7043269230769231 0.8966346153846154 0.37740384615384615
1 0.4483173076923077 0.6995192307692307 0.8966346153846154 0.47596153846153844
1 0.4639423076923077 0.8016826923076923 0.8653846153846154 0.3269230769230769
1 0.4699519230769231 0.8389423076923077 0.8677884615384616 0.3173076923076923
1 0.703125 0.8810096153846154 0.3870192307692308 0.17067307692307693