1 0.49759615384615385 0.7139423076923077 0.9951923076923077 0.5625
1 0.7199519230769231 0.32572115384615385 0.27884615384615385 0.5192307692307693
1 0.5865384615384616 0.296875 0.2548076923076923 0.59375
1 0.49278846153846156 0.39302884615384615 0.08653846153846154 0.46153846153846156
1 0.4387019230769231 0.35096153846153844 0.13221153846153846 0.5288461538461539
1 0.4110576923076923 0.39783653846153844 0.12259615384615384 0.4014423076923077
1 0.3449519230769231 0.35336538461538464 0.17307692307692307 0.4807692307692308
1 0.3161057692307692 0.3016826923076923 0.25 0.6009615384615384
1 0.2548076923076923 0.3425480769230769 0.2091346153846154 0.5024038461538461
1 0.1814903846153846 0.3581730769230769 0.2548076923076923 0.49038461538461536
1 0.10697115384615384 0.3125 0.21394230769230768 0.5889423076923077
1 0.0733173076923077 0.4014423076923077 0.14423076923076922 0.375