1 0.765625 0.3245192307692308 0.4519230769230769 0.5552884615384616
1 0.6442307692307693 0.6754807692307693 0.33653846153846156 0.27403846153846156
1 0.5504807692307693 0.84375 0.21153846153846154 0.17307692307692307
1 0.5973557692307693 0.953125 0.31971153846153844 0.07932692307692307
1 0.3317307692307692 0.953125 0.22596153846153846 0.07932692307692307
1 0.10576923076923077 0.9411057692307693 0.21153846153846154 0.10096153846153846
1 0.09014423076923077 0.6634615384615384 0.18028846153846154 0.25
1 0.09375 0.84375 0.1875 0.11057692307692307
1 0.31971153846153844 0.8677884615384616 0.23557692307692307 0.17307692307692307
1 0.328125 0.6838942307692307 0.28125 0.19471153846153846
1 0.359375 0.5036057692307693 0.3269230769230769 0.16346153846153846
1 0.390625 0.23076923076923078 0.4230769230769231 0.38221153846153844
1 0.390625 0.04447115384615385 0.37740384615384615 0.08413461538461539
1 0.6490384615384616 0.03245192307692308 0.20673076923076922 0.06009615384615385
1 0.07572115384615384 0.2704326923076923 0.15144230769230768 0.5360576923076923