1 0.5348557692307693 0.6177884615384616 0.8365384615384616 0.53125
1 0.7776442307692307 0.41346153846153844 0.30528846153846156 0.28125
1 0.6526442307692307 0.4495192307692308 0.35096153846153844 0.30528846153846156
1 0.5625 0.43028846153846156 0.46875 0.4230769230769231
1 0.5384615384615384 0.34375 0.2980769230769231 0.3605769230769231
1 0.41346153846153844 0.3473557692307692 0.3269230769230769 0.36778846153846156
1 0.296875 0.5432692307692307 0.13942307692307693 0.08653846153846154
1 0.25 0.390625 0.17307692307692307 0.23557692307692307
1 0.0985576923076923 0.2692307692307692 0.19230769230769232 0.3701923076923077
1 0.24639423076923078 0.22596153846153846 0.35096153846153844 0.3125
1 0.5036057692307693 0.109375 0.21153846153846154 0.125
1 0.22596153846153846 0.23798076923076922 0.34375 0.38221153846153844