1 0.7776442307692307 0.7848557692307693 0.27403846153846156 0.22596153846153846
1 0.8052884615384616 0.78125 0.375 0.23557692307692307
1 0.734375 0.625 0.125 0.11057692307692307
1 0.8942307692307693 0.5348557692307693 0.19471153846153846 0.35096153846153844
1 0.78125 0.5072115384615384 0.04807692307692308 0.14182692307692307
1 0.875 0.30528846153846156 0.23557692307692307 0.28125
1 0.9302884615384616 0.11778846153846154 0.125 0.23557692307692307
1 0.8509615384615384 0.0673076923076923 0.08173076923076923 0.12980769230769232
1 0.6442307692307693 0.11778846153846154 0.30528846153846156 0.23557692307692307
1 0.5 0.17548076923076922 0.375 0.28846153846153844
1 0.5432692307692307 0.39903846153846156 0.44471153846153844 0.3605769230769231
1 0.5120192307692307 0.7307692307692307 0.25721153846153844 0.30528846153846156
1 0.5192307692307693 0.8677884615384616 0.22596153846153846 0.0625
1 0.14543269230769232 0.7415865384615384 0.2860576923076923 0.12740384615384615
1 0.20072115384615385 0.8389423076923077 0.39663461538461536 0.1201923076923077
1 0.33653846153846156 0.7427884615384616 0.07932692307692307 0.09375
1 0.13701923076923078 0.6634615384615384 0.19471153846153846 0.04807692307692308
1 0.19951923076923078 0.6442307692307693 0.36778846153846156 0.11778846153846154
1 0.18028846153846154 0.6370192307692307 0.3605769230769231 0.13221153846153846
1 0.1658653846153846 0.48677884615384615 0.3269230769230769 0.19951923076923078
1 0.16105769230769232 0.25721153846153844 0.3173076923076923 0.28365384615384615
1 0.19230769230769232 0.06370192307692307 0.3798076923076923 0.12259615384615384
1 0.4987980769230769 0.44711538461538464 0.9927884615384616 0.8894230769230769