1 0.28125 0.038461538461538464 0.09375 0.0625
1 0.359375 0.11778846153846154 0.13942307692307693 0.17307692307692307
1 0.4411057692307692 0.13701923076923078 0.10096153846153846 0.19471153846153846
1 0.5036057692307693 0.13221153846153846 0.11778846153846154 0.17307692307692307
1 0.5865384615384616 0.2536057692307692 0.125 0.11778846153846154
1 0.5625 0.3125 0.0625 0.11057692307692307
1 0.578125 0.4807692307692308 0.04807692307692308 0.22596153846153846
1 0.5348557692307693 0.43028846153846156 0.02403846153846154 0.1875
1 0.4807692307692308 0.359375 0.10096153846153846 0.17307692307692307
1 0.4651442307692308 0.3088942307692308 0.08653846153846154 0.13221153846153846
1 0.3870192307692308 0.2776442307692308 0.08653846153846154 0.11778846153846154
1 0.3557692307692308 0.38221153846153844 0.11778846153846154 0.25
1 0.4375 0.4963942307692308 0.11057692307692307 0.14903846153846154
1 0.43028846153846156 0.609375 0.0625 0.13942307692307693
1 0.53125 0.5865384615384616 0.0625 0.15625
1 0.46875 0.8161057692307693 0.11057692307692307 0.21153846153846154
1 0.546875 0.7307692307692307 0.11057692307692307 0.11778846153846154
1 0.5817307692307693 0.8509615384615384 0.11778846153846154 0.15625
1 0.6177884615384616 0.7115384615384616 0.0625 0.125
1 0.6129807692307693 0.6177884615384616 0.10096153846153846 0.0625