1 0.328125 0.24639423076923078 0.375 0.21153846153846154
1 0.703125 0.3629807692307692 0.25 0.11778846153846154
1 0.20673076923076922 0.6634615384615384 0.25721153846153844 0.21875
1 0.36778846153846156 0.7740384615384616 0.3269230769230769 0.2644230769230769
1 0.16346153846153846 0.8401442307692307 0.1875 0.16346153846153846
1 0.3557692307692308 0.5865384615384616 0.24278846153846154 0.21875
1 0.12860576923076922 0.609375 0.19471153846153846 0.1875
1 0.6526442307692307 0.5552884615384616 0.43028846153846156 0.3605769230769231
1 0.8737980769230769 0.6802884615384616 0.24759615384615385 0.22115384615384615
1 0.921875 0.5348557692307693 0.13942307692307693 0.08653846153846154
1 0.7692307692307693 0.40625 0.35096153846153844 0.1875
1 0.6057692307692307 0.4254807692307692 0.6802884615384616 0.30528846153846156