1 0.5997596153846154 0.39302884615384615 0.44471153846153844 0.7067307692307693
1 0.41586538461538464 0.5048076923076923 0.6009615384615384 0.7884615384615384
1 0.6490384615384616 0.6862980769230769 0.125 0.17307692307692307
1 0.6911057692307693 0.7427884615384616 0.04807692307692308 0.0625
1 0.5805288461538461 0.3894230769230769 0.1201923076923077 0.18269230769230768
1 0.5108173076923077 0.27524038461538464 0.20432692307692307 0.1778846153846154
5 0.6538461538461539 0.4423076923076923 0.052884615384615384 0.07692307692307693
5 0.5961538461538461 0.49278846153846156 0.052884615384615384 0.0889423076923077
5 0.6358173076923077 0.49158653846153844 0.07211538461538461 0.057692307692307696
5 0.6418269230769231 0.5372596153846154 0.0673076923076923 0.052884615384615384
5 0.6262019230769231 0.5913461538461539 0.0889423076923077 0.09615384615384616
5 0.7019230769230769 0.8617788461538461 0.1778846153846154 0.17067307692307693