1 0.24639423076923078 0.9375 0.47596153846153844 0.11057692307692307
1 0.13701923076923078 0.8245192307692307 0.25721153846153844 0.18028846153846154
1 0.7487980769230769 0.9567307692307693 0.49759615384615385 0.07211538461538461
1 0.6983173076923077 0.8161057692307693 0.5985576923076923 0.35336538461538464
1 0.4411057692307692 0.7259615384615384 0.30528846153846156 0.125
1 0.19110576923076922 0.78125 0.36778846153846156 0.13942307692307693
1 0.265625 0.6598557692307693 0.5144230769230769 0.19471153846153846
1 0.203125 0.4963942307692308 0.3894230769230769 0.13221153846153846
1 0.8894230769230769 0.5360576923076923 0.21634615384615385 0.32211538461538464
1 0.6598557692307693 0.5973557692307693 0.24278846153846154 0.19471153846153846
1 0.6129807692307693 0.43028846153846156 0.43028846153846156 0.21875
1 0.40625 0.33653846153846156 0.2980769230769231 0.23557692307692307
1 0.14423076923076922 0.3125 0.27403846153846156 0.25
1 0.06971153846153846 0.41346153846153844 0.125 0.20192307692307693
1 0.06610576923076923 0.140625 0.11778846153846154 0.09375
1 0.09735576923076923 0.05889423076923077 0.18028846153846154 0.11778846153846154
1 0.234375 0.09735576923076923 0.23557692307692307 0.19471153846153846
1 0.45552884615384615 0.13341346153846154 0.35336538461538464 0.2668269230769231
1 0.671875 0.3004807692307692 0.23557692307692307 0.14903846153846154
1 0.8894230769230769 0.3004807692307692 0.21634615384615385 0.1346153846153846
1 0.9206730769230769 0.203125 0.15384615384615385 0.12740384615384615
1 0.7560096153846154 0.1141826923076923 0.4831730769230769 0.2283653846153846
1 0.5024038461538461 0.49759615384615385 0.9903846153846154 0.9951923076923077