1 0.6382211538461539 0.7608173076923077 0.44711538461538464 0.22596153846153846
1 0.25 0.7920673076923077 0.3557692307692308 0.1201923076923077
1 0.27283653846153844 0.6514423076923077 0.4110576923076923 0.16826923076923078
1 0.4014423076923077 0.24759615384615385 0.7596153846153846 0.23557692307692307
1 0.23197115384615385 0.46033653846153844 0.3557692307692308 0.1971153846153846
1 0.3389423076923077 0.5024038461538461 0.10576923076923077 0.12980769230769232
1 0.46033653846153844 0.5180288461538461 0.14423076923076922 0.25
1 0.6514423076923077 0.546875 0.2692307692307692 0.21875
1 0.8329326923076923 0.6141826923076923 0.16346153846153846 0.20192307692307693
1 0.84375 0.38221153846153844 0.2764423076923077 0.27403846153846156
1 0.6177884615384616 0.328125 0.4423076923076923 0.20192307692307693