1 0.3245192307692308 0.625 0.47596153846153844 0.4519230769230769
1 0.7223557692307693 0.2848557692307692 0.36778846153846156 0.35096153846153844
1 0.6754807692307693 0.4375 0.38221153846153844 0.28125
1 0.53125 0.4963942307692308 0.3125 0.28846153846153844
1 0.359375 0.5588942307692307 0.1875 0.21153846153846154
4 0.8052884615384616 0.78125 0.20192307692307693 0.20192307692307693
4 0.7884615384615384 0.6057692307692307 0.1875 0.19471153846153846
4 0.84375 0.65625 0.15625 0.125
4 0.5973557692307693 0.734375 0.27403846153846156 0.28125
4 0.3629807692307692 0.6995192307692307 0.31971153846153844 0.27403846153846156
4 0.4963942307692308 0.796875 0.08653846153846154 0.0625