1 0.09014423076923077 0.1875 0.16346153846153846 0.3605769230769231
1 0.3161057692307692 0.203125 0.27403846153846156 0.3125
1 0.3245192307692308 0.03125 0.27403846153846156 0.04807692307692308
1 0.6057692307692307 0.04326923076923077 0.28846153846153844 0.06971153846153846
1 0.8737980769230769 0.07451923076923077 0.24759615384615385 0.1346153846153846
1 0.09375 0.5276442307692307 0.17307692307692307 0.36778846153846156
1 0.08052884615384616 0.9795673076923077 0.15144230769230768 0.036057692307692304
1 0.08653846153846154 0.8365384615384616 0.15625 0.2644230769230769
1 0.30528846153846156 0.5240384615384616 0.2980769230769231 0.3605769230769231
1 0.3088942307692308 0.8545673076923077 0.2764423076923077 0.2860576923076923
1 0.6129807692307693 0.5625 0.30528846153846156 0.3605769230769231
1 0.609375 0.24278846153846154 0.2980769230769231 0.3269230769230769
1 0.8617788461538461 0.28966346153846156 0.27163461538461536 0.3004807692307692
1 0.8774038461538461 0.6009615384615384 0.2403846153846154 0.34615384615384615
1 0.5961538461538461 0.8701923076923077 0.32211538461538464 0.2548076923076923
1 0.8762019230769231 0.8870192307692307 0.24278846153846154 0.22596153846153846
1 0.5012019230769231 0.5036057692307693 0.9927884615384616 0.9927884615384616