1 0.8653846153846154 0.19591346153846154 0.11778846153846154 0.3798076923076923
1 0.7788461538461539 0.13701923076923078 0.16346153846153846 0.2620192307692308
1 0.8449519230769231 0.14423076923076922 0.23076923076923078 0.27403846153846156
1 0.9483173076923077 0.2848557692307692 0.04807692307692308 0.14903846153846154
1 0.859375 0.3918269230769231 0.16826923076923078 0.34134615384615385
1 0.6802884615384616 0.3401442307692308 0.28846153846153844 0.6682692307692307
1 0.5889423076923077 0.5288461538461539 0.08653846153846154 0.3269230769230769
1 0.6790865384615384 0.7367788461538461 0.0985576923076923 0.5216346153846154
1 0.6790865384615384 0.7848557692307693 0.15144230769230768 0.23557692307692307
1 0.7451923076923077 0.6995192307692307 0.052884615384615384 0.1971153846153846
1 0.5985576923076923 0.421875 0.31971153846153844 0.5552884615384616
1 0.38461538461538464 0.20552884615384615 0.3269230769230769 0.31971153846153844
1 0.21634615384615385 0.24519230769230768 0.3557692307692308 0.47836538461538464
1 0.2920673076923077 0.19591346153846154 0.53125 0.3798076923076923
1 0.15144230769230768 0.10096153846153846 0.15144230769230768 0.18990384615384615
1 0.49038461538461536 0.7055288461538461 0.17067307692307693 0.5865384615384616
1 0.5276442307692307 0.5913461538461539 0.055288461538461536 0.39903846153846156
1 0.4326923076923077 0.734375 0.13942307692307693 0.5264423076923077
1 0.32091346153846156 0.71875 0.09134615384615384 0.2091346153846154
1 0.33774038461538464 0.9074519230769231 0.055288461538461536 0.18028846153846154
1 0.28125 0.7055288461538461 0.1346153846153846 0.3918269230769231
1 0.16706730769230768 0.27163461538461536 0.33413461538461536 0.5288461538461539
1 0.09975961538461539 0.4951923076923077 0.19471153846153846 0.44711538461538464
1 0.22115384615384615 0.640625 0.07932692307692307 0.2091346153846154
1 0.10216346153846154 0.8497596153846154 0.19951923076923078 0.2956730769230769
1 0.17548076923076922 0.8137019230769231 0.07211538461538461 0.20192307692307693
1 0.22115384615384615 0.953125 0.04326923076923077 0.0889423076923077
1 0.2283653846153846 0.7620192307692307 0.08653846153846154 0.11057692307692307