1 0.8858173076923077 0.3125 0.22355769230769232 0.2692307692307692
1 0.7680288461538461 0.20673076923076922 0.45913461538461536 0.32211538461538464
1 0.625 0.171875 0.4543269230769231 0.25
1 0.4098557692307692 0.15625 0.33653846153846156 0.20192307692307693
1 0.21514423076923078 0.12860576923076922 0.41346153846153844 0.16346153846153846
1 0.19471153846153846 0.28846153846153844 0.375 0.375
1 0.24639423076923078 0.41346153846153844 0.47596153846153844 0.2980769230769231
1 0.038461538461538464 0.6286057692307693 0.0625 0.14903846153846154
1 0.14903846153846154 0.5384615384615384 0.17307692307692307 0.09375
1 0.11778846153846154 0.625 0.09375 0.0625
1 0.2620192307692308 0.49278846153846156 0.08653846153846154 0.15625
1 0.453125 0.5072115384615384 0.2644230769230769 0.125
1 0.4254807692307692 0.4411057692307692 0.25721153846153844 0.14903846153846154
1 0.2536057692307692 0.6370192307692307 0.33653846153846156 0.24278846153846154
1 0.44471153846153844 0.6442307692307693 0.6394230769230769 0.31971153846153844
1 0.5817307692307693 0.578125 0.30528846153846156 0.2644230769230769
1 0.9050480769230769 0.46634615384615385 0.18509615384615385 0.1971153846153846
1 0.7692307692307693 0.5192307692307693 0.11778846153846154 0.16346153846153846
1 0.9278846153846154 0.828125 0.13942307692307693 0.22355769230769232
1 0.8076923076923077 0.7127403846153846 0.3798076923076923 0.3004807692307692
1 0.43028846153846156 0.8401442307692307 0.3894230769230769 0.06971153846153846
1 0.4338942307692308 0.765625 0.35096153846153844 0.1875
1 0.5865384615384616 0.5745192307692307 0.28125 0.18028846153846154