1 0.4495192307692308 0.7115384615384616 0.38221153846153844 0.21875
1 0.5432692307692307 0.7932692307692307 0.27403846153846156 0.06971153846153846
1 0.6129807692307693 0.8557692307692307 0.30528846153846156 0.06971153846153846
1 0.5 0.8990384615384616 0.28125 0.03125
1 0.375 0.8473557692307693 0.17307692307692307 0.06971153846153846
1 0.19951923076923078 0.7259615384615384 0.11778846153846154 0.14182692307692307
1 0.18389423076923078 0.6286057692307693 0.14903846153846154 0.11778846153846154
1 0.5192307692307693 0.5276442307692307 0.8509615384615384 0.16346153846153846
1 0.7884615384615384 0.6286057692307693 0.28125 0.08653846153846154
1 0.78125 0.7151442307692307 0.25 0.08653846153846154
1 0.7536057692307693 0.7848557692307693 0.18028846153846154 0.08653846153846154
1 0.6177884615384616 0.375 0.6730769230769231 0.13942307692307693
1 0.20673076923076922 0.3713942307692308 0.18028846153846154 0.13221153846153846
1 0.14423076923076922 0.41346153846153844 0.10096153846153846 0.11057692307692307
1 0.6490384615384616 0.25 0.5480769230769231 0.15625
1 0.27403846153846156 0.25721153846153844 0.25 0.09375
1 0.640625 0.13701923076923078 0.375 0.08653846153846154
1 0.4254807692307692 0.12139423076923077 0.10096153846153846 0.06971153846153846
1 0.31971153846153844 0.16346153846153846 0.1875 0.11057692307692307
1 0.5552884615384616 0.09014423076923077 0.23557692307692307 0.055288461538461536