1 0.671875 0.10697115384615384 0.30288461538461536 0.12740384615384615
1 0.6947115384615384 0.3233173076923077 0.28846153846153844 0.11538461538461539
1 0.7103365384615384 0.53125 0.28365384615384615 0.1346153846153846
1 0.7367788461538461 0.7439903846153846 0.30288461538461536 0.13701923076923078
1 0.7536057692307693 0.9411057692307693 0.2956730769230769 0.11298076923076923
1 0.30528846153846156 0.14903846153846154 0.23076923076923078 0.125
1 0.31009615384615385 0.01201923076923077 0.21875 0.016826923076923076
1 0.28125 0.3004807692307692 0.23076923076923078 0.1466346153846154
1 0.2608173076923077 0.44350961538461536 0.23557692307692307 0.14423076923076922
1 0.23317307692307693 0.59375 0.23076923076923078 0.14903846153846154
1 0.20432692307692307 0.7235576923076923 0.23076923076923078 0.15865384615384615
1 0.171875 0.875 0.22596153846153846 0.15865384615384615
1 0.15504807692307693 0.9615384615384616 0.21394230769230768 0.07211538461538461