1 0.25721153846153844 0.796875 0.3605769230769231 0.33413461538461536
1 0.22115384615384615 0.49278846153846156 0.39903846153846156 0.3605769230769231
1 0.4375 0.7271634615384616 0.15384615384615385 0.3125
1 0.48677884615384615 0.5637019230769231 0.14182692307692307 0.24759615384615385
1 0.32572115384615385 0.3786057692307692 0.3317307692307692 0.2980769230769231
1 0.8521634615384616 0.15865384615384615 0.17307692307692307 0.18509615384615385
1 0.6033653846153846 0.421875 0.13701923076923078 0.28365384615384615
1 0.41586538461538464 0.3161057692307692 0.25 0.2403846153846154
1 0.47596153846153844 0.21634615384615385 0.21875 0.21634615384615385
1 0.36899038461538464 0.09254807692307693 0.32211538461538464 0.18509615384615385
1 0.5168269230769231 0.078125 0.49759615384615385 0.15625
1 0.6694711538461539 0.1875 0.19230769230769232 0.1201923076923077