1 0.49278846153846156 0.13701923076923078 0.1875 0.27403846153846156
1 0.640625 0.3088942307692308 0.13942307692307693 0.27403846153846156
1 0.359375 0.4026442307692308 0.21875 0.24278846153846154
1 0.3401442307692308 0.59375 0.24278846153846154 0.25
1 0.19951923076923078 0.8245192307692307 0.10096153846153846 0.18028846153846154
1 0.3245192307692308 0.8161057692307693 0.16346153846153846 0.25721153846153844
1 0.4879807692307692 0.8245192307692307 0.18028846153846154 0.30528846153846156
1 0.640625 0.8557692307692307 0.1875 0.25721153846153844
1 0.78125 0.6009615384615384 0.13942307692307693 0.28125
1 0.7740384615384616 0.8401442307692307 0.125 0.22596153846153846
1 0.6442307692307693 0.5817307692307693 0.16346153846153846 0.28846153846153844
1 0.5036057692307693 0.6009615384615384 0.16346153846153846 0.20192307692307693
1 0.5036057692307693 0.3942307692307692 0.22596153846153846 0.24278846153846154