1 0.7740384615384616 0.4879807692307692 0.3076923076923077 0.5096153846153846
1 0.8100961538461539 0.8341346153846154 0.24759615384615385 0.2860576923076923
1 0.5516826923076923 0.6514423076923077 0.1971153846153846 0.44711538461538464
1 0.6189903846153846 0.3605769230769231 0.14903846153846154 0.18269230769230768
1 0.609375 0.2403846153846154 0.13221153846153846 0.14903846153846154
1 0.45072115384615385 0.31971153846153844 0.18509615384615385 0.18269230769230768
1 0.453125 0.18028846153846154 0.2091346153846154 0.1658653846153846
1 0.3798076923076923 0.53125 0.27884615384615385 0.3894230769230769
1 0.16947115384615385 0.5120192307692307 0.15144230769230768 0.3485576923076923
1 0.12740384615384615 0.24278846153846154 0.19230769230769232 0.23557692307692307
1 0.23197115384615385 0.18269230769230768 0.19230769230769232 0.2980769230769231
1 0.2824519230769231 0.2800480769230769 0.125 0.25240384615384615