1 0.4375 0.8425480769230769 0.16346153846153846 0.1466346153846154
1 0.4338942307692308 0.7091346153846154 0.1466346153846154 0.12980769230769232
1 0.578125 0.8485576923076923 0.15144230769230768 0.14182692307692307
1 0.625 0.7752403846153846 0.057692307692307696 0.19230769230769232
1 0.6514423076923077 0.7620192307692307 0.04807692307692308 0.17307692307692307
1 0.6622596153846154 0.8161057692307693 0.0625 0.2980769230769231
1 0.5649038461538461 0.7115384615384616 0.125 0.125
1 0.43990384615384615 0.5805288461538461 0.14182692307692307 0.13942307692307693
1 0.5649038461538461 0.5757211538461539 0.14182692307692307 0.1466346153846154
1 0.4423076923076923 0.44711538461538464 0.12980769230769232 0.12980769230769232
1 0.5685096153846154 0.4375 0.1346153846153846 0.1201923076923077
1 0.6574519230769231 0.5204326923076923 0.07211538461538461 0.2932692307692308
1 0.5024038461538461 0.3293269230769231 0.1875 0.10576923076923077
1 0.6153846153846154 0.2932692307692308 0.09375 0.15865384615384615
1 0.6550480769230769 0.25600961538461536 0.03125 0.09375
1 0.43509615384615385 0.21995192307692307 0.28365384615384615 0.19230769230769232
1 0.5805288461538461 0.12259615384615384 0.2091346153846154 0.19230769230769232