1 0.7331730769230769 0.7379807692307693 0.5288461538461539 0.38461538461538464
1 0.6730769230769231 0.32211538461538464 0.6490384615384616 0.6442307692307693
1 0.39903846153846156 0.18028846153846154 0.53125 0.3605769230769231
1 0.13221153846153846 0.21153846153846154 0.25 0.3125
1 0.23076923076923078 0.4567307692307692 0.28846153846153844 0.24278846153846154
1 0.07451923076923077 0.4651442307692308 0.13221153846153846 0.19471153846153846
1 0.22596153846153846 0.7151442307692307 0.2644230769230769 0.27403846153846156
1 0.12139423076923077 0.71875 0.18028846153846154 0.21875
1 0.20673076923076922 0.8713942307692307 0.24278846153846154 0.18028846153846154
1 0.3942307692307692 0.9026442307692307 0.24278846153846154 0.18028846153846154
1 0.5817307692307693 0.9338942307692307 0.19471153846153846 0.11778846153846154
1 0.671875 0.3245192307692308 0.6394230769230769 0.6490384615384616