1 0.7379807692307693 0.27403846153846156 0.11778846153846154 0.15625
1 0.7151442307692307 0.13221153846153846 0.11778846153846154 0.125
1 0.5901442307692307 0.046875 0.13221153846153846 0.07692307692307693
1 0.4807692307692308 0.05048076923076923 0.10096153846153846 0.08653846153846154
1 0.36778846153846156 0.05048076923076923 0.11057692307692307 0.08653846153846154
1 0.5973557692307693 0.140625 0.11778846153846154 0.11057692307692307
1 0.4807692307692308 0.15264423076923078 0.10096153846153846 0.10096153846153846
1 0.3713942307692308 0.15264423076923078 0.11778846153846154 0.11778846153846154
1 0.35096153846153844 0.28846153846153844 0.125 0.15625
1 0.484375 0.2848557692307692 0.13942307692307693 0.14903846153846154
1 0.609375 0.2776442307692308 0.125 0.14903846153846154
1 0.734375 0.43028846153846156 0.125 0.15625
1 0.609375 0.4338942307692308 0.125 0.14903846153846154
1 0.47596153846153844 0.4338942307692308 0.125 0.13221153846153846
1 0.359375 0.4375 0.125 0.13942307692307693
1 0.7427884615384616 0.5817307692307693 0.125 0.14903846153846154
1 0.6129807692307693 0.5865384615384616 0.13221153846153846 0.13942307692307693
1 0.484375 0.5865384615384616 0.125 0.15625
1 0.359375 0.5901442307692307 0.125 0.16346153846153846
1 0.7427884615384616 0.7259615384615384 0.125 0.13942307692307693
1 0.6129807692307693 0.7379807692307693 0.11778846153846154 0.16346153846153846
1 0.49278846153846156 0.7427884615384616 0.125 0.15625
1 0.3629807692307692 0.7427884615384616 0.13221153846153846 0.15625
1 0.734375 0.8713942307692307 0.13942307692307693 0.14903846153846154
1 0.6057692307692307 0.8822115384615384 0.11778846153846154 0.13942307692307693
1 0.484375 0.890625 0.11057692307692307 0.13942307692307693
1 0.36778846153846156 0.8870192307692307 0.125 0.13221153846153846