1 0.15264423076923078 0.171875 0.28846153846153844 0.15625
1 0.3245192307692308 0.2776442307692308 0.6322115384615384 0.27403846153846156
1 0.5036057692307693 0.15625 0.46153846153846156 0.125
1 0.8653846153846154 0.19110576923076922 0.2644230769230769 0.19951923076923078
1 0.7307692307692307 0.2536057692307692 0.30528846153846156 0.19471153846153846
1 0.7463942307692307 0.3161057692307692 0.27403846153846156 0.18028846153846154
1 0.6310096153846154 0.49399038461538464 0.7331730769230769 0.4254807692307692
1 0.27403846153846156 0.390625 0.53125 0.15625
1 0.16346153846153846 0.5072115384615384 0.3125 0.17307692307692307
1 0.3088942307692308 0.5240384615384616 0.11778846153846154 0.09375
1 0.22596153846153846 0.6995192307692307 0.4375 0.39903846153846156
1 0.21153846153846154 0.9086538461538461 0.40865384615384615 0.1778846153846154
1 0.6213942307692307 0.6370192307692307 0.22596153846153846 0.22596153846153846
1 0.8653846153846154 0.5661057692307693 0.2644230769230769 0.2620192307692308
1 0.5697115384615384 0.6177884615384616 0.5144230769230769 0.28125
1 0.703125 0.765625 0.5 0.23557692307692307
1 0.9711538461538461 0.6838942307692307 0.052884615384615384 0.10336538461538461
1 0.8413461538461539 0.8653846153846154 0.3125 0.2644230769230769
1 0.5516826923076923 0.9399038461538461 0.2764423076923077 0.11538461538461539
1 0.6754807692307693 0.8581730769230769 0.5096153846153846 0.27884615384615385
1 0.5024038461538461 0.5456730769230769 0.9903846153846154 0.9038461538461539