1 0.5264423076923077 0.06490384615384616 0.44711538461538464 0.12980769230769232
1 0.7740384615384616 0.22956730769230768 0.20192307692307693 0.43509615384615385
1 0.5961538461538461 0.234375 0.5673076923076923 0.4375
1 0.8545673076923077 0.13341346153846154 0.15625 0.2668269230769231
1 0.9014423076923077 0.35336538461538464 0.14423076923076922 0.21153846153846154
1 0.9591346153846154 0.34975961538461536 0.07692307692307693 0.21875
1 0.9591346153846154 0.4987980769230769 0.07692307692307693 0.0889423076923077
1 0.8954326923076923 0.4963942307692308 0.07211538461538461 0.09134615384615384
1 0.7271634615384616 0.49759615384615385 0.2860576923076923 0.08653846153846154
1 0.9495192307692307 0.12379807692307693 0.09615384615384616 0.24759615384615385
1 0.40625 0.7620192307692307 0.32211538461538464 0.47115384615384615
1 0.47716346153846156 0.765625 0.2980769230769231 0.46153846153846156
1 0.5516826923076923 0.765625 0.32211538461538464 0.46153846153846156
1 0.6430288461538461 0.765625 0.3173076923076923 0.46153846153846156
1 0.6923076923076923 0.7668269230769231 0.25961538461538464 0.4567307692307692
1 0.84375 0.7668269230769231 0.2692307692307692 0.4567307692307692
1 0.9206730769230769 0.7680288461538461 0.15384615384615385 0.45913461538461536