1 0.23197115384615385 0.3088942307692308 0.125 0.1971153846153846
1 0.1935096153846154 0.4855769230769231 0.11538461538461539 0.19230769230769232
1 0.26802884615384615 0.5252403846153846 0.11057692307692307 0.23076923076923078
1 0.2956730769230769 0.32572115384615385 0.12980769230769232 0.22115384615384615
1 0.3581730769230769 0.5733173076923077 0.14903846153846154 0.25961538461538464
1 0.5108173076923077 0.6418269230769231 0.20192307692307693 0.3076923076923077
1 0.765625 0.7415865384615384 0.45913461538461536 0.3942307692307692
1 0.7980769230769231 0.43149038461538464 0.3942307692307692 0.3894230769230769
1 0.5600961538461539 0.3798076923076923 0.24519230769230768 0.2932692307692308
1 0.41225961538461536 0.3473557692307692 0.16826923076923078 0.25
1 0.18629807692307693 0.7632211538461539 0.1971153846153846 0.2764423076923077
1 0.13701923076923078 0.7620192307692307 0.08653846153846154 0.25961538461538464