1 0.6875 0.3004807692307692 0.28125 0.14903846153846154
1 0.6490384615384616 0.234375 0.46875 0.28125
4 0.3713942307692308 0.17548076923076922 0.41346153846153844 0.13221153846153846
4 0.4963942307692308 0.265625 0.18028846153846154 0.125
4 0.3473557692307692 0.2620192307692308 0.39903846153846156 0.14903846153846154
4 0.359375 0.4026442307692308 0.4230769230769231 0.13221153846153846
4 0.34375 0.3245192307692308 0.40625 0.13221153846153846
4 0.34375 0.4723557692307692 0.34375 0.08653846153846154
4 0.359375 0.546875 0.3605769230769231 0.125
4 0.3473557692307692 0.6442307692307693 0.36778846153846156 0.08653846153846154
4 0.3557692307692308 0.7620192307692307 0.35096153846153844 0.13221153846153846
4 0.640625 0.7572115384615384 0.375 0.09375
4 0.6322115384615384 0.8161057692307693 0.375 0.055288461538461536
4 0.6802884615384616 0.703125 0.28125 0.11057692307692307
4 0.6875 0.6838942307692307 0.3269230769230769 0.10096153846153846
4 0.7067307692307693 0.6129807692307693 0.33653846153846156 0.11778846153846154
4 0.6995192307692307 0.5552884615384616 0.33653846153846156 0.15625
4 0.671875 0.5036057692307693 0.3269230769230769 0.08653846153846154
4 0.6875 0.44471153846153844 0.3269230769230769 0.11057692307692307
4 0.6875 0.3786057692307692 0.3125 0.14903846153846154