1 0.8605769230769231 0.36899038461538464 0.27403846153846156 0.5408653846153846
1 0.8305288461538461 0.5841346153846154 0.3317307692307692 0.6442307692307693
1 0.8413461538461539 0.7427884615384616 0.3076923076923077 0.5024038461538461
1 0.7415865384615384 0.8473557692307693 0.11057692307692307 0.2956730769230769
1 0.7800480769230769 0.9615384615384616 0.052884615384615384 0.0673076923076923
1 0.5360576923076923 0.7680288461538461 0.15625 0.4519230769230769
1 0.39783653846153844 0.828125 0.22115384615384615 0.3317307692307692
1 0.25240384615384615 0.9122596153846154 0.22115384615384615 0.16346153846153846
1 0.17067307692307693 0.8197115384615384 0.2692307692307692 0.35096153846153844
1 0.15865384615384615 0.5709134615384616 0.27884615384615385 0.2692307692307692
1 0.2620192307692308 0.4338942307692308 0.18269230769230768 0.3557692307692308
1 0.421875 0.5925480769230769 0.22596153846153846 0.37740384615384615
1 0.390625 0.20192307692307693 0.3173076923076923 0.40384615384615385
1 0.4326923076923077 0.24879807692307693 0.23317307692307693 0.3317307692307692
1 0.43149038461538464 0.057692307692307696 0.20673076923076922 0.11538461538461539
1 0.2764423076923077 0.06850961538461539 0.057692307692307696 0.13701923076923078
1 0.32211538461538464 0.12259615384615384 0.09134615384615384 0.23557692307692307
1 0.29086538461538464 0.23798076923076922 0.11538461538461539 0.28846153846153844
1 0.23076923076923078 0.390625 0.10576923076923077 0.24519230769230768
1 0.21995192307692307 0.4807692307692308 0.09134615384615384 0.25
1 0.30408653846153844 0.5084134615384616 0.0985576923076923 0.1875
1 0.5348557692307693 0.14783653846153846 0.28365384615384615 0.2956730769230769
1 0.5841346153846154 0.41586538461538464 0.21634615384615385 0.25
1 0.734375 0.3173076923076923 0.34134615384615385 0.44711538461538464
1 0.734375 0.051682692307692304 0.31971153846153844 0.10336538461538461
1 0.1310096153846154 0.13822115384615385 0.25721153846153844 0.2764423076923077
1 0.0673076923076923 0.2848557692307692 0.12980769230769232 0.23317307692307693
1 0.052884615384615384 0.8197115384615384 0.038461538461538464 0.3389423076923077