1 0.21394230769230768 0.453125 0.1971153846153846 0.1658653846153846
1 0.35336538461538464 0.44591346153846156 0.15865384615384615 0.18028846153846154
1 0.1658653846153846 0.2091346153846154 0 0.004807692307692308
1 0.27403846153846156 0.5612980769230769 0.20673076923076922 0.10336538461538461
1 0.21634615384615385 0.296875 0.2091346153846154 0.14903846153846154
1 0.3629807692307692 0.2932692307692308 0.11538461538461539 0.14423076923076922
1 0.20072115384615385 0.14182692307692307 0.20192307692307693 0.17067307692307693
1 0.35336538461538464 0.1466346153846154 0.12740384615384615 0.15865384615384615
1 0.5216346153846154 0.7860576923076923 0.2692307692307692 0.25240384615384615
1 0.5168269230769231 0.6057692307692307 0.27884615384615385 0.22115384615384615
1 0.5408653846153846 0.4026442307692308 0.23076923076923078 0.21634615384615385
1 0.6430288461538461 0.18269230769230768 0.3125 0.24278846153846154
1 0.4519230769230769 0.18028846153846154 0.06971153846153846 0.21634615384615385
1 0.6947115384615384 0.5204326923076923 0.09134615384615384 0.11298076923076923
1 0.7355769230769231 0.4050480769230769 0.15865384615384615 0.12980769230769232
1 0.7331730769230769 0.20673076923076922 0.16826923076923078 0.25721153846153844
1 0.8786057692307693 0.265625 0.1201923076923077 0.1201923076923077
1 0.8798076923076923 0.14903846153846154 0.125 0.125