2 0.9158653846153846 0.49399038461538464 0.16105769230769232 0.2692307692307692
2 0.9879807692307693 0.6766826923076923 0.019230769230769232 0.04326923076923077
2 0.8473557692307693 0.1502403846153846 0.125 0.28846153846153844
2 0.5372596153846154 0.17307692307692307 0.125 0.15384615384615385
2 0.7776442307692307 0.5324519230769231 0.07692307692307693 0.11538461538461539
2 0.7944711538461539 0.6983173076923077 0.04807692307692308 0.11538461538461539
2 0.7379807692307693 0.7848557692307693 0.052884615384615384 0.15865384615384615
2 0.7223557692307693 0.9459134615384616 0.06490384615384616 0.09615384615384616
2 0.8269230769230769 0.9915865384615384 0.02403846153846154 0.01201923076923077
2 0.5216346153846154 0.9675480769230769 0.07451923076923077 0.0625
2 0.6009615384615384 0.9699519230769231 0.02403846153846154 0.055288461538461536
2 0.6213942307692307 0.9423076923076923 0.02403846153846154 0.02403846153846154
2 0.5072115384615384 0.8557692307692307 0.040865384615384616 0.04326923076923077
2 0.5588942307692307 0.8653846153846154 0.038461538461538464 0.0625
2 0.59375 0.8173076923076923 0.07451923076923077 0.09615384615384616
2 0.5865384615384616 0.6538461538461539 0.04807692307692308 0.12980769230769232
2 0.4879807692307692 0.7403846153846154 0.09375 0.14903846153846154
2 0.5072115384615384 0.6538461538461539 0.06490384615384616 0.0625
2 0.4675480769230769 0.4963942307692308 0.08413461538461539 0.14903846153846154
2 0.5588942307692307 0.47475961538461536 0.07451923076923077 0.12980769230769232
2 0.5600961538461539 0.36899038461538464 0.1201923076923077 0.1346153846153846
2 0.6213942307692307 0.38461538461538464 0.038461538461538464 0.07692307692307693
2 0.4375 0.24639423076923078 0.08653846153846154 0.34134615384615385
2 0.36177884615384615 0.09975961538461539 0.1778846153846154 0.1875
2 0.19831730769230768 0.30408653846153844 0.14423076923076922 0.17307692307692307
2 0.19110576923076922 0.09014423076923077 0.11538461538461539 0.052884615384615384
2 0.18028846153846154 0.1502403846153846 0.057692307692307696 0.09615384615384616
2 0.21634615384615385 0.20192307692307693 0.040865384615384616 0.04567307692307692
2 0.25961538461538464 0.16346153846153846 0.03365384615384615 0.04326923076923077
2 0.32091346153846156 0.38100961538461536 0.07932692307692307 0.1201923076923077
2 0.31009615384615385 0.3076923076923077 0.03125 0.07692307692307693
2 0.31490384615384615 0.23677884615384615 0.04807692307692308 0.09134615384615384
2 0.3401442307692308 0.18629807692307693 0.021634615384615384 0.02403846153846154
2 0.3557692307692308 0.5384615384615384 0.06490384615384616 0.11538461538461539
2 0.2548076923076923 0.5925480769230769 0.09375 0.1346153846153846
2 0.28846153846153844 0.48677884615384615 0.09375 0.11538461538461539
2 0.3629807692307692 0.8329326923076923 0.15625 0.16826923076923078
2 0.296875 0.7367788461538461 0.12259615384615384 0.09134615384615384
2 0.234375 0.9362980769230769 0.06009615384615385 0.11538461538461539
2 0.2091346153846154 0.8557692307692307 0.028846153846153848 0.057692307692307696
2 0.21754807692307693 0.7752403846153846 0.057692307692307696 0.07692307692307693
2 0.15625 0.8305288461538461 0.052884615384615384 0.07211538461538461
2 0.10216346153846154 0.7980769230769231 0.08653846153846154 0.15865384615384615
2 0.038461538461538464 0.7115384615384616 0.07211538461538461 0.1778846153846154
2 0.025240384615384616 0.84375 0.04567307692307692 0.23557692307692307
2 0.11298076923076923 0.5925480769230769 0.09615384615384616 0.23557692307692307
2 0.054086538461538464 0.6442307692307693 0.028846153846153848 0.06971153846153846
2 0.040865384615384616 0.49038461538461536 0.08173076923076923 0.1971153846153846