2 0.6225961538461539 0.8401442307692307 0.052884615384615384 0.04326923076923077
2 0.3329326923076923 0.7980769230769231 0.07211538461538461 0.038461538461538464
2 0.19110576923076922 0.7716346153846154 0.07211538461538461 0.038461538461538464
2 0.8509615384615384 0.6694711538461539 0.0673076923076923 0.03125
2 0.8461538461538461 0.5661057692307693 0.04807692307692308 0.038461538461538464
2 0.9338942307692307 0.53125 0.0625 0.0673076923076923
2 0.9555288461538461 0.43509615384615385 0.052884615384615384 0.052884615384615384
2 0.9158653846153846 0.46875 0.07211538461538461 0.03125
2 0.9086538461538461 0.43149038461538464 0.038461538461538464 0.052884615384615384
2 0.90625 0.3870192307692308 0.052884615384615384 0.04326923076923077
2 0.8617788461538461 0.3870192307692308 0.052884615384615384 0.052884615384615384
2 0.8377403846153846 0.3449519230769231 0.04807692307692308 0.021634615384615384
2 0.8293269230769231 0.3269230769230769 0.0673076923076923 0.0673076923076923
2 0.7512019230769231 0.2800480769230769 0.08173076923076923 0.052884615384615384
2 0.7692307692307693 0.24278846153846154 0.07211538461538461 0.07692307692307693
2 0.7872596153846154 0.2247596153846154 0.04326923076923077 0.038461538461538464
2 0.7427884615384616 0.19831730769230768 0.052884615384615384 0.057692307692307696
2 0.7247596153846154 0.2283653846153846 0.0625 0.038461538461538464
2 0.7223557692307693 0.15504807692307693 0.0673076923076923 0.052884615384615384
2 0.6670673076923077 0.18870192307692307 0.08173076923076923 0.057692307692307696
2 0.625 0.23557692307692307 0.10096153846153846 0.08173076923076923
2 0.5913461538461539 0.21153846153846154 0.0625 0.04807692307692308
2 0.5492788461538461 0.21153846153846154 0.0673076923076923 0.07692307692307693
2 0.49158653846153844 0.20673076923076922 0.0673076923076923 0.0673076923076923
2 0.45552884615384615 0.15745192307692307 0.038461538461538464 0.04807692307692308
2 0.46033653846153844 0.11538461538461539 0.04807692307692308 0.04326923076923077
2 0.40865384615384615 0.17067307692307693 0.0625 0.0673076923076923
2 0.36658653846153844 0.20432692307692307 0.0673076923076923 0.08173076923076923
2 0.33052884615384615 0.14182692307692307 0.0673076923076923 0.052884615384615384
2 0.30649038461538464 0.17307692307692307 0.0625 0.07211538461538461
2 0.30408653846153844 0.2283653846153846 0.0673076923076923 0.04807692307692308
2 0.24639423076923078 0.21514423076923078 0.057692307692307696 0.0673076923076923
2 0.21514423076923078 0.23557692307692307 0.0673076923076923 0.0625
2 0.17307692307692307 0.25961538461538464 0.04326923076923077 0.057692307692307696
2 0.15745192307692307 0.2668269230769231 0.0673076923076923 0.04326923076923077
2 0.04447115384615385 0.3137019230769231 0.0625 0.04807692307692308
2 0.026442307692307692 0.3581730769230769 0.04326923076923077 0.038461538461538464
2 0.0625 0.36177884615384615 0.0625 0.0673076923076923
2 0.10697115384615384 0.34615384615384615 0.07211538461538461 0.07211538461538461
2 0.039663461538461536 0.41586538461538464 0.07211538461538461 0.057692307692307696
2 0.039663461538461536 0.4735576923076923 0.04326923076923077 0.03125
2 0.03365384615384615 0.5600961538461539 0.057692307692307696 0.08173076923076923
2 0.028846153846153848 0.6358173076923077 0.04807692307692308 0.052884615384615384
2 0.06850961538461539 0.6574519230769231 0.0673076923076923 0.036057692307692304
2 0.5973557692307693 0.7932692307692307 0.057692307692307696 0.057692307692307696
2 0.3245192307692308 0.6802884615384616 0.40865384615384615 0.1971153846153846
2 0.15504807692307693 0.5288461538461539 0.1971153846153846 0.28365384615384615
2 0.19591346153846154 0.390625 0.2403846153846154 0.14182692307692307
2 0.3016826923076923 0.3245192307692308 0.2668269230769231 0.14182692307692307
2 0.453125 0.3425480769230769 0.31971153846153844 0.23076923076923078
2 0.4375 0.5216346153846154 0.15384615384615385 0.37740384615384615
2 0.30408653846153844 0.5108173076923077 0.11057692307692307 0.28365384615384615
2 0.5600961538461539 0.49759615384615385 0.11538461538461539 0.5072115384615384
2 0.6670673076923077 0.4795673076923077 0.125 0.42788461538461536
2 0.7536057692307693 0.43990384615384615 0.10096153846153846 0.2932692307692308
2 0.7668269230769231 0.4266826923076923 0.19951923076923078 0.14182692307692307
2 0.6995192307692307 0.4735576923076923 0.23557692307692307 0.11057692307692307
2 0.6826923076923077 0.5805288461538461 0.1466346153846154 0.13942307692307693