2 0.7463942307692307 0.5336538461538461 0.375 0.3557692307692308
2 0.5516826923076923 0.7247596153846154 0.47115384615384615 0.4182692307692308
2 0.48197115384615385 0.28725961538461536 0.5024038461538461 0.4567307692307692
3 0.5264423076923077 0.5264423076923077 0.16346153846153846 0.34134615384615385
3 0.2800480769230769 0.7199519230769231 0.15144230769230768 0.40865384615384615
3 0.19110576923076922 0.3161057692307692 0.1875 0.49759615384615385
0 0.3870192307692308 0.18870192307692307 0.09615384615384616 0.1201923076923077
0 0.42427884615384615 0.3161057692307692 0.09375 0.15865384615384615
0 0.3894230769230769 0.4579326923076923 0.07692307692307693 0.15144230769230768
0 0.3485576923076923 0.38461538461538464 0.0673076923076923 0.1201923076923077
0 0.33052884615384615 0.4639423076923077 0.038461538461538464 0.07692307692307693
0 0.35336538461538464 0.2800480769230769 0.057692307692307696 0.09615384615384616
0 0.3449519230769231 0.14903846153846154 0.07692307692307693 0.10096153846153846
0 0.453125 0.1201923076923077 0.09615384615384616 0.052884615384615384
0 0.4795673076923077 0.2091346153846154 0.0889423076923077 0.14182692307692307
0 0.47836538461538464 0.33052884615384615 0.0673076923076923 0.08413461538461539
0 0.546875 0.25961538461538464 0.08173076923076923 0.13942307692307693
0 0.5805288461538461 0.19951923076923078 0.07692307692307693 0.0889423076923077
0 0.6105769230769231 0.2956730769230769 0.08413461538461539 0.1201923076923077
0 0.5444711538461539 0.34615384615384615 0.057692307692307696 0.026442307692307692
0 0.6706730769230769 0.3173076923076923 0.07211538461538461 0.07692307692307693
0 0.6622596153846154 0.2403846153846154 0.08173076923076923 0.08173076923076923
0 0.6286057692307693 0.13942307692307693 0.1201923076923077 0.10096153846153846
0 0.5264423076923077 0.14182692307692307 0.07692307692307693 0.0889423076923077
0 0.7644230769230769 0.53125 0.28365384615384615 0.3245192307692308