2 0.5024038461538461 0.5048076923076923 0.9567307692307693 0.2403846153846154
2 0.5096153846153846 0.3858173076923077 0.6225961538461539 0.10817307692307693
2 0.5048076923076923 0.2764423076923077 0.5384615384615384 0.12980769230769232
2 0.5144230769230769 0.21394230769230768 0.47596153846153844 0.06490384615384616
2 0.49759615384615385 0.14423076923076922 0.41346153846153844 0.09134615384615384
2 0.49278846153846156 0.10096153846153846 0.3317307692307692 0.057692307692307696
2 0.4879807692307692 0.038461538461538464 0.25961538461538464 0.06009615384615385
2 0.5144230769230769 0.6826923076923077 0.6778846153846154 0.15144230769230768
2 0.5048076923076923 0.7608173076923077 0.5865384615384616 0.10817307692307693
2 0.5120192307692307 0.8533653846153846 0.47115384615384615 0.10336538461538461
2 0.5 0.8918269230769231 0.4182692307692308 0.06971153846153846
2 0.4879807692307692 0.9591346153846154 0.34615384615384615 0.07692307692307693
3 0.78125 0.2800480769230769 0.02403846153846154 0.06009615384615385
3 0.7608173076923077 0.23317307692307693 0.009615384615384616 0.03365384615384615
3 0.7115384615384616 0.15745192307692307 0.02403846153846154 0.038461538461538464
3 0.6730769230769231 0.11899038461538461 0.019230769230769232 0.021634615384615384
3 0.6286057692307693 0.04927884615384615 0.014423076923076924 0.028846153846153848
3 0.8317307692307693 0.4110576923076923 0.014423076923076924 0.057692307692307696
3 0.984375 0.5024038461538461 0.026442307692307692 0.10096153846153846
3 0.8689903846153846 0.6766826923076923 0.02403846153846154 0.0673076923076923
3 0.8137019230769231 0.7415865384615384 0.02403846153846154 0.06009615384615385
3 0.7560096153846154 0.8473557692307693 0.019230769230769232 0.055288461538461536
3 0.7163461538461539 0.8858173076923077 0.014423076923076924 0.028846153846153848
3 0.6730769230769231 0.9591346153846154 0.009615384615384616 0.028846153846153848