2 0.7824519230769231 0.09134615384615384 0.39663461538461536 0.15144230769230768
2 0.2920673076923077 0.08774038461538461 0.39663461538461536 0.15144230769230768
2 0.2920673076923077 0.25600961538461536 0.39663461538461536 0.15144230769230768
2 0.28966346153846156 0.4254807692307692 0.3894230769230769 0.15144230769230768
2 0.2860576923076923 0.5925480769230769 0.38461538461538464 0.15865384615384615
2 0.2824519230769231 0.7584134615384616 0.40384615384615385 0.15625
2 0.2824519230769231 0.9194711538461539 0.40384615384615385 0.14903846153846154
2 0.7800480769230769 0.7572115384615384 0.40384615384615385 0.14423076923076922
2 0.7896634615384616 0.5913461538461539 0.39663461538461536 0.14903846153846154
2 0.7800480769230769 0.4254807692307692 0.40384615384615385 0.15144230769230768
2 0.7860576923076923 0.25600961538461536 0.3894230769230769 0.15144230769230768
2 0.7800480769230769 0.9194711538461539 0.3894230769230769 0.14903846153846154
3 0.5528846153846154 0.09014423076923077 0.07692307692307693 0.1346153846153846
3 0.0625 0.08653846153846154 0.07692307692307693 0.1346153846153846
3 0.546875 0.25721153846153844 0.07692307692307693 0.1346153846153846
3 0.06009615384615385 0.25600961538461536 0.06971153846153846 0.13221153846153846
3 0.05048076923076923 0.4254807692307692 0.07692307692307693 0.13221153846153846
3 0.546875 0.42788461538461536 0.07692307692307693 0.12980769230769232
3 0.5444711538461539 0.5949519230769231 0.06971153846153846 0.1346153846153846
3 0.05048076923076923 0.5949519230769231 0.07692307692307693 0.12980769230769232
3 0.05048076923076923 0.7584134615384616 0.0625 0.13701923076923078
3 0.5444711538461539 0.7572115384615384 0.06971153846153846 0.13221153846153846
3 0.04447115384615385 0.9230769230769231 0.07692307692307693 0.13701923076923078
3 0.546875 0.9206730769230769 0.07692307692307693 0.13221153846153846