2 0.7704326923076923 0.10697115384615384 0.4230769230769231 0.1778846153846154
2 0.7680288461538461 0.3076923076923077 0.4182692307692308 0.16826923076923078
2 0.7704326923076923 0.5108173076923077 0.4230769230769231 0.17307692307692307
2 0.26322115384615385 0.10697115384615384 0.42788461538461536 0.16826923076923078
2 0.265625 0.31009615384615385 0.4230769230769231 0.18269230769230768
2 0.265625 0.5108173076923077 0.4230769230769231 0.17307692307692307
2 0.26322115384615385 0.7103365384615384 0.42788461538461536 0.18028846153846154
2 0.7704326923076923 0.7103365384615384 0.4230769230769231 0.1778846153846154
2 0.7704326923076923 0.9014423076923077 0.4230769230769231 0.18028846153846154
2 0.265625 0.9038461538461539 0.4230769230769231 0.17548076923076922
5 0.5324519230769231 0.109375 0.055288461538461536 0.07692307692307693
5 0.025240384615384616 0.10697115384615384 0.05048076923076923 0.0889423076923077
5 0.030048076923076924 0.31009615384615385 0.06009615384615385 0.08653846153846154
5 0.5276442307692307 0.31009615384615385 0.055288461538461536 0.08653846153846154
5 0.5324519230769231 0.5108173076923077 0.0625 0.08653846153846154
5 0.5300480769230769 0.7055288461538461 0.05048076923076923 0.08173076923076923
5 0.5384615384615384 0.9014423076923077 0.06009615384615385 0.08173076923076923
5 0.03245192307692308 0.9038461538461539 0.055288461538461536 0.08653846153846154
5 0.030048076923076924 0.7079326923076923 0.05048076923076923 0.08653846153846154