2 0.5096153846153846 0.18389423076923078 0.25 0.17548076923076922
2 0.4963942307692308 0.3557692307692308 0.2980769230769231 0.13701923076923078
2 0.44711538461538464 0.49038461538461536 0.3605769230769231 0.11057692307692307
2 0.5120192307692307 0.6201923076923077 0.24278846153846154 0.11538461538461539
2 0.5192307692307693 0.7319711538461539 0.18028846153846154 0.09615384615384616
2 0.5528846153846154 0.8497596153846154 0.14903846153846154 0.12740384615384615
3 0.36899038461538464 0.18389423076923078 0.0673076923076923 0.16826923076923078
3 0.3173076923076923 0.3557692307692308 0.04807692307692308 0.13701923076923078
3 0.2548076923076923 0.4891826923076923 0.04807692307692308 0.10817307692307693
3 0.3605769230769231 0.6201923076923077 0.038461538461538464 0.10096153846153846
3 0.4098557692307692 0.734375 0.038461538461538464 0.09615384615384616
3 0.4567307692307692 0.8497596153846154 0.057692307692307696 0.1201923076923077