2 0.3605769230769231 0.703125 0.25721153846153844 0.2932692307692308
2 0.3088942307692308 0.7932692307692307 0.16346153846153846 0.21153846153846154
2 0.5925480769230769 0.6778846153846154 0.22596153846153846 0.23557692307692307
2 0.6490384615384616 0.6682692307692307 0.18509615384615385 0.30288461538461536
2 0.4483173076923077 0.6778846153846154 0.14423076923076922 0.3125
2 0.39663461538461536 0.8377403846153846 0.0625 0.1466346153846154
2 0.5492788461538461 0.828125 0.09615384615384616 0.1346153846153846
2 0.29086538461538464 0.45552884615384615 0.18028846153846154 0.19230769230769232
2 0.36899038461538464 0.4651442307692308 0.0673076923076923 0.23557692307692307
2 0.47115384615384615 0.4579326923076923 0.14903846153846154 0.14423076923076922
2 0.5180288461538461 0.45552884615384615 0.09615384615384616 0.21634615384615385
2 0.3245192307692308 0.20432692307692307 0.23557692307692307 0.2932692307692308
2 0.4230769230769231 0.2283653846153846 0.07211538461538461 0.3317307692307692
2 0.5612980769230769 0.22596153846153846 0.1971153846153846 0.2668269230769231
2 0.6237980769230769 0.23798076923076922 0.16346153846153846 0.3125