2 0.8125 0.6478365384615384 0.33653846153846156 0.6394230769230769
2 0.1778846153846154 0.22115384615384615 0.1971153846153846 0.4423076923076923
2 0.1346153846153846 0.8064903846153846 0.18269230769230768 0.37740384615384615
2 0.2980769230769231 0.6670673076923077 0.2692307692307692 0.47115384615384615
2 0.28365384615384615 0.7896634615384616 0.15865384615384615 0.40865384615384615
2 0.4182692307692308 0.7295673076923077 0.21153846153846154 0.5096153846153846
2 0.4891826923076923 0.6201923076923077 0.25 0.4206730769230769
2 0.6033653846153846 0.6670673076923077 0.1971153846153846 0.4807692307692308
2 0.6850961538461539 0.26802884615384615 0.25961538461538464 0.5360576923076923
2 0.5685096153846154 0.22716346153846154 0.27403846153846156 0.4519230769230769
2 0.4891826923076923 0.328125 0.2644230769230769 0.5576923076923077
2 0.3786057692307692 0.2704326923076923 0.23317307692307693 0.49759615384615385
2 0.24158653846153846 0.328125 0.23557692307692307 0.45913461538461536