2 0.3137019230769231 0.08173076923076923 0.32211538461538464 0.15625
2 0.20793269230769232 0.12740384615384615 0.35096153846153844 0.24759615384615385
2 0.35216346153846156 0.5276442307692307 0.3125 0.21875
2 0.2704326923076923 0.5432692307692307 0.23557692307692307 0.28846153846153844
2 0.234375 0.11658653846153846 0.25 0.22596153846153846
2 0.23197115384615385 0.5384615384615384 0.3125 0.40865384615384615
2 0.33052884615384615 0.9026442307692307 0.36778846153846156 0.18990384615384615
2 0.2536057692307692 0.875 0.4014423076923077 0.24519230769230768
2 0.6141826923076923 0.6670673076923077 0.24519230769230768 0.19230769230769232
2 0.8221153846153846 0.4579326923076923 0.22355769230769232 0.15865384615384615
2 0.8329326923076923 0.14182692307692307 0.24519230769230768 0.2764423076923077
2 0.7536057692307693 0.15264423076923078 0.1971153846153846 0.2980769230769231
2 0.5817307692307693 0.2403846153846154 0.28846153846153844 0.3701923076923077
2 0.49759615384615385 0.25961538461538464 0.28365384615384615 0.4543269230769231
2 0.5492788461538461 0.6814903846153846 0.18028846153846154 0.25961538461538464
2 0.5276442307692307 0.6766826923076923 0.2692307692307692 0.3557692307692308
2 0.7596153846153846 0.47115384615384615 0.14182692307692307 0.23076923076923078
2 0.7319711538461539 0.4651442307692308 0.21875 0.31971153846153844
2 0.8088942307692307 0.8822115384615384 0.25240384615384615 0.23076923076923078
2 0.7223557692307693 0.8653846153846154 0.2283653846153846 0.2644230769230769