2 0.23317307692307693 0.30408653846153844 0.34615384615384615 0.16346153846153846
2 0.5504807692307693 0.203125 0.7379807692307693 0.3173076923076923
2 0.2247596153846154 0.49399038461538464 0.32211538461538464 0.13701923076923078
2 0.48677884615384615 0.4891826923076923 0.5985576923076923 0.25240384615384615
2 0.1814903846153846 0.6574519230769231 0.23557692307692307 0.11538461538461539
2 0.4326923076923077 0.7055288461538461 0.5240384615384616 0.1971153846153846
2 0.17668269230769232 0.8004807692307693 0.22596153846153846 0.09615384615384616
2 0.3737980769230769 0.8810096153846154 0.35336538461538464 0.16346153846153846
3 0.4362980769230769 0.3016826923076923 0.10096153846153846 0.16826923076923078
3 0.9471153846153846 0.20192307692307693 0.07451923076923077 0.1875
3 0.8185096153846154 0.49038461538461536 0.0625 0.17307692307692307
3 0.4170673076923077 0.49759615384615385 0.07451923076923077 0.13701923076923078
3 0.7223557692307693 0.7115384615384616 0.07451923076923077 0.15384615384615385
3 0.33653846153846156 0.6610576923076923 0.07451923076923077 0.11538461538461539
3 0.32572115384615385 0.8040865384615384 0.07451923076923077 0.09615384615384616
3 0.5853365384615384 0.8846153846153846 0.06971153846153846 0.1346153846153846