2 0.1622596153846154 0.6286057692307693 0.125 0.4423076923076923
2 0.3161057692307692 0.8112980769230769 0.13942307692307693 0.2644230769230769
2 0.2860576923076923 0.7067307692307693 0.13221153846153846 0.3918269230769231
2 0.3786057692307692 0.36899038461538464 0.19471153846153846 0.39663461538461536
2 0.4423076923076923 0.6887019230769231 0.1658653846153846 0.44711538461538464
2 0.5769230769230769 0.7608173076923077 0.1201923076923077 0.3870192307692308
2 0.6682692307692307 0.6622596153846154 0.1466346153846154 0.5096153846153846
2 0.5480769230769231 0.45072115384615385 0.12980769230769232 0.22115384615384615
2 0.6814903846153846 0.296875 0.18269230769230768 0.3870192307692308
2 0.8209134615384616 0.5360576923076923 0.17307692307692307 0.5264423076923077
2 0.890625 0.8581730769230769 0.21394230769230768 0.18269230769230768
3 0.1658653846153846 0.3557692307692308 0.10817307692307693 0.10336538461538461
3 0.2860576923076923 0.44591346153846156 0.10817307692307693 0.10817307692307693
3 0.32211538461538464 0.6153846153846154 0.11057692307692307 0.10817307692307693
3 0.44350961538461536 0.4098557692307692 0.10817307692307693 0.10817307692307693
3 0.3786057692307692 0.11899038461538461 0.10096153846153846 0.10336538461538461
3 0.5372596153846154 0.28846153846153844 0.10817307692307693 0.10336538461538461
3 0.6598557692307693 0.3425480769230769 0.11538461538461539 0.10817307692307693
3 0.7127403846153846 0.04927884615384615 0.10576923076923077 0.09615384615384616
3 0.828125 0.21394230769230768 0.11057692307692307 0.0985576923076923
3 0.7475961538461539 0.8713942307692307 0.0889423076923077 0.1346153846153846