2 0.08653846153846154 0.8257211538461539 0.13942307692307693 0.3269230769230769
2 0.29086538461538464 0.8257211538461539 0.13942307692307693 0.3173076923076923
2 0.5024038461538461 0.828125 0.14423076923076922 0.3125
2 0.7115384615384616 0.8233173076923077 0.14423076923076922 0.32211538461538464
2 0.9206730769230769 0.828125 0.14423076923076922 0.32211538461538464
2 0.08173076923076923 0.26802884615384615 0.13942307692307693 0.3125
2 0.29086538461538464 0.2704326923076923 0.13942307692307693 0.3269230769230769
2 0.5024038461538461 0.26802884615384615 0.14423076923076922 0.3125
2 0.7151442307692307 0.2704326923076923 0.14423076923076922 0.3173076923076923
2 0.9206730769230769 0.265625 0.1346153846153846 0.3076923076923077
3 0.08413461538461539 0.6105769230769231 0.1346153846153846 0.10096153846153846
3 0.28846153846153844 0.6201923076923077 0.14423076923076922 0.09134615384615384
3 0.5060096153846154 0.6201923076923077 0.14423076923076922 0.09134615384615384
3 0.7091346153846154 0.6153846153846154 0.13942307692307693 0.09134615384615384
3 0.9134615384615384 0.6177884615384616 0.13942307692307693 0.09615384615384616
3 0.9206730769230769 0.057692307692307696 0.1346153846153846 0.09615384615384616
3 0.7151442307692307 0.057692307692307696 0.1346153846153846 0.09615384615384616
3 0.5036057692307693 0.052884615384615384 0.13942307692307693 0.08653846153846154
3 0.2932692307692308 0.057692307692307696 0.14423076923076922 0.09615384615384616
3 0.08413461538461539 0.06490384615384616 0.14423076923076922 0.09134615384615384