2 0.17427884615384615 0.3473557692307692 0.08653846153846154 0.14903846153846154
2 0.23557692307692307 0.13701923076923078 0.04807692307692308 0.057692307692307696
2 0.1778846153846154 0.042067307692307696 0.04807692307692308 0.08413461538461539
2 0.1346153846153846 0.015625 0.04807692307692308 0.03125
2 0.35336538461538464 0.042067307692307696 0.04326923076923077 0.08413461538461539
2 0.4519230769230769 0.13701923076923078 0.11538461538461539 0.04807692307692308
2 0.4963942307692308 0.09495192307692307 0.03365384615384615 0.036057692307692304
2 0.3605769230769231 0.24759615384615385 0.026442307692307692 0.019230769230769232
2 0.4338942307692308 0.3894230769230769 0.03365384615384615 0.04807692307692308
2 0.4651442307692308 0.4411057692307692 0.0889423076923077 0.036057692307692304
2 0.4675480769230769 0.6129807692307693 0.2932692307692308 0.2692307692307692
2 0.04807692307692308 0.5769230769230769 0.0889423076923077 0.1346153846153846
2 0.7800480769230769 0.8449519230769231 0.0625 0.040865384615384616
2 0.65625 0.5877403846153846 0.03125 0.03125
2 0.7283653846153846 0.45072115384615385 0.24278846153846154 0.22115384615384615
2 0.5637019230769231 0.43509615384615385 0.038461538461538464 0.04807692307692308
2 0.6370192307692307 0.35336538461538464 0.16826923076923078 0.12980769230769232
2 0.7163461538461539 0.1935096153846154 0.026442307692307692 0.09615384615384616
2 0.5757211538461539 0.14903846153846154 0.052884615384615384 0.1346153846153846
2 0.5504807692307693 0.21394230769230768 0.019230769230769232 0.014423076923076924
2 0.6105769230769231 0.08774038461538461 0.06971153846153846 0.17548076923076922
2 0.9675480769230769 0.22956730769230768 0.05048076923076923 0.036057692307692304
2 0.921875 0.5877403846153846 0.15144230769230768 0.27163461538461536
2 0.9579326923076923 0.9146634615384616 0.07932692307692307 0.13221153846153846