2 0.7848557692307693 0.8557692307692307 0.1466346153846154 0.21875
2 0.5264423076923077 0.8509615384615384 0.18269230769230768 0.21634615384615385
2 0.5288461538461539 0.6153846153846154 0.1875 0.21634615384615385
2 0.8040865384615384 0.6177884615384616 0.1875 0.22115384615384615
2 0.8004807692307693 0.375 0.1875 0.2091346153846154
2 0.8064903846153846 0.13822115384615385 0.18269230769230768 0.21153846153846154
2 0.53125 0.3713942307692308 0.18269230769230768 0.21634615384615385
2 0.53125 0.13581730769230768 0.18269230769230768 0.2091346153846154
2 0.2536057692307692 0.13822115384615385 0.1778846153846154 0.21153846153846154
2 0.25600961538461536 0.375 0.18269230769230768 0.2091346153846154
2 0.25600961538461536 0.6177884615384616 0.18269230769230768 0.22355769230769232
2 0.25600961538461536 0.8509615384615384 0.19230769230769232 0.21634615384615385
3 0.4110576923076923 0.8485576923076923 0.07692307692307693 0.1875
3 0.6802884615384616 0.8461538461538461 0.07211538461538461 0.18269230769230768
3 0.13581730769230768 0.8485576923076923 0.07692307692307693 0.1875
3 0.13581730769230768 0.6105769230769231 0.07692307692307693 0.19230769230769232
3 0.40865384615384615 0.6105769230769231 0.07211538461538461 0.18269230769230768
3 0.6838942307692307 0.6045673076923077 0.07211538461538461 0.1875
3 0.6862980769230769 0.36899038461538464 0.07692307692307693 0.1875
3 0.4110576923076923 0.3713942307692308 0.0673076923076923 0.19230769230769232
3 0.13942307692307693 0.375 0.07692307692307693 0.18269230769230768
3 0.13942307692307693 0.13581730769230768 0.07692307692307693 0.18269230769230768
3 0.41346153846153844 0.13581730769230768 0.07211538461538461 0.19230769230769232
3 0.6826923076923077 0.13341346153846154 0.0673076923076923 0.1875