2 0.6009615384615384 0.8100961538461539 0.6778846153846154 0.1201923076923077
2 0.5264423076923077 0.6887019230769231 0.7788461538461539 0.125
2 0.5264423076923077 0.5637019230769231 0.8149038461538461 0.125
2 0.5060096153846154 0.43990384615384615 0.8701923076923077 0.1346153846153846
2 0.5060096153846154 0.3088942307692308 0.8701923076923077 0.13701923076923078
2 0.5444711538461539 0.1814903846153846 0.7932692307692307 0.125
3 0.2439903846153846 0.8137019230769231 0.02403846153846154 0.04807692307692308
3 0.11658653846153846 0.6899038461538461 0.028846153846153848 0.052884615384615384
3 0.11057692307692307 0.5612980769230769 0.028846153846153848 0.057692307692307696
3 0.054086538461538464 0.43509615384615385 0.036057692307692304 0.0625
3 0.04807692307692308 0.30288461538461536 0.02403846153846154 0.052884615384615384
3 0.125 0.1778846153846154 0.02403846153846154 0.05048076923076923