2 0.4951923076923077 0.8413461538461539 0.5841346153846154 0.12259615384615384
2 0.5048076923076923 0.703125 0.5625 0.15625
2 0.4675480769230769 0.5564903846153846 0.6394230769230769 0.13701923076923078
2 0.47716346153846156 0.41947115384615385 0.6201923076923077 0.14423076923076922
2 0.47716346153846156 0.27163461538461536 0.6105769230769231 0.14423076923076922
2 0.5024038461538461 0.13701923076923078 0.5769230769230769 0.11778846153846154
3 0.22355769230769232 0.7115384615384616 0.028846153846153848 0.055288461538461536
3 0.1346153846153846 0.5600961538461539 0.02403846153846154 0.05048076923076923
3 0.1466346153846154 0.41346153846153844 0.019230769230769232 0.055288461538461536
3 0.16466346153846154 0.27403846153846156 0.014423076923076924 0.055288461538461536
3 0.18990384615384615 0.12860576923076922 0.014423076923076924 0.055288461538461536