2 0.6959134615384616 0.6766826923076923 0.3245192307692308 0.21634615384615385
2 0.4182692307692308 0.8149038461538461 0.30288461538461536 0.15865384615384615
2 0.3401442307692308 0.7067307692307693 0.3245192307692308 0.08653846153846154
2 0.5240384615384616 0.6057692307692307 0.2403846153846154 0.14423076923076922
2 0.2956730769230769 0.5528846153846154 0.19230769230769232 0.1201923076923077
2 0.46634615384615385 0.47596153846153844 0.15865384615384615 0.11057692307692307
2 0.7379807692307693 0.4807692307692308 0.2403846153846154 0.16826923076923078
2 0.8293269230769231 0.375 0.14182692307692307 0.1971153846153846
2 0.6622596153846154 0.27283653846153844 0.17307692307692307 0.22115384615384615
2 0.5 0.1875 0.12980769230769232 0.13942307692307693
2 0.49158653846153844 0.3293269230769231 0.2091346153846154 0.12980769230769232
2 0.3557692307692308 0.22115384615384615 0.125 0.07932692307692307
2 0.2980769230769231 0.359375 0.15865384615384615 0.18269230769230768