2 0.1778846153846154 0.21514423076923078 0.28365384615384615 0.3605769230769231
2 0.17548076923076922 0.7043269230769231 0.28846153846153844 0.3701923076923077
2 0.484375 0.7043269230769231 0.2932692307692308 0.3605769230769231
2 0.7980769230769231 0.7019230769230769 0.28846153846153844 0.375
2 0.8004807692307693 0.2127403846153846 0.2932692307692308 0.36538461538461536
2 0.48677884615384615 0.21153846153846154 0.2980769230769231 0.3701923076923077
3 0.1778846153846154 0.43149038461538464 0.25 0.08173076923076923
3 0.1778846153846154 0.9158653846153846 0.25721153846153844 0.0889423076923077
3 0.484375 0.9182692307692307 0.25 0.08413461538461539
3 0.484375 0.43149038461538464 0.25 0.0889423076923077
3 0.7956730769230769 0.4266826923076923 0.25 0.0889423076923077
3 0.7956730769230769 0.9182692307692307 0.25 0.09375