2 0.5540865384615384 0.19831730769230768 0.23557692307692307 0.09134615384615384
2 0.5576923076923077 0.3245192307692308 0.2403846153846154 0.09134615384615384
2 0.5576923076923077 0.45072115384615385 0.2403846153846154 0.09134615384615384
2 0.5576923076923077 0.5805288461538461 0.23076923076923078 0.09134615384615384
2 0.5540865384615384 0.7055288461538461 0.23557692307692307 0.09134615384615384
2 0.5600961538461539 0.8353365384615384 0.23557692307692307 0.09134615384615384
5 0.3485576923076923 0.19831730769230768 0.1778846153846154 0.07692307692307693
5 0.3485576923076923 0.32211538461538464 0.16826923076923078 0.07211538461538461
5 0.3485576923076923 0.45072115384615385 0.16826923076923078 0.07692307692307693
5 0.34615384615384615 0.5805288461538461 0.18269230769230768 0.07692307692307693
5 0.35096153846153844 0.7055288461538461 0.17307692307692307 0.07692307692307693
5 0.3545673076923077 0.8341346153846154 0.1778846153846154 0.07211538461538461