2 0.4699519230769231 0.21514423076923078 0.5600961538461539 0.3798076923076923
2 0.43990384615384615 0.7247596153846154 0.6394230769230769 0.49038461538461536
3 0.7848557692307693 0.21514423076923078 0.10096153846153846 0.3605769230769231
3 0.7896634615384616 0.7295673076923077 0.1201923076923077 0.40865384615384615
0 0.5769230769230769 0.8269230769230769 0.21634615384615385 0.18509615384615385
0 0.6021634615384616 0.5949519230769231 0.16346153846153846 0.18990384615384615
0 0.4879807692307692 0.6598557692307693 0.08653846153846154 0.19951923076923078
0 0.3798076923076923 0.5949519230769231 0.15865384615384615 0.16826923076923078
0 0.29447115384615385 0.5528846153846154 0.18028846153846154 0.125
0 0.2620192307692308 0.7127403846153846 0.20673076923076922 0.20673076923076922
0 0.28725961538461536 0.8653846153846154 0.22596153846153846 0.15865384615384615
0 0.4375 0.8978365384615384 0.1346153846153846 0.10576923076923077
0 0.4326923076923077 0.7644230769230769 0.09615384615384616 0.15865384615384615
0 0.6129807692307693 0.9230769230769231 0.17548076923076922 0.06490384615384616