2 0.2247596153846154 0.2932692307692308 0.15865384615384615 0.17307692307692307
2 0.10697115384615384 0.33653846153846156 0.04807692307692308 0.07932692307692307
2 0.18389423076923078 0.359375 0.02403846153846154 0.0625
2 0.17067307692307693 0.4098557692307692 0.0625 0.04807692307692308
2 0.234375 0.36538461538461536 0.04807692307692308 0.0625
2 0.10096153846153846 0.42908653846153844 0.028846153846153848 0.052884615384615384
2 0.15865384615384615 0.5024038461538461 0.057692307692307696 0.0625
2 0.17427884615384615 0.5288461538461539 0.04807692307692308 0.04326923076923077
2 0.06610576923076923 0.5288461538461539 0.07211538461538461 0.11538461538461539
2 0.140625 0.5685096153846154 0.16826923076923078 0.13221153846153846
2 0.16105769230769232 0.6586538461538461 0.09134615384615384 0.07932692307692307
2 0.10817307692307693 0.6081730769230769 0.052884615384615384 0.09615384615384616
2 0.21875 0.7139423076923077 0.07692307692307693 0.04326923076923077
2 0.16826923076923078 0.7271634615384616 0.038461538461538464 0.0673076923076923
2 0.13701923076923078 0.7620192307692307 0.07211538461538461 0.07451923076923077
2 0.24879807692307693 0.6634615384615384 0.019230769230769232 0.038461538461538464
2 0.24158653846153846 0.6165865384615384 0.009615384615384616 0.014423076923076924
2 0.30528846153846156 0.6081730769230769 0.07692307692307693 0.0625
2 0.2608173076923077 0.5576923076923077 0.0625 0.057692307692307696
2 0.3161057692307692 0.4735576923076923 0.11538461538461539 0.11057692307692307
2 0.38341346153846156 0.328125 0.13942307692307693 0.20192307692307693
2 0.46033653846153844 0.2800480769230769 0.04326923076923077 0.0625
2 0.5600961538461539 0.28846153846153844 0.12980769230769232 0.13221153846153846
2 0.5276442307692307 0.4423076923076923 0.14903846153846154 0.11057692307692307
2 0.49038461538461536 0.44471153846153844 0.2692307692307692 0.16826923076923078
2 0.41947115384615385 0.5612980769230769 0.2932692307692308 0.11538461538461539
2 0.6983173076923077 0.28365384615384615 0.12980769230769232 0.16346153846153846
2 0.6971153846153846 0.23798076923076922 0.028846153846153848 0.0625
2 0.8185096153846154 0.38341346153846156 0.3581730769230769 0.25240384615384615
2 0.875 0.5 0.026442307692307692 0.038461538461538464
2 0.7319711538461539 0.49158653846153844 0.125 0.052884615384615384
2 0.6670673076923077 0.5084134615384616 0.08173076923076923 0.07451923076923077
2 0.734375 0.5817307692307693 0.1875 0.15865384615384615
2 0.6141826923076923 0.5817307692307693 0.12740384615384615 0.09615384615384616
2 0.5841346153846154 0.6538461538461539 0.14903846153846154 0.0673076923076923
2 0.5564903846153846 0.6875 0.18269230769230768 0.12740384615384615
2 0.4795673076923077 0.6935096153846154 0.028846153846153848 0.0625
2 0.4230769230769231 0.6634615384615384 0.08173076923076923 0.09134615384615384
2 0.3798076923076923 0.7223557692307693 0.0625 0.04807692307692308
2 0.30288461538461536 0.6959134615384616 0.09134615384615384 0.0673076923076923
2 0.2247596153846154 0.7860576923076923 0.10576923076923077 0.09134615384615384
2 0.3329326923076923 0.8125 0.15865384615384615 0.09134615384615384
2 0.38822115384615385 0.7932692307692307 0.10817307692307693 0.09615384615384616
2 0.4855769230769231 0.7884615384615384 0.10817307692307693 0.07451923076923077
2 0.453125 0.84375 0.014423076923076924 0.038461538461538464
2 0.4326923076923077 0.8942307692307693 0.04807692307692308 0.052884615384615384
2 0.3918269230769231 0.9387019230769231 0.026442307692307692 0.04807692307692308
2 0.36177884615384615 0.8629807692307693 0.10096153846153846 0.07451923076923077
2 0.5168269230769231 0.8725961538461539 0.09615384615384616 0.08413461538461539
2 0.5372596153846154 0.9362980769230769 0.019230769230769232 0.052884615384615384
2 0.6334134615384616 0.8329326923076923 0.09134615384615384 0.10096153846153846
2 0.6478365384615384 0.7776442307692307 0.0673076923076923 0.052884615384615384
2 0.5540865384615384 0.7379807692307693 0.1346153846153846 0.10096153846153846
2 0.7379807692307693 0.7800480769230769 0.09134615384615384 0.09134615384615384
2 0.7079326923076923 0.7199519230769231 0.0673076923076923 0.04326923076923077
2 0.7283653846153846 0.6766826923076923 0.07692307692307693 0.04326923076923077
2 0.8329326923076923 0.6850961538461539 0.13942307692307693 0.11057692307692307
2 0.8725961538461539 0.7572115384615384 0.06009615384615385 0.04326923076923077
2 0.9326923076923077 0.6298076923076923 0.1201923076923077 0.12740384615384615