2 0.6514423076923077 0.37740384615384615 0.21153846153846154 0.5240384615384616
2 0.3762019230769231 0.6442307692307693 0.052884615384615384 0.052884615384615384
2 0.19951923076923078 0.7596153846153846 0.06490384615384616 0.03365384615384615
2 0.3125 0.4206730769230769 0.34134615384615385 0.4375
2 0.5396634615384616 0.6802884615384616 0.15625 0.09134615384615384
2 0.4495192307692308 0.6826923076923077 0.052884615384615384 0.04326923076923077
2 0.5396634615384616 0.9182692307692307 0.0625 0.0673076923076923
2 0.43509615384615385 0.9074519230769231 0.03365384615384615 0.03365384615384615
2 0.4074519230769231 0.765625 0.057692307692307696 0.0985576923076923
2 0.3004807692307692 0.8966346153846154 0.026442307692307692 0.021634615384615384
2 0.40384615384615385 0.8557692307692307 0.036057692307692304 0.028846153846153848