2 0.7307692307692307 0.7800480769230769 0.3173076923076923 0.34375
2 0.7175480769230769 0.2668269230769231 0.3245192307692308 0.25
2 0.25961538461538464 0.7283653846153846 0.3605769230769231 0.38221153846153844
0 0.6310096153846154 0.7127403846153846 0.0889423076923077 0.08413461538461539
0 0.7776442307692307 0.6887019230769231 0.1875 0.0889423076923077
0 0.6862980769230769 0.7728365384615384 0.16346153846153846 0.0889423076923077
0 0.8173076923076923 0.8269230769230769 0.10576923076923077 0.16826923076923078
0 0.7019230769230769 0.8461538461538461 0.10576923076923077 0.04807692307692308
0 0.7151442307692307 0.90625 0.11538461538461539 0.0625
0 0.6262019230769231 0.8870192307692307 0.06971153846153846 0.04807692307692308
0 0.6262019230769231 0.8377403846153846 0.06971153846153846 0.057692307692307696
0 0.6334134615384616 0.6514423076923077 0.08413461538461539 0.038461538461538464