2 0.051682692307692304 0.03125 0.09134615384615384 0.052884615384615384
2 0.18629807692307693 0.078125 0.0673076923076923 0.04807692307692308
2 0.07091346153846154 0.10096153846153846 0.12980769230769232 0.10817307692307693
2 0.09014423076923077 0.20072115384615385 0.16826923076923078 0.17067307692307693
2 0.054086538461538464 0.39302884615384615 0.0985576923076923 0.15625
2 0.08173076923076923 0.2956730769230769 0.15384615384615385 0.08173076923076923
2 0.06610576923076923 0.546875 0.1201923076923077 0.15865384615384615
2 0.1141826923076923 0.46153846153846156 0.16346153846153846 0.09615384615384616
2 0.20432692307692307 0.36778846153846156 0.18028846153846154 0.1346153846153846
2 0.265625 0.20793269230769232 0.15865384615384615 0.16346153846153846
2 0.2980769230769231 0.057692307692307696 0.125 0.10817307692307693
2 0.36899038461538464 0.13581730769230768 0.09134615384615384 0.08173076923076923
2 0.4206730769230769 0.05048076923076923 0.16346153846153846 0.09375
2 0.546875 0.04326923076923077 0.14182692307692307 0.07932692307692307
2 0.5985576923076923 0.1814903846153846 0.125 0.14423076923076922
2 0.8605769230769231 0.06129807692307692 0.16826923076923078 0.11538461538461539
2 0.8064903846153846 0.17067307692307693 0.18028846153846154 0.10096153846153846
2 0.9158653846153846 0.23197115384615385 0.15865384615384615 0.10096153846153846
2 0.8629807692307693 0.27403846153846156 0.1971153846153846 0.11057692307692307
2 0.5324519230769231 0.2824519230769231 0.18028846153846154 0.10096153846153846
2 0.4483173076923077 0.23197115384615385 0.07692307692307693 0.09375
2 0.3713942307692308 0.21394230769230768 0.11057692307692307 0.11538461538461539
2 0.39663461538461536 0.32091346153846156 0.10336538461538461 0.0673076923076923
2 0.33653846153846156 0.40384615384615385 0.125 0.1201923076923077
2 0.36658653846153844 0.49038461538461536 0.1201923076923077 0.09615384615384616
2 0.1935096153846154 0.5204326923076923 0.23557692307692307 0.10576923076923077
2 0.31971153846153844 0.6009615384615384 0.18028846153846154 0.10096153846153846
2 0.22716346153846154 0.6033653846153846 0.07211538461538461 0.0625
2 0.0733173076923077 0.6490384615384616 0.13701923076923078 0.09375
2 0.16947115384615385 0.703125 0.11057692307692307 0.05048076923076923
2 0.25721153846153844 0.7007211538461539 0.1201923076923077 0.055288461538461536
2 0.22716346153846154 0.828125 0.32211538461538464 0.19230769230769232
2 0.6189903846153846 0.9699519230769231 0.1658653846153846 0.055288461538461536
2 0.7403846153846154 0.8064903846153846 0.4423076923076923 0.25721153846153844
2 0.9302884615384616 0.6310096153846154 0.1346153846153846 0.18990384615384615
2 0.9302884615384616 0.49759615384615385 0.1346153846153846 0.07211538461538461
2 0.9579326923076923 0.9338942307692307 0.07932692307692307 0.07451923076923077
2 0.8209134615384616 0.9735576923076923 0.07932692307692307 0.04807692307692308
2 0.3798076923076923 0.9603365384615384 0.13942307692307693 0.07451923076923077
2 0.453125 0.8533653846153846 0.15384615384615385 0.1778846153846154
2 0.26802884615384615 0.9879807692307693 0.055288461538461536 0.019230769230769232
2 0.4639423076923077 0.75 0.0673076923076923 0.028846153846153848
2 0.5360576923076923 0.71875 0.052884615384615384 0.08173076923076923
2 0.42908653846153844 0.6682692307692307 0.13701923076923078 0.09134615384615384
2 0.5240384615384616 0.6045673076923077 0.12980769230769232 0.07932692307692307
2 0.6201923076923077 0.6033653846153846 0.14903846153846154 0.1201923076923077
2 0.6225961538461539 0.4891826923076923 0.15384615384615385 0.12980769230769232
2 0.5432692307692307 0.5 0.16826923076923078 0.13942307692307693
2 0.4699519230769231 0.5348557692307693 0.0985576923076923 0.08173076923076923
2 0.5240384615384616 0.3641826923076923 0.20673076923076922 0.15625
2 0.7836538461538461 0.3641826923076923 0.09134615384615384 0.1346153846153846
2 0.890625 0.35336538461538464 0.1201923076923077 0.09615384615384616