2 0.06610576923076923 0.11538461538461539 0.0889423076923077 0.16826923076923078
2 0.13581730769230768 0.390625 0.15384615384615385 0.25721153846153844
2 0.10697115384615384 0.6177884615384616 0.0889423076923077 0.0889423076923077
2 0.09735576923076923 0.8112980769230769 0.15144230769230768 0.18269230769230768
2 0.27163461538461536 0.8798076923076923 0.15144230769230768 0.17067307692307693
2 0.43509615384615385 0.8798076923076923 0.0889423076923077 0.14182692307692307
2 0.59375 0.90625 0.10096153846153846 0.08173076923076923
2 0.4266826923076923 0.6418269230769231 0.052884615384615384 0.2091346153846154
2 0.2848557692307692 0.6778846153846154 0.125 0.11057692307692307
2 0.3161057692307692 0.41947115384615385 0.15144230769230768 0.21634615384615385
2 0.24879807692307693 0.1466346153846154 0.07211538461538461 0.1971153846153846
2 0.4026442307692308 0.14423076923076922 0.15384615384615385 0.19230769230769232
2 0.53125 0.29086538461538464 0.11057692307692307 0.21634615384615385
2 0.48677884615384615 0.4110576923076923 0.13942307692307693 0.17307692307692307
2 0.6069711538461539 0.13341346153846154 0.15384615384615385 0.14182692307692307
2 0.6935096153846154 0.3870192307692308 0.10576923076923077 0.16826923076923078
2 0.6959134615384616 0.5552884615384616 0.04807692307692308 0.10576923076923077
2 0.6225961538461539 0.5625 0.07211538461538461 0.08413461538461539
2 0.546875 0.6105769230769231 0.036057692307692304 0.021634615384615384
2 0.5733173076923077 0.6646634615384616 0.019230769230769232 0.014423076923076924
2 0.578125 0.7283653846153846 0.10576923076923077 0.052884615384615384
2 0.6153846153846154 0.7824519230769231 0.03125 0.019230769230769232
2 0.6286057692307693 0.8112980769230769 0.038461538461538464 0.021634615384615384
2 0.7848557692307693 0.921875 0.16346153846153846 0.057692307692307696
2 0.9423076923076923 0.9290865384615384 0.04326923076923077 0.0889423076923077
2 0.9038461538461539 0.8173076923076923 0.09375 0.04326923076923077
2 0.8088942307692307 0.8064903846153846 0.125 0.09375
2 0.7115384615384616 0.7908653846153846 0.04326923076923077 0.10576923076923077
2 0.6935096153846154 0.7151442307692307 0.0625 0.04326923076923077
2 0.7716346153846154 0.7427884615384616 0.021634615384615384 0.019230769230769232
2 0.8088942307692307 0.7307692307692307 0.052884615384615384 0.03125
2 0.7596153846153846 0.6862980769230769 0.019230769230769232 0.014423076923076924
2 0.7067307692307693 0.6538461538461539 0.026442307692307692 0.026442307692307692
2 0.6730769230769231 0.6670673076923077 0.004807692307692308 0.026442307692307692
2 0.7427884615384616 0.6021634615384616 0.026442307692307692 0.04807692307692308
2 0.7884615384615384 0.6598557692307693 0.014423076923076924 0.014423076923076924
2 0.8161057692307693 0.6334134615384616 0.08413461538461539 0.13942307692307693
2 0.9158653846153846 0.7199519230769231 0.11538461538461539 0.04326923076923077
2 0.9266826923076923 0.5805288461538461 0.0673076923076923 0.10096153846153846
2 0.8557692307692307 0.5372596153846154 0.04807692307692308 0.04326923076923077
2 0.7692307692307693 0.4795673076923077 0.08173076923076923 0.125
2 0.9182692307692307 0.4891826923076923 0.08413461538461539 0.07211538461538461
2 0.8161057692307693 0.2980769230769231 0.12980769230769232 0.14182692307692307
2 0.7800480769230769 0.125 0.12980769230769232 0.1778846153846154
2 0.9242788461538461 0.21514423076923078 0.11538461538461539 0.1466346153846154