2 0.48197115384615385 0.6694711538461539 0.3245192307692308 0.5096153846153846
2 0.18028846153846154 0.47596153846153844 0.35096153846153844 0.7019230769230769
2 0.3713942307692308 0.3425480769230769 0.0673076923076923 0.1875
2 0.6466346153846154 0.37740384615384615 0.2548076923076923 0.30288461538461536
2 0.8221153846153846 0.3137019230769231 0.15865384615384615 0.28846153846153844
2 0.9435096153846154 0.2644230769230769 0.10817307692307693 0.2644230769230769
3 0.15384615384615385 0.06490384615384616 0.2980769230769231 0.1201923076923077
3 0.7283653846153846 0.6959134615384616 0.23076923076923078 0.2980769230769231
3 0.3798076923076923 0.22716346153846154 0.08413461538461539 0.052884615384615384
3 0.6490384615384616 0.18389423076923078 0.25721153846153844 0.12980769230769232
3 0.45552884615384615 0.1310096153846154 0.23557692307692307 0.11057692307692307
3 0.37740384615384615 0.04927884615384615 0.22115384615384615 0.0889423076923077
3 0.5048076923076923 0.018028846153846152 0.2091346153846154 0.036057692307692304
3 0.5889423076923077 0.078125 0.2548076923076923 0.09375
3 0.7824519230769231 0.12860576923076922 0.25 0.125
3 0.7151442307692307 0.038461538461538464 0.23317307692307693 0.07692307692307693
3 0.8990384615384616 0.0829326923076923 0.1971153846153846 0.12259615384615384