2 0.46875 0.5012019230769231 0.9326923076923077 0.9927884615384616
2 0.7067307692307693 0.16105769230769232 0.21394230769230768 0.3125
2 0.8617788461538461 0.15504807692307693 0.12980769230769232 0.28846153846153844
2 0.8737980769230769 0.08533653846153846 0.1346153846153846 0.15865384615384615
2 0.8737980769230769 0.2848557692307692 0.125 0.12980769230769232
2 0.8689903846153846 0.4831730769230769 0.12259615384615384 0.28846153846153844
2 0.8052884615384616 0.4206730769230769 0.06009615384615385 0.22115384615384615
2 0.7716346153846154 0.4098557692307692 0.04326923076923077 0.17548076923076922
2 0.7319711538461539 0.3762019230769231 0.08173076923076923 0.23076923076923078
2 0.4567307692307692 0.10216346153846154 0.3293269230769231 0.19230769230769232
2 0.3233173076923077 0.04567307692307692 0.07692307692307693 0.07932692307692307
2 0.25841346153846156 0.14423076923076922 0.14423076923076922 0.2764423076923077
2 0.14783653846153846 0.07091346153846154 0.0985576923076923 0.12980769230769232
2 0.41947115384615385 0.42427884615384615 0.3605769230769231 0.4855769230769231
2 0.6262019230769231 0.4543269230769231 0.2692307692307692 0.5384615384615384
2 0.671875 0.7680288461538461 0.14423076923076922 0.16826923076923078
2 0.8100961538461539 0.7548076923076923 0.1201923076923077 0.1875
2 0.9038461538461539 0.9375 0.04567307692307692 0.09134615384615384
2 0.8257211538461539 0.8954326923076923 0.15865384615384615 0.16346153846153846
2 0.7175480769230769 0.9362980769230769 0.12259615384615384 0.12259615384615384
2 0.6418269230769231 0.9447115384615384 0.08653846153846154 0.10576923076923077
2 0.6225961538461539 0.8245192307692307 0.15865384615384615 0.25
2 0.375 0.7403846153846154 0.3701923076923077 0.40625
2 0.23557692307692307 0.5060096153846154 0.21153846153846154 0.32211538461538464
2 0.14543269230769232 0.328125 0.19230769230769232 0.35096153846153844
2 0.07692307692307693 0.14182692307692307 0.14903846153846154 0.20673076923076922
2 0.06971153846153846 0.4423076923076923 0.1346153846153846 0.5336538461538461
2 0.09615384615384616 0.7355769230769231 0.1875 0.3076923076923077
2 0.140625 0.8545673076923077 0.2091346153846154 0.2860576923076923