2 0.5360576923076923 0.7475961538461539 0.2620192307692308 0.3173076923076923
2 0.9170673076923077 0.6850961538461539 0.16105769230769232 0.46153846153846156
2 0.7463942307692307 0.703125 0.20192307692307693 0.27403846153846156
2 0.6802884615384616 0.5072115384615384 0.28846153846153844 0.0985576923076923
2 0.35216346153846156 0.5540865384615384 0.37740384615384615 0.35096153846153844
2 0.3389423076923077 0.7091346153846154 0.1201923076923077 0.21875
5 0.5240384615384616 0.5685096153846154 0.2403846153846154 0.052884615384615384
5 0.38221153846153844 0.5637019230769231 0.20673076923076922 0.057692307692307696
5 0.3557692307692308 0.3581730769230769 0.27403846153846156 0.040865384615384616
5 0.6826923076923077 0.43149038461538464 0.27403846153846156 0.040865384615384616
5 0.7319711538461539 0.5288461538461539 0.20673076923076922 0.0625
5 0.9086538461538461 0.4170673076923077 0.1778846153846154 0.07932692307692307