2 0.140625 0.3425480769230769 0.25721153846153844 0.625
2 0.3125 0.421875 0.20673076923076922 0.5721153846153846
2 0.4963942307692308 0.359375 0.2403846153846154 0.6105769230769231
2 0.5060096153846154 0.671875 0.21153846153846154 0.13942307692307693
2 0.6983173076923077 0.4170673076923077 0.20432692307692307 0.5817307692307693
2 0.8653846153846154 0.33052884615384615 0.2548076923076923 0.6298076923076923
5 0.49399038461538464 0.8305288461538461 0.10576923076923077 0.18269230769230768
5 0.3125 0.8617788461538461 0.09375 0.15865384615384615
5 0.14543269230769232 0.8209134615384616 0.11057692307692307 0.17307692307692307
5 0.5060096153846154 0.9146634615384616 0.09134615384615384 0.12980769230769232
5 0.6983173076923077 0.8617788461538461 0.09134615384615384 0.16826923076923078
5 0.8737980769230769 0.8004807692307693 0.10576923076923077 0.16346153846153846