2 0.11057692307692307 0.40865384615384615 0.08173076923076923 0.14182692307692307
2 0.20673076923076922 0.39302884615384615 0.09375 0.16346153846153846
2 0.3088942307692308 0.38221153846153844 0.10096153846153846 0.1875
2 0.41947115384615385 0.3713942307692308 0.10096153846153846 0.21634615384615385
2 0.5420673076923077 0.3581730769230769 0.11538461538461539 0.23557692307692307
2 0.6802884615384616 0.33052884615384615 0.1346153846153846 0.2980769230769231
2 0.8425480769230769 0.2848557692307692 0.17307692307692307 0.375
2 0.11298076923076923 0.8978365384615384 0.07692307692307693 0.1346153846153846
2 0.20432692307692307 0.8846153846153846 0.08173076923076923 0.15865384615384615
2 0.30649038461538464 0.8713942307692307 0.09615384615384616 0.1875
2 0.421875 0.8617788461538461 0.10576923076923077 0.21153846153846154
2 0.5420673076923077 0.8509615384615384 0.125 0.23557692307692307
2 0.6778846153846154 0.8221153846153846 0.13942307692307693 0.28365384615384615
2 0.8293269230769231 0.7752403846153846 0.16346153846153846 0.3701923076923077
3 0.8353365384615384 0.5528846153846154 0.07211538461538461 0.0673076923076923
3 0.6838942307692307 0.6358173076923077 0.07211538461538461 0.0625
3 0.5420673076923077 0.6935096153846154 0.07211538461538461 0.07211538461538461
3 0.42427884615384615 0.7175480769230769 0.07692307692307693 0.07692307692307693
3 0.30408653846153844 0.7403846153846154 0.07692307692307693 0.0673076923076923
3 0.20673076923076922 0.7728365384615384 0.0673076923076923 0.0625
3 0.109375 0.7956730769230769 0.0673076923076923 0.07211538461538461
3 0.109375 0.30408653846153844 0.07692307692307693 0.0673076923076923
3 0.20192307692307693 0.27524038461538464 0.07692307692307693 0.0625
3 0.3016826923076923 0.2536057692307692 0.07211538461538461 0.07211538461538461
3 0.41586538461538464 0.22235576923076922 0.07692307692307693 0.07211538461538461
3 0.5420673076923077 0.19831730769230768 0.07211538461538461 0.07692307692307693
3 0.6802884615384616 0.14423076923076922 0.07211538461538461 0.057692307692307696
3 0.8485576923076923 0.06490384615384616 0.07211538461538461 0.0673076923076923