2 0.8557692307692307 0.6875 0.27884615384615385 0.2620192307692308
2 0.8665865384615384 0.9230769230769231 0.25721153846153844 0.1466346153846154
2 0.6069711538461539 0.921875 0.7764423076923077 0.14903846153846154
2 0.6442307692307693 0.7067307692307693 0.28365384615384615 0.21634615384615385
2 0.6778846153846154 0.5144230769230769 0.6346153846153846 0.23557692307692307
2 0.7980769230769231 0.2548076923076923 0.3942307692307692 0.21153846153846154
2 0.6634615384615384 0.12139423076923077 0.6610576923076923 0.19951923076923078
2 0.6177884615384616 0.31850961538461536 0.7307692307692307 0.16346153846153846
2 0.33052884615384615 0.46033653846153844 0.47596153846153844 0.1201923076923077
2 0.24639423076923078 0.1201923076923077 0.1971153846153846 0.15865384615384615
2 0.34975961538461536 0.6177884615384616 0.35096153846153844 0.13942307692307693
2 0.39663461538461536 0.7596153846153846 0.21153846153846154 0.15865384615384615