2 0.5336538461538461 0.8557692307692307 0.6490384615384616 0.18269230769230768
2 0.6021634615384616 0.6442307692307693 0.5144230769230769 0.14423076923076922
2 0.6502403846153846 0.46875 0.4182692307692308 0.11538461538461539
2 0.6923076923076923 0.3161057692307692 0.3317307692307692 0.09134615384615384
2 0.7199519230769231 0.18389423076923078 0.2644230769230769 0.08173076923076923
2 0.7427884615384616 0.0733173076923077 0.23076923076923078 0.0625
3 0.17548076923076922 0.8545673076923077 0.057692307692307696 0.06490384615384616
3 0.3161057692307692 0.6418269230769231 0.0673076923076923 0.06971153846153846
3 0.41225961538461536 0.46274038461538464 0.0673076923076923 0.0625
3 0.5 0.3125 0.05048076923076923 0.04807692307692308
3 0.5588942307692307 0.18269230769230768 0.0673076923076923 0.04807692307692308
3 0.5985576923076923 0.06490384615384616 0.04567307692307692 0.04567307692307692