2 0.8641826923076923 0.09615384615384616 0.1466346153846154 0.11057692307692307
2 0.9399038461538461 0.15384615384615385 0.11057692307692307 0.1201923076923077
2 0.9603365384615384 0.08052884615384616 0.07211538461538461 0.08173076923076923
2 0.7091346153846154 0.078125 0.11057692307692307 0.09375
2 0.7019230769230769 0.15745192307692307 0.125 0.0673076923076923
2 0.7692307692307693 0.16947115384615385 0.125 0.0985576923076923
2 0.8581730769230769 0.2512019230769231 0.14182692307692307 0.13942307692307693
2 0.9447115384615384 0.2247596153846154 0.10096153846153846 0.09375
2 0.9266826923076923 0.31971153846153844 0.13942307692307693 0.10576923076923077
2 0.921875 0.4483173076923077 0.1466346153846154 0.15865384615384615
2 0.9182692307692307 0.5817307692307693 0.15384615384615385 0.16105769230769232
2 0.8449519230769231 0.7427884615384616 0.20432692307692307 0.11538461538461539
2 0.9603365384615384 0.7331730769230769 0.07211538461538461 0.16826923076923078
2 0.8954326923076923 0.8774038461538461 0.15384615384615385 0.11057692307692307
2 0.953125 0.8665865384615384 0.08413461538461539 0.15865384615384615
2 0.7596153846153846 0.8353365384615384 0.10576923076923077 0.11538461538461539
2 0.7728365384615384 0.9266826923076923 0.08173076923076923 0.11057692307692307
2 0.890625 0.9579326923076923 0.15384615384615385 0.0673076923076923
2 0.6983173076923077 0.6802884615384616 0.125 0.15865384615384615
2 0.6935096153846154 0.5600961538461539 0.09615384615384616 0.0889423076923077
2 0.7355769230769231 0.49158653846153844 0.08413461538461539 0.07692307692307693
2 0.8016826923076923 0.48677884615384615 0.08413461538461539 0.07692307692307693
2 0.7668269230769231 0.42908653846153844 0.1466346153846154 0.07692307692307693
2 0.8112980769230769 0.36658653846153844 0.10096153846153846 0.10336538461538461
2 0.7355769230769231 0.34615384615384615 0.08413461538461539 0.0889423076923077
2 0.7620192307692307 0.25961538461538464 0.09375 0.11057692307692307
2 0.6887019230769231 0.24639423076923078 0.125 0.1201923076923077
2 0.027644230769230768 0.9519230769230769 0.05048076923076923 0.08653846153846154
2 0.08173076923076923 0.9471153846153846 0.0673076923076923 0.08173076923076923
2 0.1466346153846154 0.9555288461538461 0.08173076923076923 0.08173076923076923
2 0.2247596153846154 0.9627403846153846 0.08413461538461539 0.057692307692307696
2 0.29086538461538464 0.9639423076923077 0.04807692307692308 0.04326923076923077
2 0.3605769230769231 0.9627403846153846 0.07211538461538461 0.04807692307692308
2 0.41346153846153844 0.9507211538461539 0.036057692307692304 0.07211538461538461
2 0.46033653846153844 0.96875 0.07692307692307693 0.04326923076923077
2 0.59375 0.8221153846153846 0.10096153846153846 0.15865384615384615
2 0.7019230769230769 0.8641826923076923 0.09615384615384616 0.16346153846153846
2 0.515625 0.9038461538461539 0.14182692307692307 0.1201923076923077
2 0.578125 0.9507211538461539 0.15865384615384615 0.08173076923076923
2 0.7247596153846154 0.9447115384615384 0.1346153846153846 0.08413461538461539
2 0.41586538461538464 0.8641826923076923 0.08413461538461539 0.09375
2 0.35096153846153844 0.8713942307692307 0.11538461538461539 0.0625
2 0.33533653846153844 0.8137019230769231 0.11057692307692307 0.07211538461538461
2 0.4375 0.7692307692307693 0.12980769230769232 0.11538461538461539
2 0.515625 0.7824519230769231 0.0889423076923077 0.0889423076923077
2 0.4375 0.6646634615384616 0.1466346153846154 0.08413461538461539
2 0.578125 0.7067307692307693 0.125 0.10576923076923077
2 0.4795673076923077 0.24639423076923078 0.1875 0.1201923076923077
2 0.43149038461538464 0.16947115384615385 0.10576923076923077 0.0625
2 0.5084134615384616 0.12259615384615384 0.11057692307692307 0.12980769230769232
2 0.44471153846153844 0.10216346153846154 0.125 0.125
2 0.3713942307692308 0.11057692307692307 0.10096153846153846 0.11538461538461539
2 0.48677884615384615 0.3894230769230769 0.11057692307692307 0.1466346153846154
2 0.5841346153846154 0.4026442307692308 0.1201923076923077 0.11057692307692307
2 0.6069711538461539 0.484375 0.1201923076923077 0.1346153846153846
2 0.5576923076923077 0.5733173076923077 0.1201923076923077 0.0889423076923077
2 0.5108173076923077 0.5372596153846154 0.16826923076923078 0.14182692307692307
2 0.3485576923076923 0.5420673076923077 0.10096153846153846 0.125
2 0.32211538461538464 0.4423076923076923 0.07692307692307693 0.11057692307692307
2 0.4026442307692308 0.3894230769230769 0.08413461538461539 0.07692307692307693
2 0.35096153846153844 0.3293269230769231 0.07211538461538461 0.10576923076923077
2 0.23557692307692307 0.890625 0.11538461538461539 0.08413461538461539
2 0.2403846153846154 0.8161057692307693 0.0889423076923077 0.09375
2 0.03125 0.8713942307692307 0.052884615384615384 0.10576923076923077
2 0.11298076923076923 0.8617788461538461 0.1201923076923077 0.0625
2 0.15745192307692307 0.8064903846153846 0.10096153846153846 0.0673076923076923
2 0.08173076923076923 0.7824519230769231 0.05048076923076923 0.0889423076923077
2 0.14423076923076922 0.7247596153846154 0.1201923076923077 0.09615384615384616
2 0.21995192307692307 0.6514423076923077 0.18269230769230768 0.1466346153846154
2 0.3245192307692308 0.6983173076923077 0.14182692307692307 0.1346153846153846
2 0.16947115384615385 0.6045673076923077 0.125 0.0889423076923077
2 0.2536057692307692 0.5240384615384616 0.125 0.0985576923076923
2 0.15384615384615385 0.5420673076923077 0.07692307692307693 0.07211538461538461
2 0.078125 0.5973557692307693 0.12980769230769232 0.15384615384615385
2 0.04326923076923077 0.5288461538461539 0.08173076923076923 0.15384615384615385
2 0.10216346153846154 0.484375 0.11538461538461539 0.0889423076923077
2 0.1201923076923077 0.421875 0.14182692307692307 0.11538461538461539
2 0.24639423076923078 0.35336538461538464 0.11057692307692307 0.12980769230769232
2 0.2091346153846154 0.4423076923076923 0.10576923076923077 0.0673076923076923
2 0.12259615384615384 0.3329326923076923 0.12980769230769232 0.14182692307692307
2 0.2283653846153846 0.23317307692307693 0.10096153846153846 0.07692307692307693
2 0.3329326923076923 0.21995192307692307 0.14182692307692307 0.1201923076923077
2 0.27163461538461536 0.14182692307692307 0.13221153846153846 0.0985576923076923
2 0.2848557692307692 0.0889423076923077 0.125 0.10576923076923077
2 0.07091346153846154 0.15384615384615385 0.08173076923076923 0.057692307692307696
2 0.11057692307692307 0.125 0.10817307692307693 0.0889423076923077
2 0.19831730769230768 0.15985576923076922 0.1201923076923077 0.10817307692307693
2 0.04927884615384615 0.078125 0.09615384615384616 0.08413461538461539
2 0.030048076923076924 0.18269230769230768 0.055288461538461536 0.16346153846153846
2 0.12860576923076922 0.21153846153846154 0.14182692307692307 0.09375
2 0.030048076923076924 0.30649038461538464 0.055288461538461536 0.0985576923076923
2 0.030048076923076924 0.40384615384615385 0.055288461538461536 0.11057692307692307
2 0.04326923076923077 0.6754807692307693 0.08173076923076923 0.14423076923076922
2 0.036057692307692304 0.7824519230769231 0.07211538461538461 0.08173076923076923
2 0.8305288461538461 0.5805288461538461 0.1778846153846154 0.1658653846153846