2 0.5757211538461539 0.8401442307692307 0.6730769230769231 0.21394230769230768
2 0.6322115384615384 0.6237980769230769 0.5480769230769231 0.17548076923076922
2 0.6742788461538461 0.4411057692307692 0.4519230769230769 0.14423076923076922
2 0.7079326923076923 0.29086538461538464 0.375 0.11057692307692307
2 0.7548076923076923 0.17067307692307693 0.28125 0.08413461538461539
2 0.7704326923076923 0.07451923076923077 0.2403846153846154 0.06490384615384616
5 0.140625 0.8497596153846154 0.20673076923076922 0.11057692307692307
5 0.2548076923076923 0.6237980769230769 0.1971153846153846 0.10576923076923077
5 0.3485576923076923 0.44350961538461536 0.20673076923076922 0.10096153846153846
5 0.41947115384615385 0.28725961538461536 0.20192307692307693 0.09615384615384616
5 0.5204326923076923 0.17067307692307693 0.1971153846153846 0.09134615384615384
5 0.5733173076923077 0.07091346153846154 0.14423076923076922 0.07211538461538461