2 0.7596153846153846 0.16826923076923078 0.2548076923076923 0.2956730769230769
2 0.8581730769230769 0.41466346153846156 0.24519230769230768 0.2091346153846154
2 0.8365384615384616 0.27283653846153844 0.19230769230769232 0.19230769230769232
2 0.8918269230769231 0.5396634615384616 0.20673076923076922 0.20432692307692307
2 0.5456730769230769 0.38221153846153844 0.2692307692307692 0.25
2 0.5564903846153846 0.24639423076923078 0.24759615384615385 0.20192307692307693
2 0.32572115384615385 0.20072115384615385 0.2692307692307692 0.3173076923076923
2 0.23557692307692307 0.46033653846153844 0.2403846153846154 0.21394230769230768
2 0.22355769230769232 0.33413461538461536 0.2403846153846154 0.15625
2 0.12259615384615384 0.5745192307692307 0.22115384615384615 0.1778846153846154
2 0.11177884615384616 0.4519230769230769 0.19230769230769232 0.1875
2 0.5276442307692307 0.6310096153846154 0.5600961538461539 0.6105769230769231