2 0.6021634615384616 0.6706730769230769 0.5576923076923077 0.25
2 0.36538461538461536 0.8233173076923077 0.5408653846153846 0.2403846153846154
2 0.3641826923076923 0.5540865384615384 0.5456730769230769 0.23557692307692307
2 0.5997596153846154 0.39903846153846156 0.5625 0.25721153846153844
2 0.35697115384615385 0.27524038461538464 0.5504807692307693 0.23557692307692307
2 0.6069711538461539 0.12860576923076922 0.5576923076923077 0.25
5 0.2776442307692308 0.6730769230769231 0.10096153846153846 0.14903846153846154
5 0.8413461538461539 0.8509615384615384 0.23557692307692307 0.27163461538461536
5 0.051682692307692304 0.8185096153846154 0.08653846153846154 0.13701923076923078
5 0.04567307692307692 0.5540865384615384 0.08173076923076923 0.13942307692307693
5 0.2704326923076923 0.39903846153846156 0.08653846153846154 0.14423076923076922
5 0.039663461538461536 0.2800480769230769 0.07451923076923077 0.14182692307692307
5 0.2704326923076923 0.125 0.08653846153846154 0.1346153846153846