2 0.22355769230769232 0.25841346153846156 0.4375 0.1875
2 0.3088942307692308 0.08173076923076923 0.6057692307692307 0.15625
2 0.21875 0.5060096153846154 0.42788461538461536 0.20192307692307693
2 0.24278846153846154 0.8293269230769231 0.47596153846153844 0.21875
2 0.32572115384615385 0.6694711538461539 0.6394230769230769 0.15384615384615385
2 0.453125 0.9362980769230769 0.9014423076923077 0.12259615384615384
2 0.5841346153846154 0.8016826923076923 0.21875 0.15625
2 0.7620192307692307 0.6947115384615384 0.25721153846153844 0.10096153846153846
2 0.7487980769230769 0.5528846153846154 0.3076923076923077 0.09615384615384616
2 0.5769230769230769 0.4963942307692308 0.32211538461538464 0.15625
2 0.38221153846153844 0.3641826923076923 0.7548076923076923 0.09615384615384616
2 0.6442307692307693 0.20673076923076922 0.2620192307692308 0.14423076923076922
2 0.7295673076923077 0.078125 0.28846153846153844 0.12740384615384615
3 0.4807692307692308 0.25961538461538464 0.11057692307692307 0.15625
3 0.7403846153846154 0.21875 0.08173076923076923 0.125