2 0.7692307692307693 0.5757211538461539 0.14182692307692307 0.5721153846153846
2 0.6550480769230769 0.5360576923076923 0.1466346153846154 0.6009615384615384
2 0.6670673076923077 0.7752403846153846 0.125 0.24519230769230768
2 0.5805288461538461 0.7355769230769231 0.09375 0.27163461538461536
2 0.6045673076923077 0.8016826923076923 0.0625 0.24519230769230768
2 0.4639423076923077 0.7848557692307693 0.057692307692307696 0.24519230769230768
2 0.515625 0.4951923076923077 0.15144230769230768 0.625
2 0.36899038461538464 0.453125 0.1778846153846154 0.6586538461538461
2 0.4375 0.6959134615384616 0.09375 0.28846153846153844
2 0.2692307692307692 0.515625 0.12980769230769232 0.6129807692307693
2 0.34615384615384615 0.8245192307692307 0.052884615384615384 0.1201923076923077
2 0.21153846153846154 0.5733173076923077 0.12980769230769232 0.5673076923076923