2 0.5360576923076923 0.6971153846153846 0.5697115384615384 0.2091346153846154
2 0.3449519230769231 0.6911057692307693 0.2668269230769231 0.19951923076923078
2 0.5360576923076923 0.4855769230769231 0.5625 0.19230769230769232
2 0.5372596153846154 0.28125 0.5673076923076923 0.21394230769230768
2 0.32211538461538464 0.49278846153846156 0.21634615384615385 0.19951923076923078
2 0.3245192307692308 0.6935096153846154 0.21153846153846154 0.19230769230769232
2 0.3245192307692308 0.28846153846153844 0.22596153846153846 0.19951923076923078
3 0.22956730769230768 0.7091346153846154 0.036057692307692304 0.10576923076923077
3 0.19951923076923078 0.6911057692307693 0.04807692307692308 0.11057692307692307
3 0.23677884615384615 0.49038461538461536 0.052884615384615384 0.11538461538461539
3 0.19471153846153846 0.4795673076923077 0.038461538461538464 0.10576923076923077
3 0.23076923076923078 0.265625 0.038461538461538464 0.11538461538461539
3 0.1935096153846154 0.27884615384615385 0.036057692307692304 0.10096153846153846