2 0.21394230769230768 0.7175480769230769 0.30288461538461536 0.11538461538461539
2 0.21394230769230768 0.5901442307692307 0.2932692307692308 0.11538461538461539
2 0.21634615384615385 0.4651442307692308 0.28846153846153844 0.11057692307692307
2 0.21394230769230768 0.33413461538461536 0.2932692307692308 0.1201923076923077
2 0.23918269230769232 0.3858173076923077 0.2644230769230769 0.03125
2 0.21153846153846154 0.1875 0.28846153846153844 0.1201923076923077
2 0.24519230769230768 0.25240384615384615 0.23076923076923078 0.04326923076923077
2 0.5360576923076923 0.7764423076923077 0.14423076923076922 0.06971153846153846
2 0.5384615384615384 0.703125 0.15865384615384615 0.06971153846153846
2 0.5432692307692307 0.6177884615384616 0.17067307692307693 0.07692307692307693
2 0.5492788461538461 0.5384615384615384 0.17067307692307693 0.0889423076923077
2 0.5492788461538461 0.49399038461538464 0.14903846153846154 0.014423076923076924
2 0.5384615384615384 0.4495192307692308 0.13942307692307693 0.08173076923076923
2 0.5516826923076923 0.3701923076923077 0.15384615384615385 0.06971153846153846
2 0.5492788461538461 0.2932692307692308 0.14903846153846154 0.06971153846153846
2 0.5516826923076923 0.2127403846153846 0.15384615384615385 0.08653846153846154
2 0.5408653846153846 0.12740384615384615 0.14423076923076922 0.08653846153846154
2 0.7860576923076923 0.7668269230769231 0.1201923076923077 0.08173076923076923
2 0.7836538461538461 0.6983173076923077 0.11298076923076923 0.055288461538461536
2 0.8040865384615384 0.6274038461538461 0.15384615384615385 0.08173076923076923
2 0.8329326923076923 0.546875 0.18028846153846154 0.0889423076923077
2 0.8377403846153846 0.4495192307692308 0.18028846153846154 0.0889423076923077
2 0.8353365384615384 0.3557692307692308 0.1971153846153846 0.09134615384615384
2 0.8425480769230769 0.25721153846153844 0.20192307692307693 0.09615384615384616
2 0.8533653846153846 0.15865384615384615 0.21153846153846154 0.10817307692307693
3 0.3786057692307692 0.5901442307692307 0.04807692307692308 0.07692307692307693
3 0.3870192307692308 0.7223557692307693 0.040865384615384616 0.09134615384615384
3 0.6286057692307693 0.7716346153846154 0.040865384615384616 0.07692307692307693
3 0.38461538461538464 0.4675480769230769 0.036057692307692304 0.08653846153846154
3 0.3762019230769231 0.328125 0.03125 0.07692307692307693
3 0.3870192307692308 0.34975961538461536 0.03125 0.07211538461538461
3 0.3894230769230769 0.22956730769230768 0.036057692307692304 0.07211538461538461
3 0.3786057692307692 0.1935096153846154 0.02403846153846154 0.08653846153846154
3 0.6418269230769231 0.2127403846153846 0.014423076923076924 0.08653846153846154
3 0.6346153846153846 0.2920673076923077 0.03125 0.0673076923076923
3 0.6394230769230769 0.3701923076923077 0.019230769230769232 0.0625
3 0.6237980769230769 0.44350961538461536 0.019230769230769232 0.06971153846153846
3 0.6418269230769231 0.5348557692307693 0.014423076923076924 0.0673076923076923
3 0.6442307692307693 0.6153846153846154 0.019230769230769232 0.07211538461538461
3 0.6370192307692307 0.6971153846153846 0.02403846153846154 0.0673076923076923
3 0.6262019230769231 0.12740384615384615 0.02403846153846154 0.07692307692307693
3 0.96875 0.1622596153846154 0.03125 0.09134615384615384
3 0.9567307692307693 0.25841346153846156 0.02403846153846154 0.09134615384615384
3 0.9483173076923077 0.35697115384615385 0.019230769230769232 0.0889423076923077
3 0.9387019230769231 0.4495192307692308 0.03125 0.07211538461538461
3 0.9459134615384616 0.546875 0.036057692307692304 0.08173076923076923
3 0.8557692307692307 0.6983173076923077 0.019230769230769232 0.0625
3 0.8629807692307693 0.7644230769230769 0.014423076923076924 0.06971153846153846
0 0.12379807692307693 0.33052884615384615 0.10336538461538461 0.10576923076923077
0 0.25 0.33774038461538464 0.14903846153846154 0.07211538461538461
0 0.2091346153846154 0.46875 0.27403846153846156 0.0889423076923077
0 0.14182692307692307 0.7163461538461539 0.10817307692307693 0.0889423076923077
0 0.1935096153846154 0.1814903846153846 0.22115384615384615 0.11538461538461539
0 0.1778846153846154 0.25841346153846156 0.07692307692307693 0.02403846153846154
0 0.5 0.12740384615384615 0.0625 0.07692307692307693
0 0.5072115384615384 0.2127403846153846 0.057692307692307696 0.06971153846153846
0 0.5336538461538461 0.296875 0.10817307692307693 0.0625
0 0.5384615384615384 0.375 0.1201923076923077 0.0625
0 0.5288461538461539 0.4495192307692308 0.10817307692307693 0.07211538461538461
0 0.5288461538461539 0.5372596153846154 0.10817307692307693 0.06971153846153846
0 0.5108173076923077 0.6177884615384616 0.08173076923076923 0.0625
0 0.49278846153846156 0.6983173076923077 0.057692307692307696 0.0625
0 0.5204326923076923 0.7740384615384616 0.11298076923076923 0.0673076923076923
0 0.7728365384615384 0.7704326923076923 0.07211538461538461 0.07451923076923077
0 0.75 0.6983173076923077 0.036057692307692304 0.04807692307692308
0 0.7860576923076923 0.546875 0.09615384615384616 0.07211538461538461
0 0.8173076923076923 0.453125 0.15865384615384615 0.0889423076923077
0 0.8149038461538461 0.3557692307692308 0.15384615384615385 0.08653846153846154
0 0.8269230769230769 0.25841346153846156 0.15865384615384615 0.08653846153846154
0 0.8533653846153846 0.15985576923076922 0.20192307692307693 0.09615384615384616