2 0.1045673076923077 0.6274038461538461 0.15625 0.34375
2 0.27524038461538464 0.6069711538461539 0.17067307692307693 0.375
2 0.4423076923076923 0.5264423076923077 0.17307692307692307 0.2764423076923077
2 0.6418269230769231 0.4891826923076923 0.17307692307692307 0.2644230769230769
2 0.8509615384615384 0.5360576923076923 0.23557692307692307 0.5
2 0.8353365384615384 0.7079326923076923 0.1875 0.3894230769230769
2 0.6622596153846154 0.7295673076923077 0.15865384615384615 0.3605769230769231
2 0.5048076923076923 0.7451923076923077 0.1466346153846154 0.2932692307692308
2 0.3557692307692308 0.8040865384615384 0.1346153846153846 0.20673076923076922
5 0.3605769230769231 0.6454326923076923 0.125 0.1201923076923077
5 0.27283653846153844 0.38221153846153844 0.09375 0.07692307692307693
5 0.1045673076923077 0.41346153846153844 0.10336538461538461 0.07692307692307693
5 0.5 0.5384615384615384 0.1201923076923077 0.11057692307692307
5 0.4483173076923077 0.35216346153846156 0.0889423076923077 0.07211538461538461
5 0.6382211538461539 0.31971153846153844 0.09375 0.07692307692307693
5 0.6598557692307693 0.49759615384615385 0.12980769230769232 0.09375
5 0.8353365384615384 0.4579326923076923 0.1346153846153846 0.11298076923076923
5 0.8509615384615384 0.24519230769230768 0.09375 0.08173076923076923