2 0.9399038461538461 0.04927884615384615 0.11298076923076923 0.08653846153846154
2 0.8834134615384616 0.16105769230769232 0.11057692307692307 0.11538461538461539
2 0.953125 0.20432692307692307 0.08653846153846154 0.11538461538461539
2 0.7307692307692307 0.07932692307692307 0.14423076923076922 0.14903846153846154
2 0.6490384615384616 0.046875 0.07692307692307693 0.08173076923076923
2 0.5817307692307693 0.16346153846153846 0.14423076923076922 0.1201923076923077
2 0.4891826923076923 0.5432692307692307 0.12740384615384615 0.24519230769230768
2 0.6983173076923077 0.7427884615384616 0.10096153846153846 0.1201923076923077
2 0.8257211538461539 0.7487980769230769 0.11057692307692307 0.0985576923076923
2 0.9314903846153846 0.65625 0.12980769230769232 0.17307692307692307
2 0.5072115384615384 0.7872596153846154 0.23076923076923078 0.17307692307692307
2 0.6129807692307693 0.7572115384615384 0.1201923076923077 0.13701923076923078
2 0.37259615384615385 0.7319711538461539 0.15625 0.1875
2 0.28966346153846156 0.6911057692307693 0.14903846153846154 0.22355769230769232
2 0.1778846153846154 0.609375 0.16826923076923078 0.27884615384615385
2 0.3798076923076923 0.4182692307692308 0.2644230769230769 0.28846153846153844
2 0.5685096153846154 0.4723557692307692 0.27403846153846156 0.22355769230769232
2 0.7331730769230769 0.5360576923076923 0.32211538461538464 0.23076923076923078
2 0.8689903846153846 0.32211538461538464 0.2548076923076923 0.21875
2 0.9230769230769231 0.5 0.14423076923076922 0.19230769230769232
2 0.6526442307692307 0.6478365384615384 0.25 0.16826923076923078
2 0.7163461538461539 0.65625 0.22596153846153846 0.17307692307692307
2 0.5564903846153846 0.43149038461538464 0.18269230769230768 0.21875
2 0.6586538461538461 0.22115384615384615 0.24759615384615385 0.24519230769230768
2 0.875 0.25961538461538464 0.24519230769230768 0.3004807692307692
2 0.4230769230769231 0.23798076923076922 0.23557692307692307 0.22355769230769232
2 0.2403846153846154 0.21634615384615385 0.1875 0.20192307692307693
2 0.1622596153846154 0.14783653846153846 0.11298076923076923 0.15384615384615385
2 0.25961538461538464 0.051682692307692304 0.0673076923076923 0.09134615384615384
2 0.14423076923076922 0.2620192307692308 0.23076923076923078 0.2403846153846154
2 0.17067307692307693 0.41586538461538464 0.24759615384615385 0.2620192307692308
2 0.06009615384615385 0.4483173076923077 0.1201923076923077 0.28365384615384615
2 0.15625 0.6694711538461539 0.2764423076923077 0.34375