2 0.22355769230769232 0.9387019230769231 0.1778846153846154 0.11298076923076923
2 0.06370192307692307 0.953125 0.1201923076923077 0.08173076923076923
2 0.06129807692307692 0.8689903846153846 0.11538461538461539 0.18028846153846154
2 0.21995192307692307 0.8401442307692307 0.2548076923076923 0.17548076923076922
2 0.07572115384615384 0.75 0.14423076923076922 0.14903846153846154
2 0.16466346153846154 0.7475961538461539 0.21153846153846154 0.16346153846153846
2 0.4014423076923077 0.9387019230769231 0.19230769230769232 0.11298076923076923
2 0.5132211538461539 0.9098557692307693 0.1466346153846154 0.17067307692307693
2 0.4735576923076923 0.7908653846153846 0.24278846153846154 0.20192307692307693
2 0.29927884615384615 0.8245192307692307 0.10576923076923077 0.09134615384615384
2 0.34375 0.7548076923076923 0.10096153846153846 0.08653846153846154
2 0.36658653846153844 0.6826923076923077 0.22355769230769232 0.14903846153846154
2 0.24519230769230768 0.6826923076923077 0.12740384615384615 0.09615384615384616
2 0.27163461538461536 0.5829326923076923 0.11057692307692307 0.08173076923076923
2 0.15625 0.5901442307692307 0.1346153846153846 0.17067307692307693
2 0.11177884615384616 0.5072115384615384 0.21634615384615385 0.22115384615384615
2 0.054086538461538464 0.6262019230769231 0.10096153846153846 0.1201923076923077
2 0.2704326923076923 0.4891826923076923 0.20192307692307693 0.16346153846153846
2 0.16826923076923078 0.30649038461538464 0.10576923076923077 0.10817307692307693
2 0.125 0.35096153846153844 0.15865384615384615 0.11298076923076923
2 0.056490384615384616 0.2860576923076923 0.10576923076923077 0.1201923076923077
2 0.038461538461538464 0.3581730769230769 0.06971153846153846 0.0673076923076923
2 0.08533653846153846 0.22716346153846154 0.1466346153846154 0.125
2 0.05048076923076923 0.12139423076923077 0.09134615384615384 0.10817307692307693
2 0.14302884615384615 0.13942307692307693 0.11538461538461539 0.08173076923076923
2 0.10096153846153846 0.06009615384615385 0.1971153846153846 0.1201923076923077
2 0.9290865384615384 0.7860576923076923 0.13701923076923078 0.27403846153846156
2 0.796875 0.8533653846153846 0.17307692307692307 0.28365384615384615
2 0.7283653846153846 0.9411057692307693 0.12740384615384615 0.10817307692307693
2 0.6466346153846154 0.9206730769230769 0.14903846153846154 0.14903846153846154
2 0.6911057692307693 0.8269230769230769 0.10096153846153846 0.09615384615384616
2 0.6081730769230769 0.8016826923076923 0.15865384615384615 0.13942307692307693
2 0.9266826923076923 0.9146634615384616 0.13942307692307693 0.15865384615384615
2 0.9675480769230769 0.8413461538461539 0.06009615384615385 0.1875
2 0.6622596153846154 0.6442307692307693 0.07211538461538461 0.16346153846153846
2 0.6213942307692307 0.5793269230769231 0.07692307692307693 0.17067307692307693
2 0.5709134615384616 0.6189903846153846 0.08653846153846154 0.16346153846153846
2 0.5060096153846154 0.5516826923076923 0.125 0.1346153846153846
2 0.42427884615384615 0.5949519230769231 0.18509615384615385 0.19230769230769232
2 0.4230769230769231 0.46875 0.07211538461538461 0.11298076923076923
2 0.30528846153846156 0.47716346153846156 0.13942307692307693 0.18028846153846154
2 0.6466346153846154 0.26802884615384615 0.15865384615384615 0.16346153846153846
2 0.5228365384615384 0.296875 0.10576923076923077 0.22115384615384615
2 0.43990384615384615 0.25240384615384615 0.11538461538461539 0.10336538461538461
2 0.38221153846153844 0.3605769230769231 0.11538461538461539 0.1346153846153846
2 0.3401442307692308 0.2932692307692308 0.06971153846153846 0.14423076923076922
2 0.25841346153846156 0.296875 0.08653846153846154 0.20192307692307693
2 0.6814903846153846 0.3713942307692308 0.1658653846153846 0.16346153846153846
2 0.7740384615384616 0.4254807692307692 0.1658653846153846 0.18028846153846154
2 0.8762019230769231 0.5877403846153846 0.15384615384615385 0.14423076923076922
2 0.7764423076923077 0.6262019230769231 0.1466346153846154 0.18028846153846154
2 0.9711538461538461 0.5721153846153846 0.052884615384615384 0.14423076923076922
2 0.9675480769230769 0.44591346153846156 0.06009615384615385 0.23317307692307693
2 0.9074519230769231 0.3425480769230769 0.10817307692307693 0.10817307692307693
2 0.5012019230769231 0.4987980769230769 0.9975961538461539 0.9975961538461539
2 0.796875 0.28125 0.10576923076923077 0.1201923076923077
2 0.7608173076923077 0.20072115384615385 0.10096153846153846 0.15384615384615385
2 0.6814903846153846 0.07211538461538461 0.1346153846153846 0.07211538461538461
2 0.65625 0.14903846153846154 0.13942307692307693 0.10336538461538461
2 0.5661057692307693 0.07932692307692307 0.09615384615384616 0.08653846153846154
2 0.5516826923076923 0.13942307692307693 0.10096153846153846 0.09134615384615384
2 0.47716346153846156 0.09735576923076923 0.0889423076923077 0.11298076923076923
2 0.37259615384615385 0.12860576923076922 0.1201923076923077 0.17548076923076922
2 0.27163461538461536 0.11899038461538461 0.11057692307692307 0.18509615384615385
2 0.27403846153846156 0.046875 0.2403846153846154 0.09134615384615384
2 0.46274038461538464 0.042067307692307696 0.18028846153846154 0.08413461538461539
2 0.6442307692307693 0.046875 0.23076923076923078 0.09134615384615384
2 0.828125 0.040865384615384616 0.1346153846153846 0.07211538461538461
2 0.859375 0.14182692307692307 0.14423076923076922 0.15865384615384615
2 0.9146634615384616 0.24519230769230768 0.16346153846153846 0.08653846153846154
2 0.9627403846153846 0.1310096153846154 0.07211538461538461 0.14903846153846154
2 0.9411057692307693 0.028846153846153848 0.11298076923076923 0.057692307692307696