2 0.5961538461538461 0.36177884615384615 0.1346153846153846 0.08413461538461539
2 0.5336538461538461 0.31971153846153844 0.0889423076923077 0.08173076923076923
2 0.45072115384615385 0.35096153846153844 0.07692307692307693 0.052884615384615384
2 0.4026442307692308 0.3293269230769231 0.0673076923076923 0.08173076923076923
2 0.3293269230769231 0.3605769230769231 0.08173076923076923 0.08173076923076923
2 0.3004807692307692 0.453125 0.057692307692307696 0.08173076923076923
2 0.3557692307692308 0.43990384615384615 0.125 0.14182692307692307
2 0.44471153846153844 0.41586538461538464 0.10576923076923077 0.057692307692307696
2 0.5084134615384616 0.5084134615384616 0.12980769230769232 0.1201923076923077
2 0.5685096153846154 0.42908653846153844 0.125 0.09375
2 0.6153846153846154 0.4579326923076923 0.09375 0.10576923076923077
2 0.6442307692307693 0.5024038461538461 0.07211538461538461 0.14182692307692307
2 0.6382211538461539 0.5865384615384616 0.09375 0.08173076923076923
2 0.609375 0.6598557692307693 0.09615384615384616 0.0673076923076923
2 0.5600961538461539 0.6021634615384616 0.09615384615384616 0.09375
2 0.5576923076923077 0.6730769230769231 0.08413461538461539 0.09375
2 0.4951923076923077 0.6959134615384616 0.07692307692307693 0.11057692307692307
2 0.48677884615384615 0.6201923076923077 0.1466346153846154 0.11057692307692307
2 0.43990384615384615 0.7127403846153846 0.07211538461538461 0.10096153846153846
2 0.3605769230769231 0.6670673076923077 0.125 0.07211538461538461
2 0.3329326923076923 0.5817307692307693 0.16826923076923078 0.0889423076923077
2 0.3737980769230769 0.5552884615384616 0.08173076923076923 0.11538461538461539
2 0.29086538461538464 0.5084134615384616 0.09375 0.07692307692307693