2 0.8088942307692307 0.625 0.375 0.27163461538461536
2 0.31971153846153844 0.8040865384615384 0.3557692307692308 0.25721153846153844
2 0.3269230769230769 0.3713942307692308 0.35096153846153844 0.2620192307692308
2 0.8161057692307693 0.16947115384615385 0.3317307692307692 0.2668269230769231
3 0.5757211538461539 0.625 0.17307692307692307 0.27163461538461536
3 0.08653846153846154 0.8137019230769231 0.16826923076923078 0.2764423076923077
3 0.09615384615384616 0.3737980769230769 0.16346153846153846 0.2668269230769231
3 0.578125 0.16706730769230768 0.1778846153846154 0.2620192307692308
0 0.20192307692307693 0.27524038461538464 0.04807692307692308 0.04326923076923077
0 0.22716346153846154 0.3173076923076923 0.026442307692307692 0.04807692307692308
0 0.2403846153846154 0.36658653846153844 0.052884615384615384 0.038461538461538464
0 0.20192307692307693 0.375 0.038461538461538464 0.04807692307692308
0 0.2403846153846154 0.4182692307692308 0.036057692307692304 0.0625
0 0.22716346153846154 0.4639423076923077 0.036057692307692304 0.038461538461538464
0 0.18028846153846154 0.44711538461538464 0.03125 0.0673076923076923
0 0.18389423076923078 0.31971153846153844 0.038461538461538464 0.04326923076923077
0 0.2536057692307692 0.28725961538461536 0.026442307692307692 0.04807692307692308
0 0.25721153846153844 0.3245192307692308 0.036057692307692304 0.04326923076923077
0 0.2800480769230769 0.3581730769230769 0.026442307692307692 0.038461538461538464
0 0.27524038461538464 0.39783653846153844 0.026442307692307692 0.04807692307692308
0 0.2956730769230769 0.41947115384615385 0.03125 0.04807692307692308
0 0.27163461538461536 0.45072115384615385 0.036057692307692304 0.057692307692307696
0 0.30649038461538464 0.4579326923076923 0.036057692307692304 0.036057692307692304
0 0.3581730769230769 0.46033653846153844 0.057692307692307696 0.04807692307692308
0 0.33052884615384615 0.4338942307692308 0.021634615384615384 0.04807692307692308
0 0.3173076923076923 0.390625 0.021634615384615384 0.036057692307692304
0 0.2848557692307692 0.3581730769230769 0.036057692307692304 0.0673076923076923
0 0.32211538461538464 0.3245192307692308 0.0673076923076923 0.052884615384615384
0 0.36177884615384615 0.3581730769230769 0.0673076923076923 0.04807692307692308
0 0.28846153846153844 0.28846153846153844 0.036057692307692304 0.036057692307692304
0 0.3329326923076923 0.3004807692307692 0.04326923076923077 0.04807692307692308
0 0.3641826923076923 0.32211538461538464 0.052884615384615384 0.057692307692307696
0 0.3641826923076923 0.28725961538461536 0.026442307692307692 0.03125
0 0.39783653846153844 0.30408653846153844 0.03125 0.057692307692307696
0 0.41947115384615385 0.3269230769230769 0.03125 0.04807692307692308
0 0.42427884615384615 0.3798076923076923 0.038461538461538464 0.08413461538461539
0 0.39302884615384615 0.375 0.021634615384615384 0.057692307692307696
0 0.3954326923076923 0.43990384615384615 0.04326923076923077 0.04326923076923077
0 0.43149038461538464 0.453125 0.052884615384615384 0.0625
0 0.4483173076923077 0.4026442307692308 0.036057692307692304 0.057692307692307696
0 0.4639423076923077 0.453125 0.038461538461538464 0.0625
0 0.46033653846153844 0.3401442307692308 0.03125 0.0673076923076923
0 0.42427884615384615 0.33774038461538464 0.03125 0.0625
0 0.4338942307692308 0.28846153846153844 0.038461538461538464 0.052884615384615384
0 0.46274038461538464 0.28725961538461536 0.036057692307692304 0.038461538461538464
0 0.7223557692307693 0.11298076923076923 0.0673076923076923 0.1201923076923077
0 0.6959134615384616 0.21514423076923078 0.0673076923076923 0.12980769230769232
0 0.7908653846153846 0.1935096153846154 0.125 0.1201923076923077
0 0.8461538461538461 0.20673076923076922 0.0673076923076923 0.1201923076923077
0 0.8112980769230769 0.11298076923076923 0.1201923076923077 0.11057692307692307
0 0.9038461538461539 0.09975961538461539 0.09375 0.10096153846153846
0 0.90625 0.1935096153846154 0.10576923076923077 0.13942307692307693
5 0.6802884615384616 0.5661057692307693 0.0625 0.07692307692307693
5 0.7175480769230769 0.6394230769230769 0.1201923076923077 0.0889423076923077
5 0.7067307692307693 0.6959134615384616 0.07211538461538461 0.09375
5 0.7463942307692307 0.7199519230769231 0.0625 0.052884615384615384
5 0.7439903846153846 0.5649038461538461 0.07692307692307693 0.07211538461538461
5 0.8004807692307693 0.5516826923076923 0.0625 0.0625
5 0.7956730769230769 0.6514423076923077 0.0889423076923077 0.15625
5 0.8401442307692307 0.6802884615384616 0.0625 0.0889423076923077
5 0.8401442307692307 0.5973557692307693 0.052884615384615384 0.08413461538461539
5 0.8798076923076923 0.5709134615384616 0.0889423076923077 0.10096153846153846
5 0.8689903846153846 0.6778846153846154 0.08413461538461539 0.09375
5 0.9290865384615384 0.6442307692307693 0.052884615384615384 0.0985576923076923