2 0.8617788461538461 0.29086538461538464 0.2668269230769231 0.19951923076923078
2 0.8293269230769231 0.48677884615384615 0.2548076923076923 0.19230769230769232
2 0.7776442307692307 0.6826923076923077 0.25 0.19951923076923078
2 0.6959134615384616 0.7956730769230769 0.2091346153846154 0.036057692307692304
2 0.49759615384615385 0.6382211538461539 0.25721153846153844 0.19230769230769232
2 0.515625 0.43990384615384615 0.27403846153846156 0.1971153846153846
2 0.18870192307692307 0.5072115384615384 0.2620192307692308 0.21153846153846154
3 0.33533653846153844 0.6358173076923077 0.08413461538461539 0.1875
3 0.5528846153846154 0.7283653846153846 0.08413461538461539 0.15144230769230768
3 0.6358173076923077 0.6838942307692307 0.0889423076923077 0.1778846153846154
3 0.3485576923076923 0.43990384615384615 0.08413461538461539 0.1971153846153846
3 0.030048076923076924 0.515625 0.055288461538461536 0.18028846153846154
3 0.6694711538461539 0.49158653846153844 0.09375 0.19230769230769232
3 0.6862980769230769 0.28725961538461536 0.11057692307692307 0.19951923076923078
3 0.5961538461538461 0.2956730769230769 0.08173076923076923 0.11057692307692307