2 0.5216346153846154 0.5012019230769231 0.9519230769230769 0.9927884615384616
2 0.4519230769230769 0.21754807692307693 0.3942307692307692 0.4230769230769231
2 0.2548076923076923 0.6225961538461539 0.21153846153846154 0.43028846153846156
2 0.10096153846153846 0.20673076923076922 0.09615384615384616 0.40384615384615385
2 0.6935096153846154 0.8449519230769231 0.29086538461538464 0.30528846153846156
2 0.6754807692307693 0.3798076923076923 0.21634615384615385 0.5913461538461539
2 0.7920673076923077 0.2403846153846154 0.22355769230769232 0.46875
2 0.47475961538461536 0.7740384615384616 0.20673076923076922 0.3076923076923077
2 0.8762019230769231 0.5949519230769231 0.19230769230769232 0.2620192307692308
2 0.9254807692307693 0.20432692307692307 0.11298076923076923 0.39663461538461536
2 0.9170673076923077 0.8737980769230769 0.16105769230769232 0.25240384615384615
2 0.9206730769230769 0.5492788461538461 0.15384615384615385 0.43990384615384615
2 0.515625 0.4026442307692308 0.5072115384615384 0.7932692307692307
2 0.15625 0.18389423076923078 0.1971153846153846 0.3557692307692308
2 0.22235576923076922 0.8389423076923077 0.3293269230769231 0.3173076923076923