2 0.5240384615384616 0.8449519230769231 0.7115384615384616 0.30288461538461536
2 0.31971153846153844 0.6694711538461539 0.30288461538461536 0.19951923076923078
2 0.4375 0.4951923076923077 0.5384615384615384 0.2980769230769231
2 0.24639423076923078 0.375 0.16346153846153846 0.17307692307692307
2 0.36899038461538464 0.18870192307692307 0.40865384615384615 0.24519230769230768
2 0.21153846153846154 0.1201923076923077 0.09375 0.1346153846153846
5 0.3713942307692308 0.3737980769230769 0.09375 0.125
5 0.7487980769230769 0.49278846153846156 0.07692307692307693 0.15144230769230768
5 0.9182692307692307 0.8822115384615384 0.08413461538461539 0.15384615384615385
5 0.609375 0.18269230769230768 0.08173076923076923 0.125
5 0.3016826923076923 0.1201923076923077 0.08173076923076923 0.10576923076923077