2 0.6346153846153846 0.13221153846153846 0.15865384615384615 0.2548076923076923
2 0.6346153846153846 0.2439903846153846 0.04567307692307692 0.11538461538461539
2 0.6862980769230769 0.22235576923076922 0.028846153846153848 0.08413461538461539
2 0.6550480769230769 0.4362980769230769 0.16346153846153846 0.14903846153846154
2 0.7127403846153846 0.3016826923076923 0.21394230769230768 0.375
2 0.8701923076923077 0.2536057692307692 0.0673076923076923 0.15625
2 0.9194711538461539 0.15985576923076922 0.057692307692307696 0.125
2 0.90625 0.40625 0.04807692307692308 0.09134615384615384
2 0.7620192307692307 0.5757211538461539 0.14903846153846154 0.22355769230769232
2 0.8401442307692307 0.5757211538461539 0.04326923076923077 0.15144230769230768
2 0.8737980769230769 0.6057692307692307 0.04807692307692308 0.19951923076923078
2 0.9387019230769231 0.5396634615384616 0.10096153846153846 0.11538461538461539
2 0.9110576923076923 0.6838942307692307 0.04567307692307692 0.11538461538461539
2 0.9651442307692307 0.6442307692307693 0.04326923076923077 0.04807692307692308
2 0.96875 0.8317307692307693 0.057692307692307696 0.08413461538461539
2 0.9182692307692307 0.9338942307692307 0.026442307692307692 0.04807692307692308
2 0.8978365384615384 0.8918269230769231 0.03365384615384615 0.036057692307692304
2 0.8521634615384616 0.7956730769230769 0.052884615384615384 0.08413461538461539
2 0.7932692307692307 0.8461538461538461 0.026442307692307692 0.09134615384615384
2 0.8137019230769231 0.9483173076923077 0.0673076923076923 0.10096153846153846
2 0.7415865384615384 0.9206730769230769 0.055288461538461536 0.15384615384615385
2 0.7415865384615384 0.75 0.04807692307692308 0.09134615384615384
2 0.6622596153846154 0.7319711538461539 0.028846153846153848 0.04326923076923077
2 0.6730769230769231 0.9122596153846154 0.028846153846153848 0.09134615384615384
2 0.625 0.7896634615384616 0.0985576923076923 0.09615384615384616
2 0.59375 0.6478365384615384 0.0889423076923077 0.11538461538461539
2 0.6526442307692307 0.4699519230769231 0.3125 0.2403846153846154
2 0.47836538461538464 0.20192307692307693 0.15625 0.3317307692307692
2 0.38100961538461536 0.12620192307692307 0.052884615384615384 0.08413461538461539
2 0.45913461538461536 0.44591346153846156 0.15384615384615385 0.2644230769230769
2 0.3317307692307692 0.42427884615384615 0.125 0.24519230769230768
2 0.4951923076923077 0.7379807692307693 0.0625 0.17307692307692307
2 0.5360576923076923 0.8341346153846154 0.07211538461538461 0.09134615384615384
2 0.5372596153846154 0.9266826923076923 0.10817307692307693 0.14182692307692307
2 0.609375 0.9567307692307693 0.13221153846153846 0.08173076923076923
2 0.4362980769230769 0.9507211538461539 0.11778846153846154 0.09375
2 0.3629807692307692 0.8762019230769231 0.15625 0.16346153846153846
2 0.28125 0.9399038461538461 0.0889423076923077 0.06009615384615385
2 0.34375 0.7896634615384616 0.20673076923076922 0.20432692307692307
2 0.4182692307692308 0.7896634615384616 0.03365384615384615 0.07211538461538461
2 0.32091346153846156 0.75 0.16105769230769232 0.13942307692307693
2 0.39302884615384615 0.6442307692307693 0.16105769230769232 0.08413461538461539
2 0.3485576923076923 0.6141826923076923 0.1201923076923077 0.09615384615384616
2 0.23557692307692307 0.6298076923076923 0.14182692307692307 0.11538461538461539
2 0.13341346153846154 0.49158653846153844 0.2620192307692308 0.0889423076923077
2 0.10336538461538461 0.3858173076923077 0.20192307692307693 0.28125
2 0.11658653846153846 0.36177884615384615 0.12259615384615384 0.13221153846153846
2 0.28125 0.15384615384615385 0.14182692307692307 0.23557692307692307
2 0.11177884615384616 0.2439903846153846 0.0673076923076923 0.0673076923076923
2 0.17548076923076922 0.24639423076923078 0.0625 0.07211538461538461
2 0.13822115384615385 0.14423076923076922 0.15144230769230768 0.2403846153846154
2 0.11057692307692307 0.09975961538461539 0.07692307692307693 0.1875
2 0.17427884615384615 0.057692307692307696 0.0673076923076923 0.10096153846153846
2 0.16466346153846154 0.6141826923076923 0.1778846153846154 0.2403846153846154
2 0.07091346153846154 0.7956730769230769 0.12980769230769232 0.16826923076923078
2 0.1658653846153846 0.7860576923076923 0.0673076923076923 0.0673076923076923
2 0.19110576923076922 0.8401442307692307 0.052884615384615384 0.09134615384615384
2 0.18509615384615385 0.9387019230769231 0.09615384615384616 0.11778846153846154
2 0.04567307692307692 0.9098557692307693 0.0673076923076923 0.07211538461538461
2 0.5432692307692307 0.6201923076923077 0.057692307692307696 0.036057692307692304