2 0.7644230769230769 0.7451923076923077 0.25961538461538464 0.5048076923076923
2 0.45072115384615385 0.5540865384615384 0.49278846153846156 0.8798076923076923
2 0.9242788461538461 0.7728365384615384 0.1466346153846154 0.4495192307692308
2 0.8882211538461539 0.9603365384615384 0.0889423076923077 0.07451923076923077
2 0.47836538461538464 0.7800480769230769 0.22596153846153846 0.2980769230769231
2 0.19110576923076922 0.5901442307692307 0.37740384615384615 0.6033653846153846
2 0.109375 0.7932692307692307 0.21153846153846154 0.36778846153846156
2 0.09735576923076923 0.9194711538461539 0.18990384615384615 0.15625
2 0.3557692307692308 0.9146634615384616 0.27403846153846156 0.1658653846153846
2 0.07451923076923077 0.12259615384615384 0.14182692307692307 0.23317307692307693
2 0.046875 0.20432692307692307 0.0889423076923077 0.21153846153846154
2 0.3581730769230769 0.18509615384615385 0.5336538461538461 0.3581730769230769
2 0.8425480769230769 0.19591346153846154 0.3125 0.3269230769230769
2 0.8834134615384616 0.04567307692307692 0.18269230769230768 0.08173076923076923
2 0.7067307692307693 0.21153846153846154 0.2668269230769231 0.2620192307692308
2 0.8173076923076923 0.43028846153846156 0.3605769230769231 0.28846153846153844
2 0.5 0.5012019230769231 0.9951923076923077 0.9927884615384616