2 0.8629807692307693 0.45072115384615385 0.1658653846153846 0.375
2 0.6778846153846154 0.6237980769230769 0.1971153846153846 0.25721153846153844
2 0.7319711538461539 0.3713942307692308 0.1201923076923077 0.28846153846153844
2 0.6274038461538461 0.28846153846153844 0.1201923076923077 0.2980769230769231
2 0.5348557692307693 0.47115384615384615 0.18269230769230768 0.5528846153846154
2 0.45913461538461536 0.25240384615384615 0.1466346153846154 0.2692307692307692
2 0.3088942307692308 0.4098557692307692 0.1778846153846154 0.4182692307692308
2 0.4050480769230769 0.6442307692307693 0.20192307692307693 0.5480769230769231
2 0.12740384615384615 0.3473557692307692 0.13942307692307693 0.36538461538461536
2 0.17548076923076922 0.5048076923076923 0.20432692307692307 0.4639423076923077
3 0.30649038461538464 0.15745192307692307 0.14903846153846154 0.09615384615384616
3 0.6298076923076923 0.47115384615384615 0.12980769230769232 0.09615384615384616
3 0.7283653846153846 0.5516826923076923 0.1346153846153846 0.09134615384615384
3 0.8653846153846154 0.6730769230769231 0.16346153846153846 0.07692307692307693
3 0.6598557692307693 0.7860576923076923 0.16346153846153846 0.07692307692307693
3 0.17427884615384615 0.7752403846153846 0.20192307692307693 0.09615384615384616
3 0.30649038461538464 0.6490384615384616 0.17307692307692307 0.09134615384615384
3 0.11538461538461539 0.5673076923076923 0.1466346153846154 0.09134615384615384
5 0.5324519230769231 0.7788461538461539 0.09134615384615384 0.0625