2 0.2439903846153846 0.6646634615384616 0.3173076923076923 0.16826923076923078
2 0.25961538461538464 0.46274038461538464 0.2620192307692308 0.14903846153846154
2 0.25841346153846156 0.26802884615384615 0.25961538461538464 0.15384615384615385
2 0.25841346153846156 0.07932692307692307 0.2644230769230769 0.14903846153846154
2 0.4963942307692308 0.23197115384615385 0.2403846153846154 0.13942307692307693
2 0.49038461538461536 0.4206730769230769 0.2548076923076923 0.14423076923076922
2 0.49158653846153844 0.6201923076923077 0.25961538461538464 0.15865384615384615
2 0.49399038461538464 0.8028846153846154 0.2620192307692308 0.14903846153846154
2 0.7199519230769231 0.9134615384615384 0.2548076923076923 0.14423076923076922
2 0.7199519230769231 0.7211538461538461 0.2548076923076923 0.14423076923076922
2 0.7151442307692307 0.5420673076923077 0.2548076923076923 0.14903846153846154
2 0.7223557692307693 0.3545673076923077 0.25961538461538464 0.13942307692307693
5 0.0889423076923077 0.5300480769230769 0.16105769230769232 0.5865384615384616
5 0.3161057692307692 0.8774038461538461 0.1346153846153846 0.1875
5 0.4699519230769231 0.4579326923076923 0.1658653846153846 0.10817307692307693
5 0.4723557692307692 0.2704326923076923 0.16105769230769232 0.11778846153846154
5 0.4699519230769231 0.07932692307692307 0.14903846153846154 0.10817307692307693
5 0.6935096153846154 0.23197115384615385 0.15384615384615385 0.0985576923076923
5 0.6995192307692307 0.4182692307692308 0.15865384615384615 0.10817307692307693
5 0.6995192307692307 0.6177884615384616 0.15865384615384615 0.10336538461538461
5 0.7019230769230769 0.7980769230769231 0.15384615384615385 0.10817307692307693
5 0.921875 0.9158653846153846 0.15144230769230768 0.10096153846153846
5 0.921875 0.7235576923076923 0.13942307692307693 0.10817307692307693
5 0.9230769230769231 0.5396634615384616 0.13701923076923078 0.10336538461538461
5 0.921875 0.3557692307692308 0.15144230769230768 0.10096153846153846