2 0.21394230769230768 0.8052884615384616 0.42788461538461536 0.38461538461538464
2 0.20192307692307693 0.7992788461538461 0.25 0.17307692307692307
2 0.27163461538461536 0.6911057692307693 0.07692307692307693 0.0625
2 0.2956730769230769 0.6502403846153846 0.2283653846153846 0.15625
2 0.3786057692307692 0.7019230769230769 0.10336538461538461 0.15865384615384615
2 0.4014423076923077 0.8112980769230769 0.0985576923076923 0.10336538461538461
2 0.4795673076923077 0.7439903846153846 0.13942307692307693 0.1971153846153846
2 0.6526442307692307 0.921875 0.2091346153846154 0.15144230769230768
2 0.6814903846153846 0.8269230769230769 0.4206730769230769 0.34134615384615385
2 0.7151442307692307 0.5588942307692307 0.3125 0.34615384615384615
2 0.7307692307692307 0.5252403846153846 0.1971153846153846 0.34615384615384615
2 0.6394230769230769 0.29447115384615385 0.12980769230769232 0.22115384615384615
2 0.5985576923076923 0.1778846153846154 0.057692307692307696 0.03365384615384615
2 0.5024038461538461 0.1778846153846154 0.11538461538461539 0.2932692307692308
2 0.546875 0.34975961538461536 0.04807692307692308 0.11778846153846154
2 0.5048076923076923 0.3798076923076923 0.08653846153846154 0.06490384615384616
2 0.45552884615384615 0.35096153846153844 0.08173076923076923 0.052884615384615384
2 0.4639423076923077 0.4519230769230769 0.18269230769230768 0.22596153846153846
2 0.3942307692307692 0.5204326923076923 0.07211538461538461 0.08653846153846154
2 0.3762019230769231 0.44711538461538464 0.057692307692307696 0.038461538461538464
2 0.45552884615384615 0.5997596153846154 0.08173076923076923 0.0673076923076923
2 0.46153846153846156 0.5384615384615384 0.0625 0.0673076923076923