2 0.7235576923076923 0.6586538461538461 0.3004807692307692 0.15384615384615385
2 0.8605769230769231 0.42908653846153844 0.19230769230769232 0.09615384615384616
2 0.7163461538461539 0.3125 0.1971153846153846 0.057692307692307696
2 0.24879807692307693 0.6814903846153846 0.4423076923076923 0.34615384615384615
2 0.390625 0.5288461538461539 0.28846153846153844 0.14182692307692307
2 0.6177884615384616 0.4891826923076923 0.12980769230769232 0.10576923076923077
2 0.7427884615384616 0.5 0.14182692307692307 0.0985576923076923
2 0.5661057692307693 0.4254807692307692 0.125 0.057692307692307696
2 0.5733173076923077 0.34375 0.0673076923076923 0.03365384615384615
2 0.390625 0.2932692307692308 0.10336538461538461 0.0985576923076923
2 0.28725961538461536 0.31490384615384615 0.12740384615384615 0.038461538461538464
2 0.1935096153846154 0.3581730769230769 0.12740384615384615 0.08413461538461539
2 0.15625 0.4387019230769231 0.13701923076923078 0.040865384615384616
2 0.38822115384615385 0.41225961538461536 0.16346153846153846 0.0625