2 0.7463942307692307 0.17067307692307693 0.30288461538461536 0.2980769230769231
2 0.3137019230769231 0.17067307692307693 0.2980769230769231 0.2980769230769231
2 0.3161057692307692 0.4951923076923077 0.2932692307692308 0.2980769230769231
2 0.3137019230769231 0.8197115384615384 0.2980769230769231 0.2980769230769231
2 0.7463942307692307 0.8221153846153846 0.30288461538461536 0.2932692307692308
2 0.7487980769230769 0.49278846153846156 0.3076923076923077 0.30288461538461536
3 0.5528846153846154 0.17307692307692307 0.11057692307692307 0.28365384615384615
3 0.5552884615384616 0.5024038461538461 0.10576923076923077 0.28365384615384615
3 0.11778846153846154 0.17307692307692307 0.10096153846153846 0.2932692307692308
3 0.11778846153846154 0.49759615384615385 0.10096153846153846 0.2932692307692308
3 0.11298076923076923 0.8293269230769231 0.10096153846153846 0.2980769230769231
3 0.5492788461538461 0.8269230769230769 0.10096153846153846 0.2932692307692308