2 0.08653846153846154 0.5204326923076923 0.1466346153846154 0.5240384615384616
2 0.2536057692307692 0.5216346153846154 0.15144230769230768 0.5192307692307693
2 0.4182692307692308 0.5216346153846154 0.15144230769230768 0.5192307692307693
2 0.5841346153846154 0.5240384615384616 0.1466346153846154 0.5240384615384616
2 0.7512019230769231 0.5180288461538461 0.15144230769230768 0.5192307692307693
2 0.9194711538461539 0.5216346153846154 0.15144230769230768 0.5192307692307693
3 0.09134615384615384 0.7956730769230769 0.0673076923076923 0.026442307692307692
3 0.2536057692307692 0.7956730769230769 0.0625 0.026442307692307692
3 0.41947115384615385 0.7932692307692307 0.0673076923076923 0.021634615384615384
3 0.59375 0.7980769230769231 0.0673076923076923 0.021634615384615384
3 0.7560096153846154 0.7956730769230769 0.0625 0.026442307692307692
3 0.921875 0.7980769230769231 0.0673076923076923 0.021634615384615384