2 0.25721153846153844 0.6466346153846154 0.42788461538461536 0.4326923076923077
2 0.5625 0.7223557692307693 0.5192307692307693 0.5192307692307693
2 0.40625 0.24879807692307693 0.47596153846153844 0.46153846153846156
3 0.5024038461538461 0.6514423076923077 0.15865384615384615 0.3317307692307692
3 0.6778846153846154 0.24278846153846154 0.1466346153846154 0.35096153846153844
3 0.8617788461538461 0.7271634615384616 0.1346153846153846 0.3317307692307692
0 0.3894230769230769 0.2848557692307692 0.1466346153846154 0.14182692307692307
0 0.42427884615384615 0.36899038461538464 0.13942307692307693 0.052884615384615384
0 0.42908653846153844 0.4338942307692308 0.17307692307692307 0.10096153846153846
0 0.3269230769230769 0.42908653846153844 0.057692307692307696 0.10096153846153846
0 0.28725961538461536 0.42427884615384615 0.04807692307692308 0.09375
0 0.25721153846153844 0.30408653846153844 0.09615384615384616 0.10096153846153846
0 0.2668269230769231 0.36899038461538464 0.07211538461538461 0.11538461538461539
0 0.23317307692307693 0.3485576923076923 0.0673076923076923 0.17307692307692307
0 0.2620192307692308 0.1622596153846154 0.14182692307692307 0.23557692307692307
0 0.33774038461538464 0.27283653846153844 0.1346153846153846 0.1466346153846154
0 0.46033653846153844 0.21995192307692307 0.1466346153846154 0.1466346153846154
0 0.5420673076923077 0.3425480769230769 0.09615384615384616 0.1346153846153846
0 0.5444711538461539 0.2403846153846154 0.04807692307692308 0.0625
0 0.5552884615384616 0.17548076923076922 0.052884615384615384 0.10096153846153846
0 0.5625 0.11778846153846154 0.0673076923076923 0.1201923076923077
0 0.5048076923076923 0.08653846153846154 0.09375 0.13942307692307693
0 0.41947115384615385 0.16466346153846154 0.1201923076923077 0.10576923076923077
0 0.43149038461538464 0.07572115384615384 0.07211538461538461 0.08173076923076923
0 0.35336538461538464 0.11057692307692307 0.10096153846153846 0.125