2 0.5709134615384616 0.8798076923076923 0.7932692307692307 0.16105769230769232
2 0.6502403846153846 0.9759615384615384 0.6225961538461539 0.040865384615384616
2 0.38221153846153844 0.8257211538461539 0.2403846153846154 0.05048076923076923
2 0.5985576923076923 0.7223557692307693 0.7379807692307693 0.14903846153846154
2 0.6141826923076923 0.5889423076923077 0.7163461538461539 0.12980769230769232
2 0.30649038461538464 0.5805288461538461 0.5576923076923077 0.15625
2 0.5216346153846154 0.44591346153846156 0.9471153846153846 0.15625
2 0.5793269230769231 0.3269230769230769 0.8317307692307693 0.18269230769230768
2 0.3004807692307692 0.24158653846153846 0.5024038461538461 0.11298076923076923
2 0.5576923076923077 0.16947115384615385 0.875 0.15625
2 0.49759615384615385 0.07451923076923077 0.9951923076923077 0.14903846153846154