2 0.2980769230769231 0.4182692307692308 0.5336538461538461 0.6586538461538461
2 0.7487980769230769 0.49158653846153844 0.44711538461538464 0.6346153846153846
3 0.3016826923076923 0.8004807692307693 0.44471153846153844 0.15144230769230768
3 0.7512019230769231 0.8581730769230769 0.4182692307692308 0.1346153846153846
0 0.7091346153846154 0.46033653846153844 0.27163461538461536 0.44711538461538464
0 0.7824519230769231 0.43990384615384615 0.28365384615384615 0.46153846153846156
0 0.7800480769230769 0.33774038461538464 0.11057692307692307 0.22115384615384615
0 0.8774038461538461 0.453125 0.12980769230769232 0.4519230769230769
0 0.8137019230769231 0.6959134615384616 0.0889423076923077 0.11057692307692307
0 0.7271634615384616 0.6622596153846154 0.04807692307692308 0.1778846153846154
0 0.6730769230769231 0.5973557692307693 0.04807692307692308 0.27884615384615385
0 0.625 0.46875 0.07692307692307693 0.28846153846153844
0 0.5997596153846154 0.5709134615384616 0.04326923076923077 0.18269230769230768
0 0.6129807692307693 0.6754807692307693 0.0625 0.125