2 0.6177884615384616 0.06009615384615385 0.5192307692307693 0.0673076923076923
2 0.15625 0.07211538461538461 0.23076923076923078 0.0889423076923077
2 0.24639423076923078 0.18629807692307693 0.40865384615384615 0.10817307692307693
2 0.6850961538461539 0.1935096153846154 0.38461538461538464 0.08653846153846154
2 0.6766826923076923 0.32572115384615385 0.3894230769230769 0.0625
2 0.6694711538461539 0.45552884615384615 0.4254807692307692 0.0889423076923077
2 0.6670673076923077 0.5853365384615384 0.4206730769230769 0.06971153846153846
2 0.6790865384615384 0.7247596153846154 0.3942307692307692 0.15384615384615385
2 0.6923076923076923 0.9110576923076923 0.3798076923076923 0.13942307692307693
2 0.23798076923076922 0.6490384615384616 0.3942307692307692 0.1971153846153846
2 0.22355769230769232 0.49399038461538464 0.38461538461538464 0.07211538461538461
2 0.2439903846153846 0.35096153846153844 0.41586538461538464 0.11298076923076923
2 0.21995192307692307 0.8233173076923077 0.3605769230769231 0.08173076923076923
2 0.24879807692307693 0.9362980769230769 0.41586538461538464 0.0673076923076923