2 0.10096153846153846 0.5396634615384616 0.16346153846153846 0.9086538461538461
2 0.25721153846153844 0.5961538461538461 0.14903846153846154 0.7980769230769231
2 0.4050480769230769 0.5769230769230769 0.16826923076923078 0.8365384615384616
2 0.5600961538461539 0.5661057692307693 0.15625 0.8557692307692307
2 0.7223557692307693 0.5697115384615384 0.15865384615384615 0.8509615384615384
2 0.8918269230769231 0.5180288461538461 0.1875 0.9519230769230769
3 0.10216346153846154 0.07692307692307693 0.07211538461538461 0.026442307692307692
3 0.25600961538461536 0.18870192307692307 0.07211538461538461 0.014423076923076924
3 0.40865384615384615 0.140625 0.0625 0.026442307692307692
3 0.5637019230769231 0.1201923076923077 0.07451923076923077 0.038461538461538464
3 0.7223557692307693 0.1201923076923077 0.07692307692307693 0.026442307692307692
3 0.8942307692307693 0.02403846153846154 0.07692307692307693 0.026442307692307692