3 0.13341346153846154 0.4230769230769231 0.15865384615384615 0.16346153846153846
3 0.0829326923076923 0.29927884615384615 0.14903846153846154 0.16346153846153846
3 0.06009615384615385 0.16706730769230768 0.11057692307692307 0.19230769230769232
3 0.5757211538461539 0.11298076923076923 0.09134615384615384 0.18509615384615385
3 0.4495192307692308 0.0673076923076923 0.08173076923076923 0.125
3 0.43028846153846156 0.14182692307692307 0.10576923076923077 0.20192307692307693
3 0.796875 0.13701923076923078 0.10576923076923077 0.07692307692307693
3 0.796875 0.26802884615384615 0.09615384615384616 0.09134615384615384
3 0.796875 0.4098557692307692 0.08173076923076923 0.0673076923076923
3 0.7932692307692307 0.06129807692307692 0.11057692307692307 0.040865384615384616
3 0.6490384615384616 0.71875 0.16826923076923078 0.30288461538461536
3 0.7584134615384616 0.8088942307692307 0.14903846153846154 0.25721153846153844
3 0.5612980769230769 0.8112980769230769 0.07211538461538461 0.27403846153846156
3 0.25240384615384615 0.7884615384615384 0.1201923076923077 0.23557692307692307
3 0.3942307692307692 0.6622596153846154 0.16826923076923078 0.20192307692307693
3 0.3918269230769231 0.7680288461538461 0.10576923076923077 0.11298076923076923
3 0.33052884615384615 0.9362980769230769 0.09375 0.12259615384615384