3 0.24278846153846154 0.1502403846153846 0.23557692307692307 0.1346153846153846
3 0.16105769230769232 0.5252403846153846 0.22355769230769232 0.12980769230769232
3 0.2920673076923077 0.5600961538461539 0.15865384615384615 0.1346153846153846
3 0.1201923076923077 0.7884615384615384 0.20673076923076922 0.12740384615384615
3 0.16706730769230768 0.9471153846153846 0.23557692307692307 0.0985576923076923
3 0.43149038461538464 0.3293269230769231 0.21875 0.16826923076923078
3 0.7487980769230769 0.09254807692307693 0.16346153846153846 0.14903846153846154
3 0.6141826923076923 0.025240384615384616 0.15865384615384615 0.05048076923076923
3 0.5060096153846154 0.052884615384615384 0.18028846153846154 0.10576923076923077
3 0.7992788461538461 0.6790865384615384 0.39663461538461536 0.31009615384615385
3 0.9170673076923077 0.3401442307692308 0.16105769230769232 0.38221153846153844
3 0.609375 0.6141826923076923 0.5096153846153846 0.7644230769230769