3 0.3016826923076923 0.16826923076923078 0.34615384615384615 0.10576923076923077
3 0.5360576923076923 0.2608173076923077 0.36538461538461536 0.22115384615384615
3 0.22235576923076922 0.25721153846153844 0.2620192307692308 0.07692307692307693
3 0.1310096153846154 0.35216346153846156 0.15384615384615385 0.11778846153846154
3 0.34134615384615385 0.36177884615384615 0.3293269230769231 0.14903846153846154
3 0.5300480769230769 0.4495192307692308 0.47596153846153844 0.17548076923076922
3 0.3629807692307692 0.4963942307692308 0.12980769230769232 0.09615384615384616
3 0.20072115384615385 0.45913461538461536 0.20673076923076922 0.10576923076923077
3 0.19831730769230768 0.5901442307692307 0.25 0.1875
3 0.4326923076923077 0.5745192307692307 0.27884615384615385 0.11538461538461539
3 0.6129807692307693 0.5793269230769231 0.10336538461538461 0.09134615384615384
3 0.7620192307692307 0.5793269230769231 0.22115384615384615 0.10576923076923077
3 0.6213942307692307 0.6682692307692307 0.17067307692307693 0.11057692307692307
3 0.4266826923076923 0.6826923076923077 0.20673076923076922 0.08173076923076923
3 0.2956730769230769 0.7487980769230769 0.3701923076923077 0.125