3 0.3473557692307692 0.7079326923076923 0.6081730769230769 0.2644230769230769
3 0.5432692307692307 0.47115384615384615 0.20673076923076922 0.18269230769230768
3 0.3629807692307692 0.38822115384615385 0.5408653846153846 0.16826923076923078
3 0.27524038461538464 0.5540865384615384 0.5456730769230769 0.24278846153846154
3 0.2644230769230769 0.2824519230769231 0.5288461538461539 0.15625
3 0.47836538461538464 0.20793269230769232 0.33653846153846156 0.11538461538461539
3 0.8389423076923077 0.32572115384615385 0.27403846153846156 0.31971153846153844
3 0.8846153846153846 0.5877403846153846 0.16826923076923078 0.10096153846153846
3 0.9350961538461539 0.6610576923076923 0.057692307692307696 0.038461538461538464
3 0.9098557692307693 0.7379807692307693 0.15384615384615385 0.09615384615384616
3 0.8293269230769231 0.6742788461538461 0.11778846153846154 0.08413461538461539
3 0.7608173076923077 0.5913461538461539 0.11778846153846154 0.07692307692307693
3 0.7235576923076923 0.6225961538461539 0.09375 0.0625
3 0.7235576923076923 0.6959134615384616 0.09375 0.0625
3 0.7728365384615384 0.7512019230769231 0.09375 0.06971153846153846