3 0.8377403846153846 0.609375 0.16346153846153846 0.24759615384615385
3 0.8185096153846154 0.4230769230769231 0.25240384615384615 0.30288461538461536
3 0.6105769230769231 0.46274038461538464 0.15625 0.35096153846153844
3 0.6682692307692307 0.35096153846153844 0.1346153846153846 0.22596153846153846
3 0.6574519230769231 0.6430288461538461 0.20432692307692307 0.20673076923076922
3 0.45552884615384615 0.7920673076923077 0.19230769230769232 0.12980769230769232
3 0.4375 0.5793269230769231 0.2283653846153846 0.33653846153846156
3 0.5084134615384616 0.3389423076923077 0.14423076923076922 0.27403846153846156
3 0.5 0.2692307692307692 0.08173076923076923 0.11538461538461539
3 0.47596153846153844 0.203125 0.057692307692307696 0.0985576923076923
3 0.3762019230769231 0.23317307692307693 0.09615384615384616 0.1778846153846154
3 0.41225961538461536 0.29927884615384615 0.09615384615384616 0.18269230769230768
3 0.29447115384615385 0.28725961538461536 0.125 0.1971153846153846
3 0.15985576923076922 0.3858173076923077 0.2091346153846154 0.3269230769230769
3 0.3581730769230769 0.4807692307692308 0.16346153846153846 0.1971153846153846
3 0.21634615384615385 0.6069711538461539 0.20673076923076922 0.15384615384615385
3 0.2439903846153846 0.7620192307692307 0.21634615384615385 0.1778846153846154