0 0.3245192307692308 0.8137019230769231 0.036057692307692304 0.055288461538461536
0 0.25721153846153844 0.8233173076923077 0.036057692307692304 0.055288461538461536
0 0.23677884615384615 0.8233173076923077 0.019230769230769232 0.07451923076923077
0 0.1971153846153846 0.8329326923076923 0.028846153846153848 0.06490384615384616
0 0.16706730769230768 0.8533653846153846 0.02403846153846154 0.06490384615384616
0 0.14302884615384615 0.8461538461538461 0.02403846153846154 0.04807692307692308
0 0.12379807692307693 0.8329326923076923 0.016826923076923076 0.04326923076923077
0 0.33052884615384615 0.8810096153846154 0.014423076923076924 0.038461538461538464
0 0.3641826923076923 0.8786057692307693 0.019230769230769232 0.04326923076923077
0 0.390625 0.8581730769230769 0.03365384615384615 0.03365384615384615
0 0.41466346153846156 0.84375 0.02403846153846154 0.04326923076923077
0 0.44591346153846156 0.8677884615384616 0.03365384615384615 0.04326923076923077
0 0.4483173076923077 0.7956730769230769 0.036057692307692304 0.038461538461538464
0 0.48197115384615385 0.78125 0.040865384615384616 0.06009615384615385