3 0.7271634615384616 0.47836538461538464 0.19230769230769232 0.12980769230769232
3 0.7319711538461539 0.7307692307692307 0.19230769230769232 0.11538461538461539
3 0.42908653846153844 0.6045673076923077 0.19230769230769232 0.11538461538461539
3 0.13942307692307693 0.5348557692307693 0.1875 0.125
3 0.13581730769230768 0.28365384615384615 0.19230769230769232 0.11057692307692307
3 0.43149038461538464 0.3894230769230769 0.1971153846153846 0.11778846153846154
3 0.7367788461538461 0.20072115384615385 0.19230769230769232 0.3701923076923077
3 0.4338942307692308 0.17548076923076922 0.20192307692307693 0.3173076923076923
3 0.13942307692307693 0.1971153846153846 0.1875 0.3605769230769231
3 0.13581730769230768 0.8112980769230769 0.19230769230769232 0.3605769230769231
3 0.43149038461538464 0.8064903846153846 0.1971153846153846 0.3701923076923077
3 0.7319711538461539 0.8088942307692307 0.19230769230769232 0.36538461538461536