3 0.6947115384615384 0.1502403846153846 0.23317307692307693 0.29086538461538464
3 0.9254807692307693 0.16706730769230768 0.14182692307692307 0.3004807692307692
3 0.8221153846153846 0.4074519230769231 0.2764423076923077 0.29086538461538464
3 0.7908653846153846 0.7079326923076923 0.2932692307692308 0.27884615384615385
3 0.49399038461538464 0.8064903846153846 0.2764423076923077 0.3557692307692308
3 0.6322115384615384 0.6033653846153846 0.18269230769230768 0.3004807692307692
3 0.6105769230769231 0.4206730769230769 0.12980769230769232 0.20673076923076922
3 0.5324519230769231 0.36899038461538464 0.16346153846153846 0.22355769230769232
3 0.47475961538461536 0.109375 0.19230769230769232 0.20673076923076922
3 0.4266826923076923 0.19951923076923078 0.21634615384615385 0.2692307692307692
3 0.4050480769230769 0.4483173076923077 0.22355769230769232 0.40384615384615385
3 0.33413461538461536 0.6995192307692307 0.10336538461538461 0.17307692307692307
3 0.19230769230769232 0.8942307692307693 0.3076923076923077 0.20673076923076922
3 0.33774038461538464 0.8774038461538461 0.10336538461538461 0.16826923076923078
3 0.03485576923076923 0.9038461538461539 0.06971153846153846 0.16826923076923078
3 0.15865384615384615 0.8329326923076923 0.21634615384615385 0.2692307692307692
3 0.06370192307692307 0.6081730769230769 0.12259615384615384 0.3942307692307692
3 0.22355769230769232 0.5817307692307693 0.21634615384615385 0.28846153846153844
3 0.25240384615384615 0.40384615384615385 0.14182692307692307 0.2620192307692308
3 0.0985576923076923 0.33653846153846156 0.1971153846153846 0.36538461538461536
3 0.10576923076923077 0.1201923076923077 0.20432692307692307 0.23076923076923078
3 0.27403846153846156 0.0733173076923077 0.22115384615384615 0.13701923076923078
3 0.26322115384615385 0.1935096153846154 0.12740384615384615 0.15865384615384615
3 0.8377403846153846 0.13701923076923078 0.04807692307692308 0.25
3 0.96875 0.39302884615384615 0.052884615384615384 0.20673076923076922
3 0.9675480769230769 0.6478365384615384 0.057692307692307696 0.19230769230769232