3 0.8341346153846154 0.4807692307692308 0.12740384615384615 0.21875
3 0.8557692307692307 0.22716346153846154 0.16346153846153846 0.20192307692307693
3 0.765625 0.32211538461538464 0.15625 0.2091346153846154
3 0.6850961538461539 0.19951923076923078 0.14903846153846154 0.21153846153846154
3 0.6069711538461539 0.36658653846153844 0.13942307692307693 0.28365384615384615
3 0.6694711538461539 0.48677884615384615 0.12980769230769232 0.1875
3 0.41586538461538464 0.7512019230769231 0.17067307692307693 0.3317307692307692
3 0.5 0.5132211538461539 0.14903846153846154 0.3076923076923077
3 0.47475961538461536 0.24278846153846154 0.14903846153846154 0.3125
3 0.22716346153846154 0.5961538461538461 0.15625 0.35096153846153844
3 0.33774038461538464 0.34975961538461536 0.13221153846153846 0.3389423076923077
3 0.35096153846153844 0.5661057692307693 0.10576923076923077 0.14903846153846154
3 0.20192307692307693 0.24278846153846154 0.15625 0.36778846153846156
3 0.1310096153846154 0.3581730769230769 0.11057692307692307 0.3317307692307692
3 0.4387019230769231 0.20793269230769232 0.0625 0.07692307692307693
3 0.17307692307692307 0.3798076923076923 0.07692307692307693 0.04807692307692308
3 0.14182692307692307 0.5 0.04326923076923077 0.04807692307692308