3 0.6682692307692307 0.6983173076923077 0.10817307692307693 0.3173076923076923
3 0.7896634615384616 0.6923076923076923 0.10096153846153846 0.3293269230769231
3 0.9158653846153846 0.6802884615384616 0.11057692307692307 0.34134615384615385
3 0.3317307692307692 0.8918269230769231 0.06490384615384616 0.16826923076923078
3 0.24158653846153846 0.8353365384615384 0.0673076923076923 0.11778846153846154
3 0.1778846153846154 0.7920673076923077 0.052884615384615384 0.09375
3 0.12139423076923077 0.8978365384615384 0.0889423076923077 0.19230769230769232
3 0.18990384615384615 0.9326923076923077 0.04326923076923077 0.12980769230769232
3 0.2620192307692308 0.9459134615384616 0.09615384615384616 0.10336538461538461
3 0.21875 0.16105769230769232 0.09375 0.31009615384615385
3 0.13221153846153846 0.22355769230769232 0.08653846153846154 0.1875
3 0.7223557692307693 0.21394230769230768 0.10096153846153846 0.3293269230769231
3 0.8389423076923077 0.23918269230769232 0.14423076923076922 0.3293269230769231
3 0.953125 0.22956730769230768 0.08653846153846154 0.31009615384615385
2 0.625 0.18629807692307693 0.036057692307692304 0.25
2 0.59375 0.18629807692307693 0.038461538461538464 0.22355769230769232
2 0.5697115384615384 0.19591346153846154 0.028846153846153848 0.23076923076923078
2 0.59375 0.21754807692307693 0.019230769230769232 0.21153846153846154
2 0.5492788461538461 0.22716346153846154 0.03365384615384615 0.19230769230769232
2 0.47115384615384615 0.3545673076923077 0.04326923076923077 0.08653846153846154
2 0.4987980769230769 0.27283653846153844 0.04326923076923077 0.08653846153846154
2 0.47475961538461536 0.18990384615384615 0.04326923076923077 0.09375
2 0.4987980769230769 0.10216346153846154 0.04326923076923077 0.09375
2 0.4014423076923077 0.09375 0.04807692307692308 0.10096153846153846