3 0.4423076923076923 0.15144230769230768 0.1201923076923077 0.1875
3 0.3605769230769231 0.15384615384615385 0.08173076923076923 0.19230769230769232
3 0.3016826923076923 0.15384615384615385 0.07211538461538461 0.18269230769230768
3 0.2512019230769231 0.15384615384615385 0.07692307692307693 0.18269230769230768
3 0.19951923076923078 0.15745192307692307 0.07211538461538461 0.18269230769230768
3 0.1466346153846154 0.41346153846153844 0.14182692307692307 0.1971153846153846
3 0.15985576923076922 0.27524038461538464 0.125 0.15144230769230768
3 0.41346153846153844 0.35096153846153844 0.11538461538461539 0.1778846153846154
3 0.3329326923076923 0.35096153846153844 0.07211538461538461 0.16826923076923078
3 0.2824519230769231 0.34615384615384615 0.0673076923076923 0.1778846153846154
3 0.23557692307692307 0.35096153846153844 0.07211538461538461 0.16826923076923078
3 0.4375 0.5913461538461539 0.1201923076923077 0.1875
3 0.3581730769230769 0.59375 0.07692307692307693 0.18269230769230768
3 0.3016826923076923 0.5961538461538461 0.08173076923076923 0.1778846153846154
3 0.2512019230769231 0.5997596153846154 0.0673076923076923 0.1875
3 0.19831730769230768 0.5997596153846154 0.0673076923076923 0.1778846153846154
3 0.14423076923076922 0.8581730769230769 0.12980769230769232 0.1875
3 0.15745192307692307 0.7127403846153846 0.1201923076923077 0.13701923076923078
3 0.4110576923076923 0.7908653846153846 0.1201923076923077 0.16826923076923078
3 0.33533653846153844 0.7932692307692307 0.0673076923076923 0.17307692307692307
3 0.2824519230769231 0.7884615384615384 0.0673076923076923 0.16346153846153846
3 0.2247596153846154 0.7884615384615384 0.0673076923076923 0.16346153846153846
3 0.6069711538461539 0.6069711538461539 0.13942307692307693 0.19230769230769232
3 0.6201923076923077 0.46274038461538464 0.12980769230769232 0.15865384615384615
3 0.9038461538461539 0.33774038461538464 0.1201923076923077 0.1875
3 0.8197115384615384 0.3425480769230769 0.07692307692307693 0.1875
3 0.7644230769230769 0.3425480769230769 0.07211538461538461 0.1778846153846154
3 0.7115384615384616 0.3425480769230769 0.0625 0.1778846153846154
3 0.6550480769230769 0.3425480769230769 0.0673076923076923 0.1778846153846154
3 0.8737980769230769 0.5396634615384616 0.11057692307692307 0.18269230769230768
3 0.7932692307692307 0.5372596153846154 0.0673076923076923 0.16826923076923078
3 0.7427884615384616 0.5336538461538461 0.0625 0.16826923076923078
3 0.6995192307692307 0.5372596153846154 0.057692307692307696 0.16826923076923078