3 0.11057692307692307 0.23798076923076922 0.03365384615384615 0.23076923076923078
3 0.14783653846153846 0.2800480769230769 0.06490384615384616 0.27403846153846156
3 0.18028846153846154 0.3016826923076923 0.057692307692307696 0.30288461538461536
3 0.24639423076923078 0.28725961538461536 0.06490384615384616 0.24519230769230768
3 0.21754807692307693 0.13701923076923078 0.0673076923076923 0.04326923076923077
3 0.21754807692307693 0.37740384615384615 0.055288461538461536 0.39663461538461536
3 0.2848557692307692 0.5324519230769231 0.1201923076923077 0.3894230769230769
3 0.2620192307692308 0.4891826923076923 0.04326923076923077 0.21634615384615385
3 0.33052884615384615 0.33774038461538464 0.11057692307692307 0.375
3 0.40865384615384615 0.2764423076923077 0.03125 0.2091346153846154
3 0.45552884615384615 0.5216346153846154 0.18990384615384615 0.6682692307692307
3 0.5168269230769231 0.25841346153846156 0.04807692307692308 0.15865384615384615
3 0.4543269230769231 0.15144230769230768 0.04807692307692308 0.04326923076923077
3 0.5877403846153846 0.7199519230769231 0.10576923076923077 0.44711538461538464
3 0.5973557692307693 0.35216346153846156 0.10096153846153846 0.375
3 0.6766826923076923 0.12980769230769232 0.10576923076923077 0.04326923076923077
3 0.6983173076923077 0.41346153846153844 0.10096153846153846 0.4519230769230769
3 0.71875 0.2764423076923077 0.055288461538461536 0.19471153846153846
3 0.78125 0.33052884615384615 0.1201923076923077 0.3173076923076923
3 0.8377403846153846 0.23076923076923078 0.04326923076923077 0.14423076923076922
3 0.8641826923076923 0.36658653846153844 0.04807692307692308 0.3894230769230769
3 0.9026442307692307 0.2692307692307692 0.02403846153846154 0.2091346153846154