3 0.6322115384615384 0.5540865384615384 0.2283653846153846 0.6177884615384616
3 0.8112980769230769 0.3605769230769231 0.12980769230769232 0.2956730769230769
3 0.9206730769230769 0.30528846153846156 0.15384615384615385 0.6057692307692307
3 0.8689903846153846 0.6502403846153846 0.2548076923076923 0.2956730769230769
3 0.8725961538461539 0.8774038461538461 0.1875 0.23557692307692307
3 0.7680288461538461 0.9399038461538461 0.15384615384615385 0.11057692307692307
3 0.421875 0.7920673076923077 0.5048076923076923 0.40384615384615385
3 0.1310096153846154 0.7596153846153846 0.21153846153846154 0.28365384615384615
3 0.07572115384615384 0.8389423076923077 0.1466346153846154 0.3125
3 0.09735576923076923 0.4567307692307692 0.18990384615384615 0.33653846153846156
3 0.35336538461538464 0.4639423076923077 0.22115384615384615 0.27403846153846156
3 0.5216346153846154 0.49759615384615385 0.12259615384615384 0.25
3 0.3425480769230769 0.546875 0.4807692307692308 0.3389423076923077
3 0.35096153846153844 0.22355769230769232 0.1971153846153846 0.3942307692307692
3 0.21033653846153846 0.41586538461538464 0.10096153846153846 0.27403846153846156
3 0.1502403846153846 0.14903846153846154 0.2956730769230769 0.2932692307692308
3 0.5492788461538461 0.140625 0.44471153846153844 0.2764423076923077