3 0.8100961538461539 0.09134615384615384 0.3701923076923077 0.1778846153846154
3 0.8269230769230769 0.3137019230769231 0.3317307692307692 0.3076923076923077
3 0.9110576923076923 0.4338942307692308 0.16826923076923078 0.125
3 0.8509615384615384 0.5564903846153846 0.2860576923076923 0.2548076923076923
3 0.6310096153846154 0.6802884615384616 0.34615384615384615 0.23317307692307693
3 0.8209134615384616 0.8245192307692307 0.34615384615384615 0.2764423076923077
3 0.6286057692307693 0.8834134615384616 0.7331730769230769 0.2283653846153846
3 0.3605769230769231 0.7319711538461539 0.3870192307692308 0.32211538461538464
3 0.21394230769230768 0.6213942307692307 0.40384615384615385 0.1778846153846154
3 0.13701923076923078 0.7487980769230769 0.15384615384615385 0.16826923076923078
3 0.25721153846153844 0.9098557692307693 0.3317307692307692 0.17548076923076922
3 0.07572115384615384 0.9050480769230769 0.1466346153846154 0.18509615384615385
3 0.051682692307692304 0.7680288461538461 0.0985576923076923 0.12259615384615384
3 0.0985576923076923 0.5733173076923077 0.1971153846153846 0.17307692307692307
3 0.1201923076923077 0.36658653846153844 0.23557692307692307 0.21394230769230768
3 0.4699519230769231 0.06129807692307692 0.16826923076923078 0.11538461538461539
3 0.5144230769230769 0.030048076923076924 0.125 0.052884615384615384
3 0.6129807692307693 0.08052884615384616 0.21394230769230768 0.15384615384615385
3 0.5625 0.24879807692307693 0.2692307692307692 0.18269230769230768
3 0.44350961538461536 0.15625 0.125 0.0673076923076923
3 0.31850961538461536 0.12379807692307693 0.23076923076923078 0.10576923076923077
3 0.2980769230769231 0.042067307692307696 0.21394230769230768 0.07692307692307693
3 0.33653846153846156 0.2536057692307692 0.20673076923076922 0.15384615384615385
3 0.4519230769230769 0.3894230769230769 0.2860576923076923 0.15865384615384615
3 0.6935096153846154 0.5096153846153846 0.24519230769230768 0.11298076923076923
3 0.3954326923076923 0.47115384615384615 0.31490384615384615 0.16346153846153846
3 0.12259615384615384 0.12860576923076922 0.16105769230769232 0.09615384615384616
3 0.20793269230769232 0.3088942307692308 0.10576923076923077 0.16346153846153846
3 0.20793269230769232 0.21875 0.09615384615384616 0.14423076923076922
3 0.036057692307692304 0.18990384615384615 0.07211538461538461 0.1346153846153846
3 0.10096153846153846 0.07692307692307693 0.18990384615384615 0.10096153846153846
3 0.11658653846153846 0.018028846153846152 0.14903846153846154 0.028846153846153848
3 0.49759615384615385 0.5012019230769231 0.9951923076923077 0.9951923076923077