3 0.6418269230769231 0.7223557692307693 0.13942307692307693 0.10096153846153846
3 0.6394230769230769 0.7824519230769231 0.1346153846153846 0.0625
3 0.6418269230769231 0.8377403846153846 0.13942307692307693 0.1201923076923077
3 0.5516826923076923 0.8401442307692307 0.09615384615384616 0.09615384615384616
3 0.4951923076923077 0.6706730769230769 0.13942307692307693 0.09615384615384616
3 0.5 0.7427884615384616 0.12980769230769232 0.0625
3 0.4951923076923077 0.7872596153846154 0.12980769230769232 0.0625
3 0.3449519230769231 0.6201923076923077 0.13942307692307693 0.09375
3 0.3485576923076923 0.6911057692307693 0.13701923076923078 0.057692307692307696
3 0.3485576923076923 0.7427884615384616 0.12740384615384615 0.052884615384615384
3 0.35096153846153844 0.7800480769230769 0.1346153846153846 0.057692307692307696
3 0.484375 0.39783653846153844 0.15144230769230768 0.12980769230769232
3 0.5757211538461539 0.3737980769230769 0.11057692307692307 0.09615384615384616
3 0.6418269230769231 0.23798076923076922 0.13942307692307693 0.11057692307692307
3 0.6418269230769231 0.3173076923076923 0.13942307692307693 0.0673076923076923
3 0.49278846153846156 0.17067307692307693 0.14182692307692307 0.10096153846153846
3 0.49759615384615385 0.24879807692307693 0.1346153846153846 0.07211538461538461
3 0.4951923076923077 0.3112980769230769 0.12980769230769232 0.052884615384615384
3 0.3485576923076923 0.1045673076923077 0.13942307692307693 0.08413461538461539
3 0.3485576923076923 0.18389423076923078 0.1466346153846154 0.07692307692307693
3 0.35096153846153844 0.25721153846153844 0.1346153846153846 0.0625
3 0.35096153846153844 0.3173076923076923 0.14182692307692307 0.0673076923076923