3 0.5276442307692307 0.19230769230769232 0.5528846153846154 0.24759615384615385
3 0.25721153846153844 0.14423076923076922 0.25 0.15625
3 0.4639423076923077 0.18870192307692307 0.6682692307692307 0.24759615384615385
3 0.6069711538461539 0.40865384615384615 0.6009615384615384 0.24519230769230768
3 0.40384615384615385 0.3942307692307692 0.20673076923076922 0.20673076923076922
3 0.4675480769230769 0.6069711538461539 0.5408653846153846 0.21153846153846154
3 0.20432692307692307 0.6670673076923077 0.25721153846153844 0.1346153846153846
3 0.41586538461538464 0.6213942307692307 0.6682692307692307 0.2403846153846154
3 0.34134615384615385 0.8545673076923077 0.2692307692307692 0.16826923076923078
3 0.5817307692307693 0.8233173076923077 0.5721153846153846 0.23798076923076922
3 0.5300480769230769 0.8257211538461539 0.6682692307692307 0.23317307692307693
3 0.3798076923076923 0.3762019230769231 0.15865384615384615 0.0673076923076923