3 0.578125 0.6899038461538461 0.5769230769230769 0.4230769230769231
3 0.24759615384615385 0.609375 0.25721153846153844 0.32211538461538464
3 0.5637019230769231 0.3125 0.5336538461538461 0.36538461538461536
0 0.23798076923076922 0.02403846153846154 0.04567307692307692 0.04807692307692308
0 0.2956730769230769 0.028846153846153848 0.07211538461538461 0.057692307692307696
0 0.3125 0.10096153846153846 0.08173076923076923 0.07211538461538461
0 0.3557692307692308 0.15745192307692307 0.03365384615384615 0.04807692307692308
0 0.34375 0.02403846153846154 0.04567307692307692 0.04807692307692308
0 0.15384615384615385 0.23918269230769232 0.0673076923076923 0.0985576923076923
0 0.16105769230769232 0.3293269230769231 0.1466346153846154 0.07211538461538461
0 0.09375 0.3641826923076923 0.08653846153846154 0.0985576923076923
0 0.0625 0.4266826923076923 0.07692307692307693 0.08653846153846154
0 0.12139423076923077 0.46153846153846156 0.08653846153846154 0.10336538461538461
0 0.04567307692307692 0.28125 0.08653846153846154 0.20192307692307693
0 0.018028846153846152 0.4230769230769231 0.03125 0.07211538461538461
0 0.07572115384615384 0.07091346153846154 0.125 0.1346153846153846