3 0.6262019230769231 0.49759615384615385 0.14423076923076922 0.20192307692307693
3 0.484375 0.6057692307692307 0.15625 0.1971153846153846
3 0.49278846153846156 0.4050480769230769 0.14903846153846154 0.1971153846153846
3 0.359375 0.30288461538461536 0.1658653846153846 0.1971153846153846
3 0.24639423076923078 0.203125 0.16105769230769232 0.18509615384615385
3 0.12620192307692307 0.11057692307692307 0.18269230769230768 0.1875
3 0.35697115384615385 0.5096153846153846 0.17067307692307693 0.19230769230769232
3 0.22596153846153846 0.4074519230769231 0.13942307692307693 0.18509615384615385
3 0.11057692307692307 0.31490384615384615 0.18269230769230768 0.18269230769230768
3 0.10817307692307693 0.515625 0.1875 0.1875
3 0.2283653846153846 0.6045673076923077 0.17548076923076922 0.19230769230769232
3 0.35697115384615385 0.7103365384615384 0.16105769230769232 0.19230769230769232
3 0.23076923076923078 0.8052884615384616 0.17067307692307693 0.19230769230769232
3 0.11538461538461539 0.8990384615384616 0.17067307692307693 0.18509615384615385
3 0.08774038461538461 0.7103365384615384 0.125 0.18509615384615385