3 0.08052884615384616 0.6574519230769231 0.15144230769230768 0.31971153846153844
3 0.24879807692307693 0.6862980769230769 0.1778846153846154 0.3076923076923077
3 0.5372596153846154 0.8533653846153846 0.1971153846153846 0.11538461538461539
3 0.4423076923076923 0.6838942307692307 0.19230769230769232 0.30288461538461536
3 0.6802884615384616 0.7199519230769231 0.3125 0.25721153846153844
3 0.8112980769230769 0.6754807692307693 0.18269230769230768 0.30288461538461536
3 0.6225961538461539 0.6670673076923077 0.1778846153846154 0.28365384615384615
3 0.9230769230769231 0.734375 0.14903846153846154 0.24278846153846154
3 0.9182692307692307 0.578125 0.13942307692307693 0.15144230769230768
3 0.7644230769230769 0.3954326923076923 0.16826923076923078 0.2668269230769231
3 0.6262019230769231 0.3713942307692308 0.14182692307692307 0.2548076923076923
3 0.41586538461538464 0.43990384615384615 0.2980769230769231 0.20432692307692307
3 0.2956730769230769 0.3870192307692308 0.15384615384615385 0.25721153846153844
3 0.1466346153846154 0.6382211538461539 0.1346153846153846 0.27163461538461536
3 0.5132211538461539 0.5216346153846154 0.13942307692307693 0.038461538461538464