5 0.6742788461538461 0.890625 0.3004807692307692 0.21153846153846154
3 0.4182692307692308 0.9651442307692307 0.22355769230769232 0.0625
5 0.15865384615384615 0.8581730769230769 0.3173076923076923 0.21153846153846154
3 0.8413461538461539 0.6802884615384616 0.3076923076923077 0.1875
3 0.5817307692307693 0.8401442307692307 0.6057692307692307 0.20432692307692307
3 0.8473557692307693 0.8942307692307693 0.2956730769230769 0.20432692307692307
3 0.4699519230769231 0.6478365384615384 0.7548076923076923 0.18990384615384615
3 0.6418269230769231 0.4891826923076923 0.5625 0.16346153846153846
3 0.22956730769230768 0.5204326923076923 0.45913461538461536 0.18269230769230768
3 0.23798076923076922 0.40384615384615385 0.47596153846153844 0.14423076923076922
3 0.4675480769230769 0.23076923076923078 0.78125 0.20673076923076922
5 0.6442307692307693 0.36778846153846156 0.3389423076923077 0.08653846153846154
5 0.46153846153846156 0.3557692307692308 0.16826923076923078 0.07211538461538461
3 0.46153846153846156 0.08413461538461539 0.5192307692307693 0.11538461538461539
3 0.5697115384615384 0.046875 0.5384615384615384 0.0889423076923077
3 0.171875 0.06009615384615385 0.34375 0.11538461538461539