3 0.8942307692307693 0.44591346153846156 0.17307692307692307 0.5721153846153846
3 0.7908653846153846 0.3918269230769231 0.10336538461538461 0.6490384615384616
3 0.7716346153846154 0.4074519230769231 0.03365384615384615 0.3605769230769231
3 0.7403846153846154 0.6574519230769231 0.1346153846153846 0.16105769230769232
3 0.6370192307692307 0.5649038461538461 0.09615384615384616 0.1201923076923077
3 0.6286057692307693 0.6754807692307693 0.0889423076923077 0.10336538461538461
3 0.5841346153846154 0.53125 0.04567307692307692 0.07211538461538461
3 0.5709134615384616 0.6442307692307693 0.07211538461538461 0.15384615384615385
3 0.5132211538461539 0.6802884615384616 0.1201923076923077 0.08173076923076923
3 0.46875 0.6490384615384616 0.10817307692307693 0.11298076923076923
3 0.4206730769230769 0.6802884615384616 0.03365384615384615 0.0625
3 0.3870192307692308 0.6622596153846154 0.03365384615384615 0.04807692307692308
3 0.36778846153846156 0.6850961538461539 0.04326923076923077 0.040865384615384616
3 0.33413461538461536 0.6730769230769231 0.04567307692307692 0.0673076923076923
3 0.37740384615384615 0.6153846153846154 0.02403846153846154 0.057692307692307696
3 0.4230769230769231 0.6033653846153846 0.03125 0.09134615384615384
3 0.4543269230769231 0.43028846153846156 0.02403846153846154 0.34615384615384615
3 0.47475961538461536 0.5228365384615384 0.026442307692307692 0.14903846153846154
3 0.49399038461538464 0.3918269230769231 0.026442307692307692 0.3918269230769231
3 0.5228365384615384 0.5108173076923077 0.02403846153846154 0.14423076923076922
3 0.5420673076923077 0.4483173076923077 0.038461538461538464 0.3076923076923077
3 0.5324519230769231 0.3786057692307692 0.019230769230769232 0.3870192307692308
3 0.5925480769230769 0.3112980769230769 0.03125 0.39663461538461536
3 0.5829326923076923 0.4206730769230769 0.04326923076923077 0.22115384615384615
3 0.6346153846153846 0.36538461538461536 0.03125 0.3293269230769231
3 0.6153846153846154 0.3629807692307692 0.016826923076923076 0.2932692307692308
3 0.6826923076923077 0.38461538461538464 0.04326923076923077 0.53125
3 0.7271634615384616 0.4483173076923077 0.03125 0.4855769230769231