3 0.171875 0.35216346153846156 0.3317307692307692 0.5024038461538461
3 0.1502403846153846 0.8004807692307693 0.29086538461538464 0.3942307692307692
3 0.3088942307692308 0.6418269230769231 0.5408653846153846 0.44711538461538464
3 0.34134615384615385 0.22596153846153846 0.5096153846153846 0.41346153846153844
3 0.18629807692307693 0.052884615384615384 0.3605769230769231 0.0985576923076923
3 0.3786057692307692 0.9290865384615384 0.2668269230769231 0.13701923076923078
3 0.5276442307692307 0.8497596153846154 0.3918269230769231 0.2956730769230769
3 0.5540865384615384 0.5096153846153846 0.4206730769230769 0.3798076923076923
3 0.6033653846153846 0.1658653846153846 0.36538461538461536 0.32211538461538464
3 0.8329326923076923 0.10576923076923077 0.19230769230769232 0.20192307692307693
3 0.7572115384615384 0.375 0.3125 0.3125
3 0.7487980769230769 0.7199519230769231 0.3076923076923077 0.33413461538461536
3 0.7848557692307693 0.9423076923076923 0.15144230769230768 0.11057692307692307