3 0.59375 0.29086538461538464 0.19471153846153846 0.4807692307692308
3 0.25841346153846156 0.29927884615384615 0.44711538461538464 0.5625
3 0.1971153846153846 0.6286057692307693 0.33653846153846156 0.3293269230769231
3 0.1466346153846154 0.8713942307692307 0.25 0.24759615384615385
3 0.5444711538461539 0.6622596153846154 0.125 0.1971153846153846
3 0.43990384615384615 0.734375 0.057692307692307696 0.17307692307692307
3 0.5588942307692307 0.8942307692307693 0.23798076923076922 0.16826923076923078
3 0.8617788461538461 0.7572115384615384 0.2548076923076923 0.4423076923076923
3 0.8401442307692307 0.47475961538461536 0.25 0.3701923076923077
3 0.8016826923076923 0.1502403846153846 0.1971153846153846 0.23557692307692307
3 0.921875 0.25961538461538464 0.07692307692307693 0.14903846153846154
3 0.9387019230769231 0.3713942307692308 0.11778846153846154 0.14182692307692307