3 0.8605769230769231 0.49158653846153844 0.2644230769230769 0.25961538461538464
3 0.7379807692307693 0.6754807692307693 0.41346153846153844 0.23557692307692307
3 0.5180288461538461 0.8149038461538461 0.34615384615384615 0.22115384615384615
3 0.5396634615384616 0.49158653846153844 0.4014423076923077 0.22115384615384615
3 0.7439903846153846 0.31009615384615385 0.4519230769230769 0.25
3 0.5552884615384616 0.1658653846153846 0.4182692307692308 0.22115384615384615
3 0.3737980769230769 0.35216346153846156 0.35096153846153844 0.20673076923076922
3 0.22235576923076922 0.4987980769230769 0.2980769230769231 0.18269230769230768
3 0.3641826923076923 0.6430288461538461 0.3317307692307692 0.1971153846153846
3 0.21875 0.7632211538461539 0.27884615384615385 0.17067307692307693
3 0.31490384615384615 0.9182692307692307 0.21153846153846154 0.15865384615384615
3 0.13942307692307693 0.9627403846153846 0.14182692307692307 0.0673076923076923
3 0.08052884615384616 0.8533653846153846 0.16105769230769232 0.16346153846153846
3 0.09254807692307693 0.6310096153846154 0.18509615384615385 0.1658653846153846
3 0.10576923076923077 0.3737980769230769 0.21153846153846154 0.17067307692307693
3 0.21634615384615385 0.22716346153846154 0.28365384615384615 0.18269230769230768
3 0.3329326923076923 0.08052884615384616 0.2860576923076923 0.15625
3 0.14543269230769232 0.030048076923076924 0.17067307692307693 0.055288461538461536
3 0.0985576923076923 0.13341346153846154 0.1971153846153846 0.17067307692307693