3 0.8233173076923077 0.17067307692307693 0.28365384615384615 0.28846153846153844
3 0.3389423076923077 0.19230769230769232 0.5913461538461539 0.27403846153846156
3 0.3737980769230769 0.35216346153846156 0.36538461538461536 0.20192307692307693
3 0.40865384615384615 0.33774038461538464 0.13942307692307693 0.16346153846153846
3 0.7632211538461539 0.38341346153846156 0.15384615384615385 0.1201923076923077
3 0.6634615384615384 0.3449519230769231 0.14423076923076922 0.08653846153846154
3 0.7740384615384616 0.890625 0.17307692307692307 0.07211538461538461
3 0.7788461538461539 0.7944711538461539 0.08653846153846154 0.36538461538461536
3 0.7824519230769231 0.5757211538461539 0.16346153846153846 0.07451923076923077
3 0.49399038461538464 0.78125 0.17067307692307693 0.20192307692307693
3 0.49158653846153844 0.5757211538461539 0.15625 0.07211538461538461
3 0.22115384615384615 0.7920673076923077 0.08653846153846154 0.3605769230769231
3 0.22115384615384615 0.5733173076923077 0.16346153846153846 0.07932692307692307
3 0.7824519230769231 0.7536057692307693 0.16346153846153846 0.43028846153846156
3 0.22355769230769232 0.7620192307692307 0.17067307692307693 0.44711538461538464