3 0.20432692307692307 0.0625 0.10576923076923077 0.11538461538461539
3 0.2644230769230769 0.07572115384615384 0.09375 0.11538461538461539
3 0.21995192307692307 0.17067307692307693 0.08413461538461539 0.11057692307692307
3 0.15745192307692307 0.1622596153846154 0.11057692307692307 0.12980769230769232
3 0.15144230769230768 0.2620192307692308 0.09615384615384616 0.11538461538461539
3 0.23557692307692307 0.3737980769230769 0.09615384615384616 0.09615384615384616
3 0.2980769230769231 0.41947115384615385 0.10576923076923077 0.09375
3 0.2980769230769231 0.5180288461538461 0.09615384615384616 0.08413461538461539
3 0.23798076923076922 0.5817307692307693 0.11057692307692307 0.09615384615384616
3 0.17307692307692307 0.5288461538461539 0.10576923076923077 0.10576923076923077
3 0.15985576923076922 0.42427884615384615 0.10576923076923077 0.09375
3 0.18389423076923078 0.7884615384615384 0.1466346153846154 0.13942307692307693
3 0.2824519230769231 0.7355769230769231 0.1201923076923077 0.13942307692307693
3 0.3605769230769231 0.8064903846153846 0.0889423076923077 0.11057692307692307
3 0.27524038461538464 0.8617788461538461 0.09615384615384616 0.1346153846153846
3 0.15985576923076922 0.9182692307692307 0.15144230769230768 0.12980769230769232
3 0.24158653846153846 0.9627403846153846 0.12740384615384615 0.06971153846153846
3 0.3485576923076923 0.9290865384615384 0.07692307692307693 0.11538461538461539
3 0.6334134615384616 0.3016826923076923 0.4326923076923077 0.11538461538461539
3 0.5492788461538461 0.18269230769230768 0.23557692307692307 0.3293269230769231
3 0.43149038461538464 0.15384615384615385 0.28365384615384615 0.27884615384615385
3 0.5084134615384616 0.4182692307692308 0.3076923076923077 0.15865384615384615
3 0.6802884615384616 0.5084134615384616 0.42788461538461536 0.12980769230769232
3 0.7127403846153846 0.5072115384615384 0.10096153846153846 0.125
3 0.7379807692307693 0.4579326923076923 0.3894230769230769 0.0889423076923077
3 0.7067307692307693 0.6153846153846154 0.4182692307692308 0.11057692307692307
3 0.4110576923076923 0.5973557692307693 0.09375 0.1201923076923077
3 0.37740384615384615 0.6514423076923077 0.09615384615384616 0.12980769230769232
3 0.40024038461538464 0.7307692307692307 0.0889423076923077 0.1201923076923077
3 0.6959134615384616 0.7283653846153846 0.41346153846153844 0.11538461538461539
3 0.6706730769230769 0.8329326923076923 0.4182692307692308 0.1466346153846154
3 0.6045673076923077 0.8930288461538461 0.42788461538461536 0.16105769230769232