3 0.8978365384615384 0.7536057692307693 0.15144230769230768 0.24519230769230768
3 0.8882211538461539 0.3088942307692308 0.2091346153846154 0.3581730769230769
3 0.6995192307692307 0.75 0.19230769230769232 0.2403846153846154
3 0.6790865384615384 0.2932692307692308 0.1778846153846154 0.30288461538461536
3 0.49158653846153844 0.2776442307692308 0.1658653846153846 0.25961538461538464
3 0.5036057692307693 0.7379807692307693 0.17548076923076922 0.21634615384615385
3 0.3293269230769231 0.7247596153846154 0.15625 0.19230769230769232
3 0.18028846153846154 0.703125 0.11778846153846154 0.14903846153846154
3 0.057692307692307696 0.6947115384615384 0.09134615384615384 0.11778846153846154
3 0.32211538461538464 0.27524038461538464 0.14182692307692307 0.2644230769230769
3 0.17908653846153846 0.2536057692307692 0.12740384615384615 0.23557692307692307
3 0.055288461538461536 0.2283653846153846 0.10336538461538461 0.17307692307692307