3 0.5408653846153846 0.8485576923076923 0.5913461538461539 0.1778846153846154
3 0.2127403846153846 0.8822115384615384 0.23076923076923078 0.0985576923076923
3 0.13942307692307693 0.7596153846153846 0.27884615384615385 0.11057692307692307
3 0.47596153846153844 0.71875 0.6225961538461539 0.1346153846153846
3 0.8088942307692307 0.578125 0.28365384615384615 0.15865384615384615
3 0.609375 0.5817307692307693 0.15865384615384615 0.1971153846153846
3 0.33052884615384615 0.5360576923076923 0.13701923076923078 0.052884615384615384
3 0.28125 0.6069711538461539 0.22355769230769232 0.04326923076923077
3 0.24278846153846154 0.5456730769230769 0.28846153846153844 0.06490384615384616
3 0.45913461538461536 0.5709134615384616 0.17307692307692307 0.13942307692307693
3 0.21634615384615385 0.6274038461538461 0.3317307692307692 0.23798076923076922
3 0.23798076923076922 0.4723557692307692 0.22355769230769232 0.057692307692307696
3 0.4206730769230769 0.46033653846153844 0.2620192307692308 0.0985576923076923
3 0.5733173076923077 0.453125 0.27403846153846156 0.07692307692307693
3 0.7427884615384616 0.3858173076923077 0.21875 0.21153846153846154
3 0.5576923076923077 0.3581730769230769 0.3173076923076923 0.11298076923076923
3 0.33653846153846156 0.3545673076923077 0.18028846153846154 0.1201923076923077
3 0.11177884615384616 0.375 0.07211538461538461 0.05048076923076923
3 0.24278846153846154 0.3858173076923077 0.20192307692307693 0.057692307692307696
3 0.04927884615384615 0.22956730769230768 0.08653846153846154 0.1971153846153846
3 0.10697115384615384 0.21875 0.028846153846153848 0.2403846153846154
3 0.2536057692307692 0.21033653846153846 0.25721153846153844 0.20192307692307693
3 0.2536057692307692 0.11057692307692307 0.20192307692307693 0.0625
3 0.25721153846153844 0.15264423076923078 0.20673076923076922 0.021634615384615384
3 0.24639423076923078 0.17427884615384615 0.1971153846153846 0.021634615384615384
3 0.24278846153846154 0.19230769230769232 0.18028846153846154 0.014423076923076924
3 0.328125 0.25841346153846156 0.1971153846153846 0.057692307692307696
3 0.5985576923076923 0.25961538461538464 0.37740384615384615 0.09134615384615384
3 0.5661057692307693 0.16346153846153846 0.4326923076923077 0.22596153846153846
3 0.828125 0.21033653846153846 0.20192307692307693 0.13942307692307693