3 0.18870192307692307 0.27884615384615385 0.24759615384615385 0.5576923076923077
3 0.43990384615384615 0.296875 0.2692307692307692 0.5913461538461539
3 0.7175480769230769 0.3329326923076923 0.3245192307692308 0.6634615384615384
3 0.9362980769230769 0.06129807692307692 0.12259615384615384 0.12259615384615384
3 0.09495192307692307 0.7391826923076923 0.14903846153846154 0.3870192307692308
3 0.20072115384615385 0.8425480769230769 0.2548076923076923 0.30288461538461536
3 0.4050480769230769 0.9435096153846154 0.2548076923076923 0.10336538461538461
3 0.3798076923076923 0.7115384615384616 0.22115384615384615 0.3605769230769231
3 0.5733173076923077 0.8221153846153846 0.24278846153846154 0.34615384615384615
3 0.8064903846153846 0.9206730769230769 0.2932692307692308 0.14903846153846154
3 0.8930288461538461 0.8161057692307693 0.21394230769230768 0.3629807692307692
3 0.9483173076923077 0.5649038461538461 0.0985576923076923 0.19230769230769232
3 0.8629807692307693 0.5132211538461539 0.10576923076923077 0.2932692307692308