3 0.4879807692307692 0.8185096153846154 0.31009615384615385 0.10336538461538461
3 0.7740384615384616 0.8112980769230769 0.32211538461538464 0.125
3 0.7319711538461539 0.6899038461538461 0.40384615384615385 0.1201923076923077
3 0.4110576923076923 0.6971153846153846 0.2980769230769231 0.10096153846153846
3 0.4110576923076923 0.7632211538461539 0.5120192307692307 0.10096153846153846
3 0.24759615384615385 0.6394230769230769 0.0889423076923077 0.1201923076923077
3 0.43509615384615385 0.6153846153846154 0.2860576923076923 0.0625
3 0.49759615384615385 0.5769230769230769 0.30288461538461536 0.10576923076923077
3 0.7944711538461539 0.5697115384615384 0.2932692307692308 0.11298076923076923
3 0.47596153846153844 0.453125 0.34615384615384615 0.1201923076923077
3 0.7920673076923077 0.4567307692307692 0.31009615384615385 0.11298076923076923
3 0.6959134615384616 0.3401442307692308 0.3317307692307692 0.1201923076923077
3 0.8894230769230769 0.33653846153846156 0.0889423076923077 0.125
3 0.7379807692307693 0.20673076923076922 0.40384615384615385 0.1346153846153846
3 0.3894230769230769 0.20673076923076922 0.31490384615384615 0.125
3 0.17307692307692307 0.28365384615384615 0.2860576923076923 0.09375
3 0.41346153846153844 0.27283653846153844 0.1971153846153846 0.026442307692307692
3 0.4170673076923077 0.33774038461538464 0.2980769230769231 0.10336538461538461
3 0.21995192307692307 0.41346153846153844 0.1778846153846154 0.10576923076923077
3 0.18509615384615385 0.5228365384615384 0.2860576923076923 0.10576923076923077