3 0.484375 0.8173076923076923 0.3798076923076923 0.12740384615384615
3 0.8257211538461539 0.8954326923076923 0.33653846153846156 0.1201923076923077
3 0.8257211538461539 0.7632211538461539 0.33653846153846156 0.12740384615384615
3 0.828125 0.6322115384615384 0.3317307692307692 0.12259615384615384
3 0.8317307692307693 0.5 0.3269230769230769 0.12259615384615384
3 0.8317307692307693 0.36899038461538464 0.3269230769230769 0.125
3 0.8341346153846154 0.23677884615384615 0.3173076923076923 0.1201923076923077
3 0.8317307692307693 0.109375 0.3269230769230769 0.11538461538461539
3 0.4879807692307692 0.15504807692307693 0.375 0.12259615384615384
3 0.48197115384615385 0.28846153846153844 0.375 0.1201923076923077
3 0.4879807692307692 0.6875 0.3870192307692308 0.12980769230769232
3 0.4879807692307692 0.5552884615384616 0.3870192307692308 0.12259615384615384
3 0.4879807692307692 0.4182692307692308 0.3870192307692308 0.125
3 0.1502403846153846 0.23557692307692307 0.3004807692307692 0.11057692307692307
3 0.1502403846153846 0.3641826923076923 0.3004807692307692 0.12259615384615384
3 0.14783653846153846 0.4951923076923077 0.2932692307692308 0.1201923076923077
3 0.15384615384615385 0.6286057692307693 0.3076923076923077 0.12259615384615384
3 0.14783653846153846 0.7608173076923077 0.2932692307692308 0.11778846153846154