3 0.4891826923076923 0.48677884615384615 0.37740384615384615 0.5456730769230769
3 0.8425480769230769 0.49759615384615385 0.3076923076923077 0.5456730769230769
3 0.15144230769230768 0.49759615384615385 0.2980769230769231 0.5384615384615384
3 0.056490384615384616 0.8557692307692307 0.10817307692307693 0.27884615384615385
3 0.3016826923076923 0.8401442307692307 0.375 0.31009615384615385
3 0.6790865384615384 0.8449519230769231 0.375 0.2980769230769231
3 0.9338942307692307 0.8497596153846154 0.125 0.28846153846153844
3 0.9302884615384616 0.125 0.1346153846153846 0.24519230769230768
3 0.6778846153846154 0.14903846153846154 0.38461538461538464 0.2932692307692308
3 0.29927884615384615 0.14302884615384615 0.37259615384615385 0.28125
3 0.06490384615384616 0.13581730769230768 0.125 0.2668269230769231