3 0.2932692307692308 0.2764423076923077 0.25721153846153844 0.2668269230769231
3 0.5072115384615384 0.19110576923076922 0.28365384615384615 0.1658653846153846
3 0.703125 0.22355769230769232 0.3870192307692308 0.2548076923076923
3 0.6153846153846154 0.33533653846153844 0.18028846153846154 0.125
3 0.45072115384615385 0.3557692307692308 0.25240384615384615 0.1778846153846154
3 0.2932692307692308 0.5252403846153846 0.24759615384615385 0.16826923076923078
3 0.21634615384615385 0.7331730769230769 0.28846153846153844 0.20192307692307693
3 0.4254807692307692 0.6850961538461539 0.18028846153846154 0.18269230769230768
3 0.5228365384615384 0.8125 0.31490384615384615 0.20432692307692307
3 0.5673076923076923 0.6346153846153846 0.20673076923076922 0.1201923076923077
3 0.7548076923076923 0.5 0.34615384615384615 0.20432692307692307
3 0.7247596153846154 0.7451923076923077 0.375 0.20673076923076922