3 0.7307692307692307 0.6923076923076923 0.4735576923076923 0.4831730769230769
3 0.6995192307692307 0.5336538461538461 0.5913461538461539 0.36538461538461536
3 0.7608173076923077 0.5961538461538461 0.46634615384615385 0.46153846153846156
3 0.14903846153846154 0.75 0.2932692307692308 0.23076923076923078
3 0.3473557692307692 0.9411057692307693 0.6899038461538461 0.11298076923076923
3 0.8930288461538461 0.25841346153846156 0.20432692307692307 0.19230769230769232
3 0.828125 0.09254807692307693 0.3317307692307692 0.1778846153846154
3 0.3894230769230769 0.13822115384615385 0.6298076923076923 0.2764423076923077
3 0.3173076923076923 0.31490384615384615 0.5697115384615384 0.4182692307692308
3 0.2548076923076923 0.3894230769230769 0.40384615384615385 0.49038461538461536
3 0.5024038461538461 0.5072115384615384 0.5216346153846154 0.49759615384615385
3 0.34375 0.8040865384615384 0.5144230769230769 0.25961538461538464
3 0.07932692307692307 0.5348557692307693 0.15384615384615385 0.30528846153846156
3 0.8004807692307693 0.9314903846153846 0.22596153846153846 0.12980769230769232