3 0.28966346153846156 0.12740384615384615 0.12980769230769232 0.09615384615384616
3 0.27884615384615385 0.23798076923076922 0.1201923076923077 0.09134615384615384
3 0.4266826923076923 0.20192307692307693 0.15384615384615385 0.07692307692307693
3 0.6478365384615384 0.34375 0.20192307692307693 0.28846153846153844
3 0.5961538461538461 0.8112980769230769 0.40384615384615385 0.18990384615384615
3 0.38822115384615385 0.8257211538461539 0.1201923076923077 0.09615384615384616
3 0.5168269230769231 0.84375 0.10336538461538461 0.06490384615384616
3 0.4098557692307692 0.6838942307692307 0.12980769230769232 0.09615384615384616
3 0.328125 0.6766826923076923 0.12980769230769232 0.04326923076923077
3 0.3137019230769231 0.5913461538461539 0.14903846153846154 0.09134615384615384
3 0.6694711538461539 0.8076923076923077 0.16826923076923078 0.2403846153846154
3 0.24639423076923078 0.33653846153846156 0.07692307692307693 0.08413461538461539
3 0.36658653846153844 0.34134615384615385 0.12980769230769232 0.09615384615384616
3 0.39663461538461536 0.2764423076923077 0.11538461538461539 0.08653846153846154
3 0.33052884615384615 0.45072115384615385 0.10336538461538461 0.07211538461538461
3 0.3112980769230769 0.4050480769230769 0.0985576923076923 0.0673076923076923
3 0.6862980769230769 0.5637019230769231 0.18028846153846154 0.11057692307692307
3 0.6201923076923077 0.5504807692307693 0.19230769230769232 0.1346153846153846
3 0.5024038461538461 0.44350961538461536 0.0985576923076923 0.06490384615384616
3 0.4230769230769231 0.4014423076923077 0.19230769230769232 0.27403846153846156
3 0.5360576923076923 0.36899038461538464 0.1201923076923077 0.0673076923076923
3 0.5300480769230769 0.296875 0.08653846153846154 0.0673076923076923
3 0.5360576923076923 0.5168269230769231 0.27403846153846156 0.18269230769230768
3 0.5661057692307693 0.578125 0.09134615384615384 0.07211538461538461
3 0.5408653846153846 0.7223557692307693 0.14182692307692307 0.0985576923076923
3 0.7211538461538461 0.71875 0.15384615384615385 0.14903846153846154
3 0.6394230769230769 0.6730769230769231 0.08653846153846154 0.057692307692307696
3 0.6069711538461539 0.6165865384615384 0.0985576923076923 0.0625