4 0.14903846153846154 0.8245192307692307 0.1658653846153846 0.18509615384615385
4 0.07091346153846154 0.6959134615384616 0.1346153846153846 0.23557692307692307
4 0.20673076923076922 0.6346153846153846 0.14423076923076922 0.18509615384615385
4 0.36538461538461536 0.8786057692307693 0.1201923076923077 0.21153846153846154
4 0.33774038461538464 0.5769230769230769 0.12740384615384615 0.16346153846153846
4 0.3762019230769231 0.7788461538461539 0.1658653846153846 0.18509615384615385
4 0.5096153846153846 0.8689903846153846 0.125 0.18028846153846154
4 0.5264423076923077 0.71875 0.1201923076923077 0.15865384615384615
4 0.44350961538461536 0.6706730769230769 0.10817307692307693 0.18509615384615385
4 0.47716346153846156 0.53125 0.14423076923076922 0.22596153846153846
4 0.34615384615384615 0.4387019230769231 0.10576923076923077 0.16346153846153846
4 0.24879807692307693 0.4795673076923077 0.09615384615384616 0.1346153846153846
4 0.12980769230769232 0.46875 0.12740384615384615 0.1971153846153846
4 0.6201923076923077 0.8786057692307693 0.09615384615384616 0.20192307692307693
4 0.6442307692307693 0.7548076923076923 0.11538461538461539 0.14903846153846154
4 0.6105769230769231 0.6237980769230769 0.11538461538461539 0.1971153846153846
4 0.6057692307692307 0.484375 0.11538461538461539 0.1971153846153846
4 0.5228365384615384 0.33774038461538464 0.1201923076923077 0.13942307692307693
4 0.43990384615384615 0.25 0.125 0.18028846153846154
4 0.33413461538461536 0.21394230769230768 0.14423076923076922 0.17067307692307693
4 0.21754807692307693 0.1346153846153846 0.1346153846153846 0.15384615384615385
4 0.057692307692307696 0.22716346153846154 0.10817307692307693 0.22596153846153846
4 0.15264423076923078 0.28365384615384615 0.10576923076923077 0.125
4 0.23317307692307693 0.31490384615384615 0.1201923076923077 0.17548076923076922
4 0.6887019230769231 0.2247596153846154 0.1346153846153846 0.20192307692307693
4 0.6442307692307693 0.3293269230769231 0.15384615384615385 0.18509615384615385
4 0.5504807692307693 0.20072115384615385 0.1201923076923077 0.125
4 0.8689903846153846 0.49278846153846156 0.13942307692307693 0.21153846153846154
4 0.7355769230769231 0.5721153846153846 0.11057692307692307 0.18509615384615385
4 0.7103365384615384 0.6850961538461539 0.09134615384615384 0.1346153846153846
4 0.8161057692307693 0.796875 0.10576923076923077 0.14903846153846154
4 0.8317307692307693 0.6622596153846154 0.11057692307692307 0.13942307692307693
4 0.9483173076923077 0.8076923076923077 0.0985576923076923 0.17307692307692307
4 0.9411057692307693 0.6418269230769231 0.11298076923076923 0.17307692307692307
4 0.9483173076923077 0.46875 0.0985576923076923 0.2403846153846154
4 0.8149038461538461 0.20072115384615385 0.12980769230769232 0.18509615384615385
4 0.7920673076923077 0.36899038461538464 0.1466346153846154 0.14903846153846154