4 0.7896634615384616 0.08774038461538461 0.4110576923076923 0.16826923076923078
4 0.890625 0.23677884615384615 0.20673076923076922 0.1971153846153846
4 0.8365384615384616 0.41586538461538464 0.3173076923076923 0.2668269230769231
4 0.8329326923076923 0.7403846153846154 0.32211538461538464 0.23557692307692307
4 0.9350961538461539 0.9399038461538461 0.125 0.11538461538461539
4 0.6334134615384616 0.9387019230769231 0.3629807692307692 0.11778846153846154
4 0.41225961538461536 0.7367788461538461 0.4326923076923077 0.27884615384615385
4 0.5276442307692307 0.5144230769230769 0.34375 0.23076923076923078
4 0.546875 0.36899038461538464 0.23076923076923078 0.15625
4 0.36658653846153844 0.3125 0.38221153846153844 0.24759615384615385
4 0.32211538461538464 0.125 0.41586538461538464 0.24519230769230768
4 0.08052884615384616 0.13942307692307693 0.15625 0.2403846153846154
4 0.12980769230769232 0.5360576923076923 0.2548076923076923 0.24519230769230768
4 0.08653846153846154 0.8545673076923077 0.16826923076923078 0.2860576923076923