4 0.7632211538461539 0.7704326923076923 0.46153846153846156 0.3798076923076923
4 0.6286057692307693 0.9014423076923077 0.7307692307692307 0.18990384615384615
4 0.9170673076923077 0.5504807692307693 0.15384615384615385 0.1778846153846154
4 0.7487980769230769 0.32091346153846156 0.49038461538461536 0.25961538461538464
4 0.6069711538461539 0.4699519230769231 0.6995192307692307 0.35096153846153844
4 0.359375 0.6598557692307693 0.7163461538461539 0.36538461538461536
4 0.22716346153846154 0.8389423076923077 0.4495192307692308 0.3173076923076923
4 0.8221153846153846 0.14903846153846154 0.34615384615384615 0.2980769230769231
4 0.3557692307692308 0.14903846153846154 0.7019230769230769 0.2980769230769231
4 0.6286057692307693 0.05889423076923077 0.49759615384615385 0.11778846153846154
4 0.23197115384615385 0.31850961538461536 0.45913461538461536 0.3485576923076923
4 0.109375 0.546875 0.21394230769230768 0.2620192307692308