4 0.5240384615384616 0.8689903846153846 0.8629807692307693 0.25
4 0.9387019230769231 0.8485576923076923 0.11538461538461539 0.29086538461538464
4 0.7548076923076923 0.5372596153846154 0.4831730769230769 0.5865384615384616
4 0.3125 0.7271634615384616 0.625 0.5360576923076923
4 0.09615384615384616 0.5348557692307693 0.19230769230769232 0.22115384615384615
4 0.31009615384615385 0.4651442307692308 0.6201923076923077 0.4423076923076923
4 0.6983173076923077 0.296875 0.5961538461538461 0.23076923076923078
4 0.45552884615384615 0.22956730769230768 0.5961538461538461 0.3557692307692308
4 0.8882211538461539 0.08413461538461539 0.21634615384615385 0.12259615384615384
4 0.390625 0.17427884615384615 0.78125 0.3485576923076923
4 0.4987980769230769 0.49759615384615385 0.9951923076923077 0.9951923076923077