4 0.5 0.7439903846153846 0.21634615384615385 0.2620192307692308
4 0.23798076923076922 0.8088942307692307 0.24519230769230768 0.27403846153846156
4 0.23798076923076922 0.515625 0.27163461538461536 0.27403846153846156
4 0.7572115384615384 0.7019230769230769 0.2091346153846154 0.1971153846153846
4 0.515625 0.4375 0.25 0.2620192307692308
4 0.7379807692307693 0.4735576923076923 0.1778846153846154 0.16346153846153846
4 0.25721153846153844 0.2127403846153846 0.28365384615384615 0.2932692307692308
4 0.6706730769230769 0.24879807692307693 0.14182692307692307 0.15144230769230768
4 0.8112980769230769 0.2800480769230769 0.12980769230769232 0.125
4 0.6069711538461539 0.10697115384615384 0.1466346153846154 0.15144230769230768
4 0.7620192307692307 0.10216346153846154 0.13942307692307693 0.14182692307692307