4 0.15625 0.265625 0.22115384615384615 0.20192307692307693
4 0.1778846153846154 0.21394230769230768 0.3485576923076923 0.4182692307692308
4 0.36899038461538464 0.0829326923076923 0.30528846153846156 0.15625
4 0.7139423076923077 0.22115384615384615 0.13942307692307693 0.15625
4 0.8016826923076923 0.2620192307692308 0.3918269230769231 0.5144230769230769
4 0.9807692307692307 0.140625 0.03365384615384615 0.27163461538461536
4 0.7199519230769231 0.3245192307692308 0.22115384615384615 0.41346153846153844
4 0.5637019230769231 0.2932692307692308 0.4254807692307692 0.5769230769230769
4 0.515625 0.30649038461538464 0.34375 0.6033653846153846
4 0.4483173076923077 0.4411057692307692 0.3557692307692308 0.4375
4 0.38221153846153844 0.48677884615384615 0.3173076923076923 0.39663461538461536
4 0.33533653846153844 0.5288461538461539 0.3173076923076923 0.36538461538461536
4 0.28365384615384615 0.5673076923076923 0.34375 0.3701923076923077
4 0.2283653846153846 0.6262019230769231 0.3317307692307692 0.30288461538461536
4 0.18389423076923078 0.6490384615384616 0.34375 0.3076923076923077
4 0.140625 0.7115384615384616 0.27403846153846156 0.23557692307692307
4 0.04807692307692308 0.7367788461538461 0.0889423076923077 0.125
4 0.3786057692307692 0.8221153846153846 0.1466346153846154 0.1201923076923077
4 0.23317307692307693 0.9122596153846154 0.2283653846153846 0.16346153846153846
4 0.46875 0.78125 0.21394230769230768 0.1201923076923077
4 0.5829326923076923 0.7067307692307693 0.2932692307692308 0.18509615384615385
4 0.7824519230769231 0.6262019230769231 0.23557692307692307 0.17067307692307693
4 0.8882211538461539 0.5576923076923077 0.21875 0.3125
4 0.7740384615384616 0.7139423076923077 0.09615384615384616 0.08653846153846154
4 0.9170673076923077 0.9387019230769231 0.16105769230769232 0.11778846153846154
4 0.7487980769230769 0.9723557692307693 0.18509615384615385 0.05048076923076923
4 0.9194711538461539 0.7560096153846154 0.15625 0.20432692307692307
4 0.7415865384615384 0.8653846153846154 0.23076923076923078 0.20673076923076922
4 0.53125 0.9110576923076923 0.20673076923076922 0.17307692307692307
4 0.36538461538461536 0.9723557692307693 0.13942307692307693 0.05048076923076923
4 0.16947115384615385 0.9627403846153846 0.13701923076923078 0.06971153846153846
4 0.03485576923076923 0.9675480769230769 0.06490384615384616 0.06009615384615385
4 0.021634615384615384 0.8653846153846154 0.036057692307692304 0.17548076923076922