4 0.33653846153846156 0.47716346153846156 0.5889423076923077 0.5625
4 0.037259615384615384 0.6658653846153846 0.06490384615384616 0.31971153846153844
4 0.057692307692307696 0.7908653846153846 0.10576923076923077 0.16826923076923078
4 0.057692307692307696 0.8966346153846154 0.10576923076923077 0.08653846153846154
4 0.057692307692307696 0.9435096153846154 0.10576923076923077 0.0673076923076923
4 0.0673076923076923 0.9771634615384616 0.125 0.040865384615384616
4 0.3473557692307692 0.7740384615384616 0.4951923076923077 0.11298076923076923
4 0.33413461538461536 0.8449519230769231 0.42788461538461536 0.08173076923076923
4 0.30528846153846156 0.9038461538461539 0.3894230769230769 0.04807692307692308
4 0.296875 0.9435096153846154 0.3317307692307692 0.04567307692307692
4 0.27403846153846156 0.9759615384615384 0.3076923076923077 0.04326923076923077
4 0.6021634615384616 0.9735576923076923 0.30528846153846156 0.04807692307692308
4 0.6658653846153846 0.9375 0.3317307692307692 0.057692307692307696
4 0.6899038461538461 0.8942307692307693 0.36778846153846156 0.0673076923076923
4 0.7680288461538461 0.8485576923076923 0.4206730769230769 0.08173076923076923
4 0.8040865384615384 0.7896634615384616 0.3870192307692308 0.13221153846153846
4 0.8137019230769231 0.5144230769230769 0.36778846153846156 0.5336538461538461
4 0.9831730769230769 0.8689903846153846 0.028846153846153848 0.03125
4 0.9435096153846154 0.9122596153846154 0.10817307692307693 0.05048076923076923
4 0.921875 0.9447115384615384 0.15144230769230768 0.057692307692307696
4 0.8810096153846154 0.9711538461538461 0.23557692307692307 0.04326923076923077