4 0.5540865384615384 0.4362980769230769 0.07211538461538461 0.5096153846153846
4 0.6009615384615384 0.5084134615384616 0.057692307692307696 0.5432692307692307
4 0.6514423076923077 0.4338942307692308 0.057692307692307696 0.5240384615384616
4 0.7091346153846154 0.38341346153846156 0.0673076923076923 0.5985576923076923
4 0.7752403846153846 0.36538461538461536 0.08173076923076923 0.3798076923076923
4 0.8269230769230769 0.39663461538461536 0.0673076923076923 0.4326923076923077
4 0.8737980769230769 0.39663461538461536 0.07211538461538461 0.4423076923076923
4 0.9050480769230769 0.4014423076923077 0.08173076923076923 0.4326923076923077
4 0.9435096153846154 0.375 0.04807692307692308 0.3798076923076923
4 0.96875 0.36538461538461536 0.052884615384615384 0.3894230769230769
4 0.4639423076923077 0.4891826923076923 0.21634615384615385 0.9086538461538461