4 0.7487980769230769 0.22355769230769232 0.49278846153846156 0.3269230769230769
4 0.7487980769230769 0.038461538461538464 0.49278846153846156 0.0673076923076923
4 0.7620192307692307 0.5096153846153846 0.46634615384615385 0.3125
4 0.7596153846153846 0.7151442307692307 0.47115384615384615 0.25
4 0.7632211538461539 0.8834134615384616 0.46875 0.2283653846153846
4 0.2536057692307692 0.05889423076923077 0.49759615384615385 0.11057692307692307
4 0.2620192307692308 0.2548076923076923 0.4807692307692308 0.2644230769230769
4 0.2956730769230769 0.4675480769230769 0.43509615384615385 0.2692307692307692
4 0.3161057692307692 0.6814903846153846 0.41346153846153844 0.19951923076923078
4 0.33653846153846156 0.8197115384615384 0.38461538461538464 0.20673076923076922
4 0.33774038461538464 0.9278846153846154 0.34375 0.13942307692307693