4 0.8016826923076923 0.09975961538461539 0.38461538461538464 0.19230769230769232
4 0.7403846153846154 0.3942307692307692 0.5096153846153846 0.42788461538461536
4 0.9711538461538461 0.5769230769230769 0.04567307692307692 0.125
4 0.9110576923076923 0.8185096153846154 0.17307692307692307 0.3581730769230769
4 0.6081730769230769 0.7908653846153846 0.6634615384615384 0.41346153846153844
4 0.39302884615384615 0.19951923076923078 0.44711538461538464 0.3894230769230769
4 0.04567307692307692 0.5721153846153846 0.09134615384615384 0.22115384615384615
4 0.13581730769230768 0.16346153846153846 0.27163461538461536 0.32211538461538464
4 0.08774038461538461 0.27163461538461536 0.17548076923076922 0.2956730769230769
4 0.1658653846153846 0.8064903846153846 0.3317307692307692 0.38221153846153844
4 0.2764423076923077 0.47475961538461536 0.49759615384615385 0.41586538461538464