4 0.8052884615384616 0.15264423076923078 0.375 0.2980769230769231
4 0.7572115384615384 0.4326923076923077 0.47115384615384615 0.3076923076923077
4 0.7463942307692307 0.6850961538461539 0.49278846153846156 0.28846153846153844
4 0.7776442307692307 0.8882211538461539 0.43509615384615385 0.21875
4 0.3425480769230769 0.8221153846153846 0.4519230769230769 0.3485576923076923
4 0.3762019230769231 0.5084134615384616 0.4375 0.30288461538461536
4 0.4831730769230769 0.16826923076923078 0.2932692307692308 0.3269230769230769
4 0.29927884615384615 0.18509615384615385 0.59375 0.36538461538461536
4 0.08653846153846154 0.44350961538461536 0.16826923076923078 0.15144230769230768
4 0.20673076923076922 0.7572115384615384 0.40865384615384615 0.4807692307692308
4 0.49759615384615385 0.5 0.9903846153846154 0.9951923076923077