4 0.8401442307692307 0.16826923076923078 0.1346153846153846 0.11057692307692307
4 0.7319711538461539 0.21033653846153846 0.14423076923076922 0.09615384615384616
4 0.8112980769230769 0.29927884615384615 0.13942307692307693 0.10576923076923077
4 0.8870192307692307 0.41466346153846156 0.16346153846153846 0.11057692307692307
4 0.734375 0.36658653846153844 0.13942307692307693 0.10096153846153846
4 0.6646634615384616 0.3161057692307692 0.11298076923076923 0.07692307692307693
4 0.5877403846153846 0.38221153846153844 0.10336538461538461 0.08653846153846154
4 0.6129807692307693 0.48677884615384615 0.1346153846153846 0.12980769230769232
4 0.7451923076923077 0.5192307692307693 0.18028846153846154 0.14423076923076922
4 0.6598557692307693 0.6442307692307693 0.11298076923076923 0.10096153846153846
4 0.08774038461538461 0.6971153846153846 0.10336538461538461 0.0889423076923077
4 0.1346153846153846 0.6394230769230769 0.09134615384615384 0.0673076923076923
4 0.15504807692307693 0.7836538461538461 0.125 0.08653846153846154
4 0.23677884615384615 0.6838942307692307 0.125 0.08653846153846154
4 0.25 0.6021634615384616 0.1201923076923077 0.0625
4 0.33774038461538464 0.5901442307692307 0.09615384615384616 0.038461538461538464
4 0.38100961538461536 0.6622596153846154 0.11298076923076923 0.09615384615384616
4 0.3473557692307692 0.7331730769230769 0.1201923076923077 0.08653846153846154
4 0.26802884615384615 0.7716346153846154 0.11298076923076923 0.06971153846153846
4 0.5360576923076923 0.6045673076923077 0.09134615384615384 0.0673076923076923
4 0.46875 0.6442307692307693 0.11298076923076923 0.07692307692307693
4 0.46634615384615385 0.7295673076923077 0.09615384615384616 0.07692307692307693
4 0.5540865384615384 0.6790865384615384 0.08653846153846154 0.0625
4 0.5588942307692307 0.7487980769230769 0.07692307692307693 0.07692307692307693
4 0.4891826923076923 0.7932692307692307 0.07211538461538461 0.04326923076923077
4 0.41466346153846156 0.7932692307692307 0.08653846153846154 0.05048076923076923