4 0.9038461538461539 0.43028846153846156 0.18509615384615385 0.46875
4 0.6838942307692307 0.46634615384615385 0.2692307692307692 0.4807692307692308
4 0.42908653846153844 0.484375 0.2860576923076923 0.5048076923076923
4 0.15264423076923078 0.5204326923076923 0.3004807692307692 0.5408653846153846
4 0.328125 0.203125 0.27163461538461536 0.21153846153846154
4 0.5769230769230769 0.20673076923076922 0.25240384615384615 0.22596153846153846
4 0.8052884615384616 0.1778846153846154 0.23557692307692307 0.21153846153846154
4 0.953125 0.12860576923076922 0.08653846153846154 0.15384615384615385
4 0.1045673076923077 0.1935096153846154 0.20673076923076922 0.18028846153846154
4 0.26322115384615385 0.052884615384615384 0.23798076923076922 0.10096153846153846
4 0.4831730769230769 0.052884615384615384 0.23076923076923078 0.10096153846153846
4 0.6935096153846154 0.052884615384615384 0.21875 0.10096153846153846
4 0.8978365384615384 0.04567307692307692 0.19951923076923078 0.08653846153846154
4 0.0733173076923077 0.06129807692307692 0.14182692307692307 0.11778846153846154