4 0.37259615384615385 0.11057692307692307 0.3125 0.21153846153846154
4 0.3125 0.052884615384615384 0.20673076923076922 0.09615384615384616
4 0.11778846153846154 0.17668269230769232 0.19951923076923078 0.25961538461538464
4 0.09975961538461539 0.039663461538461536 0.12980769230769232 0.0673076923076923
4 0.14182692307692307 0.32572115384615385 0.23317307692307693 0.18509615384615385
4 0.2860576923076923 0.28846153846153844 0.040865384615384616 0.14423076923076922
4 0.453125 0.20072115384615385 0.2860576923076923 0.3076923076923077
4 0.734375 0.13701923076923078 0.3894230769230769 0.2644230769230769
4 0.7944711538461539 0.16706730769230768 0.40625 0.3245192307692308
4 0.4423076923076923 0.3125 0.3004807692307692 0.21153846153846154
4 0.15144230769230768 0.41586538461538464 0.25 0.11057692307692307
4 0.046875 0.5396634615384616 0.0889423076923077 0.13701923076923078
4 0.1875 0.5 0.21634615384615385 0.18509615384615385
4 0.46033653846153844 0.45552884615384615 0.32211538461538464 0.24278846153846154
4 0.8088942307692307 0.3894230769230769 0.375 0.29086538461538464
4 0.8353365384615384 0.6057692307692307 0.32211538461538464 0.23798076923076922
4 0.5024038461538461 0.6322115384615384 0.3293269230769231 0.21634615384615385
4 0.2247596153846154 0.6634615384615384 0.22596153846153846 0.16346153846153846
4 0.06129807692307692 0.6766826923076923 0.11778846153846154 0.11778846153846154
4 0.06009615384615385 0.7908653846153846 0.11538461538461539 0.11057692307692307
4 0.24158653846153846 0.8100961538461539 0.24519230769230768 0.13701923076923078
4 0.5300480769230769 0.8125 0.3173076923076923 0.16346153846153846
4 0.8425480769230769 0.8064903846153846 0.3076923076923077 0.18509615384615385
4 0.8052884615384616 0.9507211538461539 0.18269230769230768 0.09375
4 0.5576923076923077 0.9483173076923077 0.3173076923076923 0.0985576923076923
4 0.29927884615384615 0.9435096153846154 0.2091346153846154 0.10817307692307693
4 0.1045673076923077 0.9122596153846154 0.15865384615384615 0.10096153846153846