4 0.6923076923076923 0.8269230769230769 0.41346153846153844 0.3317307692307692
4 0.8509615384615384 0.4266826923076923 0.2932692307692308 0.8485576923076923
4 0.9266826923076923 0.9194711538461539 0.13942307692307693 0.14903846153846154
4 0.9603365384615384 0.08774038461538461 0.07451923076923077 0.17067307692307693
4 0.765625 0.6730769230769231 0.22115384615384615 0.4639423076923077
4 0.6850961538461539 0.29447115384615385 0.10096153846153846 0.3269230769230769
4 0.5697115384615384 0.1201923076923077 0.3798076923076923 0.23557692307692307
4 0.3713942307692308 0.1935096153846154 0.16826923076923078 0.3389423076923077
4 0.5 0.5769230769230769 0.37259615384615385 0.8317307692307693
4 0.1935096153846154 0.8125 0.3004807692307692 0.3629807692307692
4 0.16706730769230768 0.3293269230769231 0.3293269230769231 0.6538461538461539
4 0.27283653846153844 0.0985576923076923 0.13701923076923078 0.18509615384615385
4 0.3389423076923077 0.49158653846153844 0.15865384615384615 0.3269230769230769
4 0.03365384615384615 0.8197115384615384 0.0625 0.35096153846153844