4 0.046875 0.8725961538461539 0.0889423076923077 0.25
4 0.11177884615384616 0.8725961538461539 0.13701923076923078 0.24759615384615385
4 0.19110576923076922 0.8689903846153846 0.08653846153846154 0.18269230769230768
4 0.13942307692307693 0.9639423076923077 0.07211538461538461 0.06490384615384616
4 0.20432692307692307 0.9759615384615384 0.028846153846153848 0.038461538461538464
4 0.2620192307692308 0.9747596153846154 0.0673076923076923 0.04326923076923077
4 0.328125 0.9747596153846154 0.052884615384615384 0.04326923076923077
4 0.38221153846153844 0.9723557692307693 0.04326923076923077 0.04807692307692308
4 0.4338942307692308 0.9867788461538461 0.04807692307692308 0.019230769230769232
4 0.49759615384615385 0.9795673076923077 0.07692307692307693 0.03365384615384615
4 0.5817307692307693 0.9711538461538461 0.09134615384615384 0.05048076923076923
4 0.6442307692307693 0.9783653846153846 0.03365384615384615 0.036057692307692304
4 0.28966346153846156 0.8473557692307693 0.07692307692307693 0.21875
4 0.36899038461538464 0.8377403846153846 0.09134615384615384 0.23557692307692307
4 0.46153846153846156 0.8557692307692307 0.08173076923076923 0.23557692307692307
4 0.546875 0.8581730769230769 0.0985576923076923 0.21153846153846154
4 0.6418269230769231 0.8545673076923077 0.13701923076923078 0.1875
4 0.7319711538461539 0.8581730769230769 0.12980769230769232 0.20192307692307693
4 0.4110576923076923 0.04807692307692308 0.14423076923076922 0.09615384615384616
4 0.546875 0.04447115384615385 0.13221153846153846 0.0889423076923077
4 0.6682692307692307 0.040865384615384616 0.14423076923076922 0.08173076923076923
4 0.7728365384615384 0.040865384615384616 0.16105769230769232 0.08173076923076923
4 0.04567307692307692 0.09495192307692307 0.08653846153846154 0.18990384615384615
4 0.10336538461538461 0.09134615384615384 0.11057692307692307 0.18269230769230768
4 0.171875 0.09615384615384616 0.09134615384615384 0.19230769230769232
4 0.2403846153846154 0.09495192307692307 0.08653846153846154 0.1875
4 0.30649038461538464 0.0889423076923077 0.07692307692307693 0.1778846153846154
4 0.36899038461538464 0.0985576923076923 0.07211538461538461 0.1971153846153846
4 0.43990384615384615 0.14423076923076922 0.08173076923076923 0.11298076923076923
4 0.5276442307692307 0.1310096153846154 0.09134615384615384 0.08653846153846154
4 0.8305288461538461 0.5348557692307693 0.23076923076923078 0.9158653846153846
4 0.6742788461538461 0.390625 0.3317307692307692 0.7019230769230769
4 0.4723557692307692 0.48197115384615385 0.3125 0.5576923076923077