4 0.3942307692307692 0.8990384615384616 0.4326923076923077 0.19471153846153846
4 0.11538461538461539 0.953125 0.1346153846153846 0.08413461538461539
4 0.05048076923076923 0.8978365384615384 0.09615384615384616 0.19951923076923078
4 0.15504807692307693 0.796875 0.16346153846153846 0.23076923076923078
4 0.4266826923076923 0.6899038461538461 0.4375 0.2644230769230769
4 0.4411057692307692 0.43149038461538464 0.46634615384615385 0.2980769230769231
4 0.46274038461538464 0.14783653846153846 0.4735576923076923 0.2956730769230769
4 0.31971153846153844 0.10096153846153846 0.4423076923076923 0.20192307692307693
4 0.19230769230769232 0.3269230769230769 0.1971153846153846 0.25961538461538464
4 0.16466346153846154 0.5745192307692307 0.18269230769230768 0.2548076923076923
4 0.06009615384615385 0.6923076923076923 0.11538461538461539 0.21634615384615385
4 0.06850961538461539 0.48677884615384615 0.13221153846153846 0.21394230769230768
4 0.07091346153846154 0.25961538461538464 0.13701923076923078 0.2403846153846154
4 0.06129807692307692 0.07451923076923077 0.11778846153846154 0.14903846153846154