4 0.7764423076923077 0.3798076923076923 0.20192307692307693 0.18269230769230768
4 0.8533653846153846 0.3641826923076923 0.21153846153846154 0.15384615384615385
4 0.8461538461538461 0.34134615384615385 0.057692307692307696 0.13942307692307693
4 0.7992788461538461 0.25841346153846156 0.14423076923076922 0.19951923076923078
4 0.9302884615384616 0.24759615384615385 0.11778846153846154 0.25961538461538464
4 0.6153846153846154 0.23798076923076922 0.14182692307692307 0.1346153846153846
4 0.9591346153846154 0.21153846153846154 0.07451923076923077 0.25961538461538464
4 0.7752403846153846 0.1201923076923077 0.13221153846153846 0.18269230769230768
4 0.625 0.1141826923076923 0.37259615384615385 0.21875
4 0.42788461538461536 0.08774038461538461 0.21153846153846154 0.16346153846153846
4 0.7487980769230769 0.6622596153846154 0.05048076923076923 0.1466346153846154
4 0.6838942307692307 0.65625 0.11778846153846154 0.125
4 0.8004807692307693 0.6358173076923077 0.0625 0.1778846153846154
4 0.8545673076923077 0.6201923076923077 0.0625 0.19471153846153846
4 0.9194711538461539 0.5997596153846154 0.0673076923076923 0.21153846153846154
4 0.9747596153846154 0.5829326923076923 0.04326923076923077 0.22355769230769232
4 0.48197115384615385 0.578125 0.37740384615384615 0.8389423076923077
4 0.6947115384615384 0.5649038461538461 0.14423076923076922 0.19951923076923078
4 0.26322115384615385 0.5180288461538461 0.08173076923076923 0.6346153846153846
4 0.6081730769230769 0.4675480769230769 0.10096153846153846 0.18269230769230768
4 0.6887019230769231 0.4387019230769231 0.16826923076923078 0.18269230769230768
4 0.7259615384615384 0.42908653846153844 0.15384615384615385 0.12980769230769232