4 0.42908653846153844 0.8377403846153846 0.40865384615384615 0.3173076923076923
4 0.17067307692307693 0.8834134615384616 0.3317307692307692 0.22596153846153846
4 0.10336538461538461 0.39903846153846156 0.1971153846153846 0.42788461538461536
4 0.21153846153846154 0.5913461538461539 0.41346153846153844 0.3605769230769231
4 0.3137019230769231 0.1622596153846154 0.1658653846153846 0.08653846153846154
4 0.24639423076923078 0.24759615384615385 0.4326923076923077 0.31971153846153844
4 0.16346153846153846 0.09014423076923077 0.3173076923076923 0.17548076923076922
4 0.3737980769230769 0.06850961538461539 0.31971153846153844 0.13221153846153846
4 0.5096153846153846 0.3713942307692308 0.2548076923076923 0.22115384615384615
4 0.49038461538461536 0.625 0.3173076923076923 0.24519230769230768
4 0.7283653846153846 0.6971153846153846 0.32211538461538464 0.3125
4 0.8052884615384616 0.9134615384615384 0.38461538461538464 0.16826923076923078
4 0.65625 0.39302884615384615 0.2860576923076923 0.28846153846153844
4 0.5180288461538461 0.1658653846153846 0.25 0.3076923076923077
4 0.7367788461538461 0.13822115384615385 0.29086538461538464 0.27163461538461536
4 0.7740384615384616 0.4639423076923077 0.23076923076923078 0.23317307692307693
4 0.9050480769230769 0.6850961538461539 0.18509615384615385 0.3317307692307692
4 0.8942307692307693 0.2800480769230769 0.19230769230769232 0.21394230769230768
4 0.9326923076923077 0.09735576923076923 0.12980769230769232 0.18990384615384615