4 0.16346153846153846 0.07451923076923077 0.3173076923076923 0.14182692307692307
4 0.17427884615384615 0.22235576923076922 0.3389423076923077 0.16826923076923078
4 0.06610576923076923 0.3269230769230769 0.1201923076923077 0.23317307692307693
4 0.0985576923076923 0.3545673076923077 0.1875 0.23557692307692307
4 0.25721153846153844 0.36778846153846156 0.20673076923076922 0.14423076923076922
4 0.4483173076923077 0.33413461538461536 0.1971153846153846 0.13942307692307693
4 0.44591346153846156 0.20552884615384615 0.23557692307692307 0.12740384615384615
4 0.453125 0.07692307692307693 0.28365384615384615 0.14423076923076922
4 0.43149038461538464 0.057692307692307696 0.2620192307692308 0.11057692307692307
4 0.6971153846153846 0.046875 0.21153846153846154 0.08653846153846154
4 0.8930288461538461 0.06129807692307692 0.21153846153846154 0.11538461538461539
4 0.6911057692307693 0.08413461538461539 0.25721153846153844 0.15865384615384615
4 0.6478365384615384 0.21033653846153846 0.14903846153846154 0.10096153846153846
4 0.8665865384615384 0.14903846153846154 0.25721153846153844 0.11538461538461539
4 0.8257211538461539 0.24158653846153846 0.20673076923076922 0.08413461538461539
4 0.65625 0.25600961538461536 0.15384615384615385 0.0673076923076923
4 0.45072115384615385 0.32211538461538464 0.19230769230769232 0.0985576923076923
4 0.12860576923076922 0.5024038461538461 0.15865384615384615 0.057692307692307696
4 0.06610576923076923 0.5925480769230769 0.1201923076923077 0.08653846153846154
4 0.051682692307692304 0.5108173076923077 0.09134615384615384 0.09134615384615384
4 0.16346153846153846 0.5733173076923077 0.17307692307692307 0.09134615384615384
4 0.16346153846153846 0.4963942307692308 0.0985576923076923 0.07692307692307693
4 0.23798076923076922 0.5144230769230769 0.09134615384615384 0.1346153846153846
4 0.09615384615384616 0.65625 0.18028846153846154 0.052884615384615384
4 0.18870192307692307 0.6670673076923077 0.07211538461538461 0.0625
4 0.2620192307692308 0.6814903846153846 0.07692307692307693 0.0625
4 0.3112980769230769 0.7259615384615384 0.0673076923076923 0.04807692307692308
4 0.1935096153846154 0.7740384615384616 0.23557692307692307 0.05048076923076923
4 0.2620192307692308 0.6021634615384616 0.07692307692307693 0.08413461538461539
4 0.30649038461538464 0.5805288461538461 0.07692307692307693 0.09134615384615384
4 0.34134615384615385 0.5396634615384616 0.13701923076923078 0.08413461538461539
4 0.2980769230769231 0.453125 0.19230769230769232 0.12740384615384615
4 0.46153846153846156 0.4387019230769231 0.13701923076923078 0.10576923076923077
4 0.6334134615384616 0.31971153846153844 0.17307692307692307 0.13942307692307693
4 0.7872596153846154 0.3004807692307692 0.1875 0.0673076923076923
4 0.7536057692307693 0.3557692307692308 0.16346153846153846 0.08173076923076923
4 0.7319711538461539 0.4254807692307692 0.15384615384615385 0.07211538461538461
4 0.5961538461538461 0.48197115384615385 0.15384615384615385 0.07692307692307693
4 0.5901442307692307 0.4326923076923077 0.12980769230769232 0.08173076923076923
4 0.5408653846153846 0.5348557692307693 0.08653846153846154 0.05048076923076923
4 0.45072115384615385 0.5348557692307693 0.125 0.07211538461538461
4 0.453125 0.5877403846153846 0.0985576923076923 0.0625
4 0.36899038461538464 0.5961538461538461 0.08173076923076923 0.06490384615384616
4 0.3605769230769231 0.6442307692307693 0.0673076923076923 0.057692307692307696
4 0.4567307692307692 0.6394230769230769 0.07211538461538461 0.036057692307692304
4 0.5108173076923077 0.6201923076923077 0.07211538461538461 0.04807692307692308
4 0.5360576923076923 0.5709134615384616 0.07692307692307693 0.05048076923076923
4 0.5661057692307693 0.6105769230769231 0.08173076923076923 0.057692307692307696
4 0.6177884615384616 0.5540865384615384 0.1201923076923077 0.0673076923076923
4 0.6862980769230769 0.48197115384615385 0.11538461538461539 0.0673076923076923
4 0.7620192307692307 0.4651442307692308 0.125 0.10096153846153846
4 0.8774038461538461 0.3870192307692308 0.19230769230769232 0.08413461538461539
4 0.9050480769230769 0.34615384615384615 0.18509615384615385 0.052884615384615384
4 0.921875 0.27163461538461536 0.15144230769230768 0.14423076923076922
4 0.9579326923076923 0.41586538461538464 0.07932692307692307 0.10096153846153846
4 0.890625 0.4495192307692308 0.15384615384615385 0.0985576923076923
4 0.9314903846153846 0.4963942307692308 0.09134615384615384 0.0625
4 0.8305288461538461 0.5348557692307693 0.08653846153846154 0.07211538461538461
4 0.7512019230769231 0.5288461538461539 0.125 0.07692307692307693
4 0.7019230769230769 0.5637019230769231 0.07211538461538461 0.04326923076923077
4 0.6971153846153846 0.6021634615384616 0.19230769230769232 0.07692307692307693
4 0.8413461538461539 0.6237980769230769 0.0985576923076923 0.04807692307692308
4 0.921875 0.5925480769230769 0.15144230769230768 0.06971153846153846
4 0.8858173076923077 0.5576923076923077 0.17307692307692307 0.07692307692307693
4 0.9603365384615384 0.49038461538461536 0.07451923076923077 0.125
4 0.4423076923076923 0.6778846153846154 0.0673076923076923 0.038461538461538464
4 0.4675480769230769 0.6959134615384616 0.038461538461538464 0.03365384615384615
4 0.37740384615384615 0.7055288461538461 0.052884615384615384 0.05048076923076923
4 0.7319711538461539 0.6947115384615384 0.17307692307692307 0.08653846153846154