4 0.06370192307692307 0.15625 0.1201923076923077 0.3004807692307692
4 0.19110576923076922 0.1201923076923077 0.27403846153846156 0.23076923076923078
4 0.10216346153846154 0.5733173076923077 0.1971153846153846 0.6225961538461539
4 0.09495192307692307 0.8689903846153846 0.18269230769230768 0.25
4 0.20793269230769232 0.9242788461538461 0.25721153846153844 0.1466346153846154
4 0.29447115384615385 0.7836538461538461 0.08653846153846154 0.34375
4 0.25961538461538464 0.7379807692307693 0.14903846153846154 0.14182692307692307
4 0.2848557692307692 0.36658653846153844 0.14903846153846154 0.3389423076923077
4 0.39663461538461536 0.27884615384615385 0.13942307692307693 0.2956730769230769
4 0.21875 0.45072115384615385 0.24759615384615385 0.4326923076923077
4 0.6346153846153846 0.07692307692307693 0.2644230769230769 0.14182692307692307
4 0.47115384615384615 0.06009615384615385 0.0985576923076923 0.11057692307692307
4 0.4579326923076923 0.25961538461538464 0.11538461538461539 0.18028846153846154
4 0.4423076923076923 0.11177884615384616 0.12740384615384615 0.15865384615384615
4 0.7620192307692307 0.26802884615384615 0.1778846153846154 0.1875
4 0.8377403846153846 0.20192307692307693 0.15625 0.2620192307692308
4 0.9002403846153846 0.04927884615384615 0.09134615384615384 0.08653846153846154
4 0.8052884615384616 0.09254807692307693 0.0985576923076923 0.17307692307692307
4 0.7199519230769231 0.4639423076923077 0.10096153846153846 0.12980769230769232
4 0.7800480769230769 0.3737980769230769 0.0985576923076923 0.13701923076923078
4 0.8786057692307693 0.21875 0.12740384615384615 0.25
4 0.9423076923076923 0.11177884615384616 0.057692307692307696 0.08173076923076923
4 0.9615384615384616 0.20793269230769232 0.07211538461538461 0.10336538461538461
4 0.9651442307692307 0.28365384615384615 0.052884615384615384 0.0985576923076923
4 0.9795673076923077 0.3389423076923077 0.038461538461538464 0.16346153846153846
4 0.9182692307692307 0.45072115384615385 0.1201923076923077 0.3004807692307692
4 0.9543269230769231 0.6069711538461539 0.08413461538461539 0.14182692307692307
4 0.9459134615384616 0.5360576923076923 0.10336538461538461 0.22115384615384615
4 0.8161057692307693 0.6502403846153846 0.22115384615384615 0.16346153846153846
4 0.8557692307692307 0.8064903846153846 0.19230769230769232 0.13701923076923078
4 0.9399038461538461 0.7524038461538461 0.11538461538461539 0.20673076923076922
4 0.9399038461538461 0.9146634615384616 0.11538461538461539 0.17067307692307693
4 0.8377403846153846 0.9194711538461539 0.18028846153846154 0.15625
4 0.7151442307692307 0.9483173076923077 0.04807692307692308 0.09134615384615384
4 0.6598557692307693 0.9411057692307693 0.14182692307692307 0.11298076923076923
4 0.7259615384615384 0.828125 0.07692307692307693 0.14903846153846154
4 0.6706730769230769 0.7019230769230769 0.08413461538461539 0.23557692307692307
4 0.5841346153846154 0.5600961538461539 0.14182692307692307 0.20192307692307693
4 0.5805288461538461 0.7427884615384616 0.1346153846153846 0.1971153846153846
4 0.5132211538461539 0.8810096153846154 0.10336538461538461 0.23317307692307693
4 0.41466346153846156 0.8521634615384616 0.15384615384615385 0.25
4 0.4495192307692308 0.7403846153846154 0.10576923076923077 0.14903846153846154
4 0.4266826923076923 0.5817307692307693 0.16346153846153846 0.20192307692307693
4 0.4795673076923077 0.4423076923076923 0.11057692307692307 0.16346153846153846
4 0.5600961538461539 0.28725961538461536 0.15865384615384615 0.32211538461538464
4 0.6586538461538461 0.34134615384615385 0.07211538461538461 0.15865384615384615
4 0.6033653846153846 0.28365384615384615 0.125 0.14182692307692307
4 0.4987980769230769 0.5024038461538461 0.9975961538461539 0.9951923076923077