5 0.18028846153846154 0.7079326923076923 0.27403846153846156 0.5552884615384616
5 0.4182692307692308 0.7427884615384616 0.15865384615384615 0.4567307692307692
5 0.41586538461538464 0.546875 0.08653846153846154 0.06490384615384616
5 0.18269230769230768 0.44471153846153844 0.055288461538461536 0.028846153846153848
5 0.5925480769230769 0.765625 0.15384615384615385 0.40384615384615385
5 0.5877403846153846 0.5925480769230769 0.08653846153846154 0.055288461538461536
5 0.7319711538461539 0.7800480769230769 0.11538461538461539 0.38461538461538464
5 0.734375 0.609375 0.07692307692307693 0.04326923076923077
5 0.8846153846153846 0.7944711538461539 0.15384615384615385 0.34615384615384615
5 0.8846153846153846 0.6526442307692307 0.08653846153846154 0.06490384615384616
5 0.10697115384615384 0.18028846153846154 0.07692307692307693 0.30528846153846156
5 0.109375 0.04447115384615385 0.038461538461538464 0.03365384615384615
5 0.1935096153846154 0.17548076923076922 0.07692307692307693 0.30528846153846156
5 0.19471153846153846 0.04447115384615385 0.038461538461538464 0.03365384615384615
5 0.28365384615384615 0.04447115384615385 0.04326923076923077 0.03365384615384615
5 0.28125 0.1778846153846154 0.07211538461538461 0.3004807692307692
5 0.36899038461538464 0.18028846153846154 0.07692307692307693 0.30528846153846156
5 0.36899038461538464 0.046875 0.03365384615384615 0.038461538461538464
5 0.5168269230769231 0.25961538461538464 0.0985576923076923 0.3894230769230769
5 0.5168269230769231 0.08052884615384616 0.028846153846153848 0.03365384615384615
5 0.6394230769230769 0.2620192307692308 0.10336538461538461 0.3942307692307692
5 0.6418269230769231 0.08052884615384616 0.038461538461538464 0.04326923076923077
5 0.765625 0.2620192307692308 0.0985576923076923 0.3942307692307692
5 0.7680288461538461 0.08052884615384616 0.03365384615384615 0.03365384615384615
5 0.8966346153846154 0.24278846153846154 0.10336538461538461 0.43028846153846156
5 0.8966346153846154 0.042067307692307696 0.03365384615384615 0.028846153846153848