5 0.1201923076923077 0.3737980769230769 0.1875 0.47115384615384615
5 0.23076923076923078 0.3088942307692308 0.0889423076923077 0.3245192307692308
5 0.32211538461538464 0.3112980769230769 0.10096153846153846 0.33653846153846156
5 0.31971153846153844 0.4579326923076923 0.0625 0.036057692307692304
5 0.23557692307692307 0.46033653846153844 0.04326923076923077 0.03125
5 0.12620192307692307 0.5865384615384616 0.08413461538461539 0.04326923076923077
5 0.46875 0.6935096153846154 0.09375 0.052884615384615384
5 0.3641826923076923 0.9423076923076923 0.10576923076923077 0.0625
5 0.7019230769230769 0.8617788461538461 0.125 0.07211538461538461
5 0.8533653846153846 0.6959134615384616 0.09615384615384616 0.0673076923076923
5 0.6598557692307693 0.6694711538461539 0.0673076923076923 0.04807692307692308
5 0.36177884615384615 0.5865384615384616 0.35096153846153844 0.7644230769230769
5 0.44471153846153844 0.4375 0.28365384615384615 0.5721153846153846
5 0.6574519230769231 0.421875 0.15865384615384615 0.5432692307692307
5 0.8449519230769231 0.43149038461538464 0.25 0.5865384615384616
5 0.6778846153846154 0.7115384615384616 0.27163461538461536 0.3557692307692308