5 0.8870192307692307 0.35216346153846156 0.11538461538461539 0.5625
5 0.890625 0.6033653846153846 0.06490384615384616 0.06009615384615385
5 0.8052884615384616 0.46153846153846156 0.1201923076923077 0.7163461538461539
5 0.7980769230769231 0.7896634615384616 0.052884615384615384 0.04807692307692308
5 0.7223557692307693 0.6610576923076923 0.052884615384615384 0.0673076923076923
5 0.6286057692307693 0.6911057692307693 0.057692307692307696 0.13701923076923078
5 0.5240384615384616 0.7728365384615384 0.05048076923076923 0.04807692307692308
5 0.5024038461538461 0.6286057692307693 0.05048076923076923 0.052884615384615384
5 0.42908653846153844 0.6526442307692307 0.057692307692307696 0.06009615384615385
5 0.3401442307692308 0.5360576923076923 0.052884615384615384 0.0673076923076923
5 0.28725961538461536 0.6610576923076923 0.057692307692307696 0.04326923076923077
5 0.19831730769230768 0.6502403846153846 0.04807692307692308 0.052884615384615384
5 0.11057692307692307 0.6502403846153846 0.052884615384615384 0.052884615384615384
5 0.6177884615384616 0.41225961538461536 0.13942307692307693 0.6923076923076923
5 0.7259615384615384 0.38221153846153844 0.0985576923076923 0.6225961538461539
5 0.5288461538461539 0.6526442307692307 0.1201923076923077 0.27884615384615385
5 0.5132211538461539 0.3798076923076923 0.08173076923076923 0.5528846153846154
5 0.42908653846153844 0.3798076923076923 0.11057692307692307 0.6057692307692307
5 0.3485576923076923 0.31971153846153844 0.13221153846153846 0.49759615384615385
5 0.2848557692307692 0.390625 0.1201923076923077 0.5961538461538461
5 0.19591346153846154 0.38822115384615385 0.0889423076923077 0.5793269230769231
5 0.1141826923076923 0.38221153846153844 0.10576923076923077 0.5889423076923077