5 0.3161057692307692 0.026442307692307692 0.4855769230769231 0.04326923076923077
5 0.4891826923076923 0.013221153846153846 0.11538461538461539 0.019230769230769232
5 0.39903846153846156 0.06129807692307692 0.5432692307692307 0.11538461538461539
5 0.5216346153846154 0.06370192307692307 0.4567307692307692 0.1201923076923077
5 0.7620192307692307 0.12139423076923077 0.47115384615384615 0.14182692307692307
5 0.8677884615384616 0.042067307692307696 0.25961538461538464 0.07932692307692307
5 0.43028846153846156 0.171875 0.5528846153846154 0.07451923076923077
5 0.7127403846153846 0.28966346153846156 0.34134615384615385 0.15384615384615385
5 0.3798076923076923 0.21875 0.6225961538461539 0.12259615384615384
5 0.26322115384615385 0.3605769230769231 0.4735576923076923 0.13942307692307693
5 0.515625 0.3449519230769231 0.3942307692307692 0.12980769230769232
5 0.8545673076923077 0.29447115384615385 0.2860576923076923 0.21394230769230768
5 0.4387019230769231 0.4519230769230769 0.6346153846153846 0.09134615384615384
5 0.5612980769230769 0.4855769230769231 0.2283653846153846 0.10576923076923077
5 0.27403846153846156 0.4807692307692308 0.3557692307692308 0.12740384615384615
5 0.48197115384615385 0.5949519230769231 0.07932692307692307 0.07211538461538461
5 0.5612980769230769 0.5576923076923077 0.2932692307692308 0.10096153846153846
5 0.27403846153846156 0.5949519230769231 0.4855769230769231 0.15865384615384615
5 0.39302884615384615 0.6682692307692307 0.5961538461538461 0.1346153846153846
5 0.4206730769230769 0.828125 0.6057692307692307 0.19471153846153846
5 0.7175480769230769 0.6598557692307693 0.3942307692307692 0.18028846153846154
5 0.8677884615384616 0.4855769230769231 0.25961538461538464 0.20673076923076922
5 0.8677884615384616 0.65625 0.25961538461538464 0.1201923076923077
5 0.7836538461538461 0.7932692307692307 0.42788461538461536 0.21634615384615385
5 0.6069711538461539 0.9026442307692307 0.78125 0.1658653846153846