5 0.78125 0.15745192307692307 0.4230769230769231 0.15865384615384615
5 0.8197115384615384 0.040865384615384616 0.34615384615384615 0.07692307692307693
5 0.5168269230769231 0.18870192307692307 0.4230769230769231 0.25
5 0.5204326923076923 0.040865384615384616 0.44471153846153844 0.07692307692307693
5 0.20793269230769232 0.14302884615384615 0.3317307692307692 0.1201923076923077
5 0.2439903846153846 0.06490384615384616 0.4831730769230769 0.125
5 0.08533653846153846 0.038461538461538464 0.1658653846153846 0.07211538461538461
5 0.11298076923076923 0.25240384615384615 0.22115384615384615 0.25
5 0.17668269230769232 0.3161057692307692 0.3125 0.19230769230769232
5 0.3545673076923077 0.24879807692307693 0.30528846153846156 0.14423076923076922
5 0.4543269230769231 0.3425480769230769 0.2692307692307692 0.08653846153846154
5 0.23798076923076922 0.4495192307692308 0.47115384615384615 0.15384615384615385
5 0.5769230769230769 0.5048076923076923 0.5552884615384616 0.27163461538461536
5 0.8161057692307693 0.3737980769230769 0.3557692307692308 0.20673076923076922
5 0.7920673076923077 0.3004807692307692 0.40384615384615385 0.1658653846153846
5 0.7848557692307693 0.6526442307692307 0.4182692307692308 0.1875
5 0.8052884615384616 0.5348557692307693 0.375 0.14903846153846154
5 0.32091346153846156 0.7115384615384616 0.6370192307692307 0.375
5 0.08533653846153846 0.5072115384615384 0.1658653846153846 0.11057692307692307
5 0.2956730769230769 0.8858173076923077 0.5913461538461539 0.19471153846153846
5 0.78125 0.8389423076923077 0.4230769230769231 0.24278846153846154
5 0.6850961538461539 0.9026442307692307 0.6201923076923077 0.18990384615384615
5 0.25 0.9639423076923077 0.44711538461538464 0.0673076923076923
5 0.06850961538461539 0.9266826923076923 0.13221153846153846 0.14182692307692307
5 0.49759615384615385 0.5 0.9903846153846154 0.9951923076923077