5 0.4807692307692308 0.15504807692307693 0.7860576923076923 0.1201923076923077
5 0.8521634615384616 0.15625 0.057692307692307696 0.06009615384615385
5 0.8870192307692307 0.30528846153846156 0.0625 0.06009615384615385
5 0.9086538461538461 0.44591346153846156 0.06971153846153846 0.057692307692307696
5 0.9122596153846154 0.5889423076923077 0.0625 0.057692307692307696
5 0.8641826923076923 0.7247596153846154 0.14423076923076922 0.0625
5 0.6826923076923077 0.8653846153846154 0.057692307692307696 0.06490384615384616
5 0.5036057692307693 0.3016826923076923 0.8173076923076923 0.125
5 0.5192307692307693 0.44591346153846156 0.8605769230769231 0.125
5 0.5192307692307693 0.5889423076923077 0.8485576923076923 0.1201923076923077
5 0.5192307692307693 0.7211538461538461 0.8365384615384616 0.10817307692307693
5 0.4026442307692308 0.8617788461538461 0.6033653846153846 0.12980769230769232