5 0.4230769230769231 0.07211538461538461 0.8365384615384616 0.14423076923076922
5 0.27163461538461536 0.1814903846153846 0.3125 0.19230769230769232
5 0.14302884615384615 0.44591346153846156 0.27403846153846156 0.3942307692307692
5 0.5084134615384616 0.18509615384615385 0.20192307692307693 0.13942307692307693
5 0.17908653846153846 0.8185096153846154 0.34615384615384615 0.3557692307692308
5 0.040865384615384616 0.8701923076923077 0.07211538461538461 0.25
5 0.6105769230769231 0.3713942307692308 0.7740384615384616 0.6514423076923077
5 0.8257211538461539 0.359375 0.34375 0.2764423076923077
5 0.8665865384615384 0.9603365384615384 0.2620192307692308 0.07451923076923077
5 0.6742788461538461 0.8449519230769231 0.6466346153846154 0.30528846153846156
5 0.453125 0.2980769230769231 0.6105769230769231 0.5817307692307693
5 0.984375 0.018028846153846152 0.026442307692307692 0.036057692307692304
5 0.9134615384615384 0.03365384615384615 0.16826923076923078 0.0673076923076923
5 0.5012019230769231 0.4987980769230769 0.9927884615384616 0.9975961538461539