5 0.8521634615384616 0.7355769230769231 0.18269230769230768 0.4951923076923077
5 0.953125 0.7175480769230769 0.08653846153846154 0.3269230769230769
5 0.9567307692307693 0.4675480769230769 0.08173076923076923 0.24519230769230768
5 0.8052884615384616 0.4519230769230769 0.23557692307692307 0.27403846153846156
5 0.8533653846153846 0.26802884615384615 0.1201923076923077 0.18990384615384615
5 0.8617788461538461 0.08653846153846154 0.16826923076923078 0.17307692307692307
5 0.9230769230769231 0.24759615384615385 0.1201923076923077 0.2548076923076923
5 0.7151442307692307 0.14302884615384615 0.16826923076923078 0.25
5 0.6514423076923077 0.06009615384615385 0.21153846153846154 0.1201923076923077
5 0.5180288461538461 0.11899038461538461 0.14903846153846154 0.23798076923076922
5 0.5600961538461539 0.23557692307692307 0.15865384615384615 0.31490384615384615
5 0.47716346153846156 0.43990384615384615 0.23317307692307693 0.2620192307692308
5 0.6237980769230769 0.4375 0.08173076923076923 0.14903846153846154
5 0.6069711538461539 0.5120192307692307 0.052884615384615384 0.04807692307692308
5 0.34615384615384615 0.6454326923076923 0.19951923076923078 0.30288461538461536
5 0.4170673076923077 0.8305288461538461 0.3798076923076923 0.3269230769230769
5 0.6430288461538461 0.9375 0.13942307692307693 0.11298076923076923
5 0.7283653846153846 0.8894230769230769 0.23557692307692307 0.20673076923076922
5 0.13221153846153846 0.8545673076923077 0.2644230769230769 0.27884615384615385
5 0.1622596153846154 0.625 0.23557692307692307 0.27403846153846156
5 0.28966346153846156 0.2800480769230769 0.375 0.4182692307692308
5 0.4230769230769231 0.07211538461538461 0.13942307692307693 0.14423076923076922
5 0.3004807692307692 0.054086538461538464 0.15384615384615385 0.10576923076923077
5 0.18990384615384615 0.06009615384615385 0.08653846153846154 0.1201923076923077
5 0.11298076923076923 0.054086538461538464 0.08653846153846154 0.10576923076923077
5 0.055288461538461536 0.10096153846153846 0.11057692307692307 0.20192307692307693
5 0.12980769230769232 0.30408653846153844 0.23317307692307693 0.3798076923076923
5 0.03365384615384615 0.2860576923076923 0.0673076923076923 0.2620192307692308
5 0.06370192307692307 0.5685096153846154 0.125 0.3870192307692308
5 0.4987980769230769 0.49759615384615385 0.9951923076923077 0.9951923076923077