5 0.36658653846153844 0.07692307692307693 0.7211538461538461 0.1466346153846154
5 0.7584134615384616 0.04447115384615385 0.14903846153846154 0.08173076923076923
5 0.859375 0.09014423076923077 0.2764423076923077 0.11778846153846154
5 0.9146634615384616 0.036057692307692304 0.1658653846153846 0.07211538461538461
5 0.7692307692307693 0.13701923076923078 0.2932692307692308 0.11057692307692307
5 0.6862980769230769 0.18629807692307693 0.27163461538461536 0.14423076923076922
5 0.3449519230769231 0.24639423076923078 0.6778846153846154 0.21394230769230768
5 0.33653846153846156 0.4519230769230769 0.6490384615384616 0.21634615384615385
5 0.32211538461538464 0.6682692307692307 0.6346153846153846 0.21394230769230768
5 0.3173076923076923 0.8846153846153846 0.625 0.22596153846153846
5 0.5997596153846154 0.5709134615384616 0.34615384615384615 0.14903846153846154
5 0.6310096153846154 0.3701923076923077 0.2932692307692308 0.16105769230769232
5 0.5805288461538461 0.7752403846153846 0.3389423076923077 0.14903846153846154
5 0.5456730769230769 0.9507211538461539 0.3798076923076923 0.09375
5 0.7283653846153846 0.8762019230769231 0.23317307692307693 0.13221153846153846
5 0.75 0.6875 0.23317307692307693 0.16826923076923078
5 0.7692307692307693 0.4987980769230769 0.2283653846153846 0.1466346153846154
5 0.7920673076923077 0.3269230769230769 0.2283653846153846 0.13221153846153846
5 0.8197115384615384 0.16466346153846154 0.19471153846153846 0.1778846153846154
5 0.9182692307692307 0.09254807692307693 0.15865384615384615 0.12259615384615384
5 0.9146634615384616 0.03485576923076923 0.1658653846153846 0.06971153846153846
5 0.9579326923076923 0.19951923076923078 0.08173076923076923 0.10096153846153846
5 0.9014423076923077 0.265625 0.19230769230769232 0.11298076923076923
5 0.9483173076923077 0.36658653846153844 0.0985576923076923 0.0985576923076923
5 0.8858173076923077 0.43028846153846156 0.19471153846153846 0.11057692307692307
5 0.9411057692307693 0.5228365384615384 0.11538461538461539 0.0889423076923077
5 0.8665865384615384 0.5949519230769231 0.1875 0.11057692307692307
5 0.9314903846153846 0.6814903846153846 0.13221153846153846 0.10336538461538461
5 0.8533653846153846 0.7752403846153846 0.20673076923076922 0.09375
5 0.9182692307692307 0.8581730769230769 0.15865384615384615 0.10576923076923077
5 0.8341346153846154 0.9519230769230769 0.20192307692307693 0.09134615384615384
5 0.9603365384615384 0.9879807692307693 0.07932692307692307 0.019230769230769232
5 0.9591346153846154 0.9399038461538461 0.07692307692307693 0.07211538461538461
5 0.6502403846153846 0.051682692307692304 0.1346153846153846 0.09615384615384616
5 0.7776442307692307 0.030048076923076924 0.10096153846153846 0.052884615384615384
5 0.9591346153846154 0.10216346153846154 0.07692307692307693 0.08413461538461539
5 0.8725961538461539 0.14783653846153846 0.0889423076923077 0.08173076923076923
5 0.7668269230769231 0.20192307692307693 0.10096153846153846 0.0889423076923077
5 0.6189903846153846 0.24158653846153846 0.12740384615384615 0.09615384615384616
5 0.7331730769230769 0.3786057692307692 0.11057692307692307 0.08653846153846154
5 0.8557692307692307 0.3269230769230769 0.10096153846153846 0.0889423076923077
5 0.9579326923076923 0.27163461538461536 0.08173076923076923 0.07692307692307693
5 0.9903846153846154 0.21033653846153846 0.014423076923076924 0.06490384615384616
5 0.9903846153846154 0.36778846153846156 0.014423076923076924 0.07211538461538461
5 0.9879807692307693 0.5252403846153846 0.019230769230769232 0.07451923076923077
5 0.9387019230769231 0.43028846153846156 0.0889423076923077 0.07451923076923077
5 0.5913461538461539 0.453125 0.11538461538461539 0.10096153846153846
5 0.7139423076923077 0.5709134615384616 0.11538461538461539 0.09134615384615384
5 0.8305288461538461 0.4963942307692308 0.10576923076923077 0.07692307692307693
5 0.9170673076923077 0.5949519230769231 0.0889423076923077 0.07451923076923077
5 0.8197115384615384 0.6875 0.10576923076923077 0.08173076923076923
5 0.5721153846153846 0.6658653846153846 0.12259615384615384 0.10336538461538461
5 0.5612980769230769 0.8894230769230769 0.1346153846153846 0.10576923076923077
5 0.6911057692307693 0.7788461538461539 0.11538461538461539 0.09134615384615384
5 0.9026442307692307 0.7788461538461539 0.09615384615384616 0.07692307692307693
5 0.9735576923076923 0.6862980769230769 0.04807692307692308 0.06971153846153846
5 0.9735576923076923 0.8521634615384616 0.04807692307692308 0.08413461538461539
5 0.8834134615384616 0.9495192307692307 0.0889423076923077 0.08653846153846154
5 0.6778846153846154 0.9675480769230769 0.11538461538461539 0.06009615384615385
5 0.7944711538461539 0.8786057692307693 0.0889423076923077 0.07932692307692307