5 0.20552884615384615 0.8762019230769231 0.40384615384615385 0.23557692307692307
5 0.040865384615384616 0.6262019230769231 0.07451923076923077 0.28846153846153844
5 0.16346153846153846 0.5504807692307693 0.2668269230769231 0.8894230769230769
5 0.10336538461538461 0.18269230769230768 0.0985576923076923 0.13942307692307693
5 0.34134615384615385 0.6850961538461539 0.08653846153846154 0.15865384615384615
5 0.3161057692307692 0.25841346153846156 0.08413461538461539 0.11778846153846154
5 0.5576923076923077 0.109375 0.08173076923076923 0.10096153846153846
5 0.8173076923076923 0.5024038461538461 0.08653846153846154 0.11057692307692307
5 0.7367788461538461 0.02403846153846154 0.08173076923076923 0.04807692307692308
5 0.7175480769230769 0.49759615384615385 0.19230769230769232 0.9951923076923077
5 0.5745192307692307 0.5240384615384616 0.21634615384615385 0.9423076923076923
5 0.38341346153846156 0.8004807692307693 0.17307692307692307 0.3894230769230769
5 0.34134615384615385 0.4567307692307692 0.24519230769230768 0.9134615384615384
5 0.18269230769230768 0.31850961538461536 0.2692307692307692 0.6370192307692307
5 0.037259615384615384 0.15264423076923078 0.0673076923076923 0.30528846153846156
5 0.036057692307692304 0.3329326923076923 0.0625 0.38221153846153844
5 0.5576923076923077 0.05889423076923077 0.24278846153846154 0.11778846153846154
5 0.8052884615384616 0.7235576923076923 0.22115384615384615 0.5408653846153846
5 0.8798076923076923 0.4519230769230769 0.23557692307692307 0.9038461538461539
5 0.9170673076923077 0.8377403846153846 0.13221153846153846 0.3125
5 0.9423076923076923 0.21033653846153846 0.11057692307692307 0.4206730769230769
5 0.5012019230769231 0.49759615384615385 0.9951923076923077 0.9951923076923077