5 0.3737980769230769 0.8786057692307693 0.5625 0.14903846153846154
5 0.28725961538461536 0.7548076923076923 0.4423076923076923 0.13942307692307693
5 0.2692307692307692 0.6153846153846154 0.46153846153846156 0.14903846153846154
5 0.25 0.4891826923076923 0.4423076923076923 0.14423076923076922
5 0.22956730769230768 0.36778846153846156 0.4567307692307692 0.13942307692307693
5 0.8713942307692307 0.6634615384615384 0.14423076923076922 0.10336538461538461
5 0.8125 0.9086538461538461 0.20673076923076922 0.17548076923076922
5 0.16826923076923078 0.8870192307692307 0.13942307692307693 0.08173076923076923
5 0.13822115384615385 0.7427884615384616 0.14423076923076922 0.07211538461538461
5 0.109375 0.6105769230769231 0.1346153846153846 0.08173076923076923
5 0.09375 0.4891826923076923 0.12980769230769232 0.07692307692307693
5 0.06490384615384616 0.36177884615384615 0.1201923076923077 0.0673076923076923
5 0.5865384615384616 0.7451923076923077 0.5384615384615384 0.17067307692307693
5 0.703125 0.5228365384615384 0.39663461538461536 0.2548076923076923
5 0.8413461538461539 0.45552884615384615 0.12980769230769232 0.1201923076923077
5 0.796875 0.3088942307692308 0.1346153846153846 0.10576923076923077
5 0.7403846153846154 0.18269230769230768 0.125 0.1201923076923077
5 0.6983173076923077 0.06370192307692307 0.11538461538461539 0.1201923076923077
5 0.6682692307692307 0.41466346153846156 0.38461538461538464 0.31971153846153844
5 0.6358173076923077 0.3016826923076923 0.33653846153846156 0.3485576923076923
5 0.5889423076923077 0.15985576923076922 0.33653846153846156 0.31971153846153844