5 0.640625 0.8858173076923077 0.6105769230769231 0.1201923076923077
5 0.3629807692307692 0.8858173076923077 0.0673076923076923 0.055288461538461536
5 0.3954326923076923 0.7319711538461539 0.1201923076923077 0.057692307692307696
5 0.6370192307692307 0.7295673076923077 0.6057692307692307 0.1201923076923077
5 0.6346153846153846 0.5817307692307693 0.6201923076923077 0.11057692307692307
5 0.36538461538461536 0.5793269230769231 0.08173076923076923 0.05048076923076923
5 0.3762019230769231 0.43149038461538464 0.09375 0.057692307692307696
5 0.640625 0.42908653846153844 0.6105769230769231 0.11057692307692307
5 0.3713942307692308 0.25721153846153844 0.07211538461538461 0.05048076923076923
5 0.6346153846153846 0.2608173076923077 0.5985576923076923 0.11538461538461539
5 0.3713942307692308 0.10096153846153846 0.09375 0.05048076923076923
5 0.6322115384615384 0.10336538461538461 0.6153846153846154 0.11057692307692307