5 0.9122596153846154 0.9338942307692307 0.11057692307692307 0.1201923076923077
5 0.9819711538461539 0.9014423076923077 0.028846153846153848 0.1875
5 0.9266826923076923 0.8004807692307693 0.125 0.16826923076923078
5 0.9350961538461539 0.6694711538461539 0.125 0.125
5 0.9230769230769231 0.6334134615384616 0.057692307692307696 0.07692307692307693
5 0.9603365384615384 0.5516826923076923 0.07211538461538461 0.12980769230769232
5 0.8185096153846154 0.8665865384615384 0.16826923076923078 0.25721153846153844
5 0.8677884615384616 0.9591346153846154 0.052884615384615384 0.07211538461538461
5 0.8365384615384616 0.6862980769230769 0.07211538461538461 0.11538461538461539
5 0.9002403846153846 0.6141826923076923 0.09134615384615384 0.15865384615384615
5 0.8197115384615384 0.4423076923076923 0.24519230769230768 0.21875
5 0.7127403846153846 0.3557692307692308 0.021634615384615384 0.03365384615384615
5 0.9651442307692307 0.42908653846153844 0.0625 0.11538461538461539
5 0.9146634615384616 0.28966346153846156 0.09134615384615384 0.15384615384615385
5 0.9747596153846154 0.28725961538461536 0.04326923076923077 0.15865384615384615
5 0.9603365384615384 0.11177884615384616 0.07211538461538461 0.20192307692307693
5 0.796875 0.1045673076923077 0.3581730769230769 0.2091346153846154
5 0.7199519230769231 0.14783653846153846 0.40865384615384615 0.2956730769230769
5 0.5288461538461539 0.046875 0.038461538461538464 0.07211538461538461
5 0.71875 0.4230769230769231 0.0625 0.08173076923076923
5 0.7019230769230769 0.45072115384615385 0.08653846153846154 0.14903846153846154
5 0.6706730769230769 0.5985576923076923 0.0625 0.08173076923076923
5 0.6346153846153846 0.5841346153846154 0.12740384615384615 0.16346153846153846
5 0.6658653846153846 0.7127403846153846 0.29086538461538464 0.18028846153846154
5 0.5769230769230769 0.7980769230769231 0.18509615384615385 0.1875
5 0.6742788461538461 0.8990384615384616 0.12740384615384615 0.19230769230769232
5 0.6177884615384616 0.9423076923076923 0.05048076923076923 0.07211538461538461
5 0.6478365384615384 0.9723557692307693 0.08653846153846154 0.04326923076923077
5 0.5024038461538461 0.8365384615384616 0.1971153846153846 0.3173076923076923
5 0.5240384615384616 0.9591346153846154 0.11057692307692307 0.07211538461538461
5 0.41947115384615385 0.9266826923076923 0.1201923076923077 0.13701923076923078
5 0.31490384615384615 0.9591346153846154 0.10576923076923077 0.07211538461538461
5 0.3329326923076923 0.8365384615384616 0.0985576923076923 0.2620192307692308
5 0.40865384615384615 0.8137019230769231 0.04807692307692308 0.08653846153846154
5 0.40384615384615385 0.6826923076923077 0.33413461538461536 0.1875
5 0.234375 0.8665865384615384 0.10576923076923077 0.24519230769230768
5 0.13221153846153846 0.9639423076923077 0.0625 0.06009615384615385
5 0.6322115384615384 0.4675480769230769 0.04326923076923077 0.09134615384615384
5 0.47475961538461536 0.5661057692307693 0.35096153846153844 0.28846153846153844
5 0.4266826923076923 0.4675480769230769 0.038461538461538464 0.09134615384615384
5 0.36778846153846156 0.43990384615384615 0.15384615384615385 0.14903846153846154
5 0.5108173076923077 0.40384615384615385 0.19230769230769232 0.12980769230769232
5 0.5745192307692307 0.25961538461538464 0.24759615384615385 0.16826923076923078
5 0.625 0.18629807692307693 0.21153846153846154 0.1971153846153846
5 0.052884615384615384 0.9375 0.10576923076923077 0.11538461538461539
5 0.16346153846153846 0.8689903846153846 0.11538461538461539 0.1875
5 0.07692307692307693 0.7235576923076923 0.15384615384615385 0.34375
5 0.040865384615384616 0.71875 0.08173076923076923 0.19230769230769232
5 0.10817307692307693 0.5625 0.21634615384615385 0.23076923076923078
5 0.07692307692307693 0.3798076923076923 0.15384615384615385 0.28846153846153844
5 0.17427884615384615 0.24639423076923078 0.05048076923076923 0.08653846153846154
5 0.2776442307692308 0.20192307692307693 0.052884615384615384 0.0673076923076923
5 0.23798076923076922 0.1201923076923077 0.12740384615384615 0.2403846153846154
5 0.15985576923076922 0.14783653846153846 0.125 0.2956730769230769
5 0.04927884615384615 0.08774038461538461 0.0985576923076923 0.17307692307692307
5 0.003605769230769231 0.030048076923076924 0.007211538461538462 0.06009615384615385
5 0.055288461538461536 0.2536057692307692 0.11057692307692307 0.20432692307692307
5 0.3713942307692308 0.036057692307692304 0.05048076923076923 0.07211538461538461
5 0.33413461538461536 0.07091346153846154 0.11538461538461539 0.14182692307692307
5 0.39783653846153844 0.16947115384615385 0.25 0.3173076923076923
5 0.39783653846153844 0.32572115384615385 0.07692307692307693 0.10336538461538461
5 0.48197115384615385 0.006009615384615385 0.0625 0.009615384615384616
5 0.49278846153846156 0.027644230769230768 0.1778846153846154 0.052884615384615384
5 0.33774038461538464 0.32211538461538464 0.07211538461538461 0.0985576923076923
5 0.26322115384615385 0.43990384615384615 0.14903846153846154 0.23557692307692307
5 0.22596153846153846 0.2920673076923077 0.11057692307692307 0.16826923076923078
5 0.22596153846153846 0.65625 0.14423076923076922 0.20673076923076922
5 0.4987980769230769 0.49759615384615385 0.9975961538461539 0.9951923076923077