5 0.8798076923076923 0.9242788461538461 0.23076923076923078 0.1466346153846154
5 0.5697115384615384 0.9399038461538461 0.41346153846153844 0.11298076923076923
5 0.8545673076923077 0.9483173076923077 0.23557692307692307 0.09615384615384616
5 0.3245192307692308 0.9326923076923077 0.6033653846153846 0.12740384615384615
5 0.10096153846153846 0.8930288461538461 0.1971153846153846 0.2091346153846154
5 0.013221153846153846 0.7524038461538461 0.021634615384615384 0.10096153846153846
5 0.49759615384615385 0.7680288461538461 0.9951923076923077 0.25961538461538464
5 0.1658653846153846 0.6346153846153846 0.3269230769230769 0.12980769230769232
5 0.9639423076923077 0.7487980769230769 0.0625 0.23557692307692307
5 0.484375 0.5252403846153846 0.9639423076923077 0.3004807692307692
5 0.9831730769230769 0.5853365384615384 0.02403846153846154 0.19230769230769232
5 0.5276442307692307 0.3389423076923077 0.9326923076923077 0.33653846153846156
5 0.09134615384615384 0.19230769230769232 0.1778846153846154 0.38461538461538464
5 0.4026442307692308 0.05889423076923077 0.22355769230769232 0.11538461538461539
5 0.21514423076923078 0.078125 0.17307692307692307 0.15625
5 0.3713942307692308 0.09254807692307693 0.43028846153846156 0.18269230769230768
5 0.5925480769230769 0.16105769230769232 0.3894230769230769 0.2091346153846154
5 0.7872596153846154 0.078125 0.41346153846153844 0.15625
5 0.8353365384615384 0.21995192307692307 0.16346153846153846 0.08653846153846154
5 0.9387019230769231 0.2127403846153846 0.11057692307692307 0.17067307692307693
5 0.49759615384615385 0.4987980769230769 0.9951923076923077 0.9951923076923077