5 0.33052884615384615 0.36538461538461536 0.10336538461538461 0.04807692307692308
5 0.3137019230769231 0.5108173076923077 0.10336538461538461 0.04807692307692308
5 0.6778846153846154 0.3016826923076923 0.0985576923076923 0.06490384615384616
5 0.7487980769230769 0.3401442307692308 0.0985576923076923 0.0673076923076923
5 0.8221153846153846 0.09975961538461539 0.07211538461538461 0.0673076923076923
5 0.9423076923076923 0.4110576923076923 0.10336538461538461 0.057692307692307696
5 0.9399038461538461 0.15985576923076922 0.07692307692307693 0.057692307692307696
5 0.9038461538461539 0.7331730769230769 0.08173076923076923 0.0625
5 0.6634615384615384 0.5949519230769231 0.10336538461538461 0.04807692307692308
5 0.4423076923076923 0.7163461538461539 0.07692307692307693 0.05048076923076923
5 0.43149038461538464 0.8509615384615384 0.04326923076923077 0.07211538461538461
5 0.04927884615384615 0.8293269230769231 0.07692307692307693 0.04326923076923077
5 0.7764423076923077 0.8689903846153846 0.08653846153846154 0.06490384615384616
5 0.8990384615384616 0.9435096153846154 0.08173076923076923 0.055288461538461536
5 0.5661057692307693 0.19230769230769232 0.5841346153846154 0.28365384615384615
5 0.2403846153846154 0.0889423076923077 0.1875 0.17067307692307693
5 0.08173076923076923 0.08413461538461539 0.15384615384615385 0.15865384615384615
5 0.13942307692307693 0.5108173076923077 0.2692307692307692 0.6947115384615384
5 0.5168269230769231 0.18389423076923078 0.6730769230769231 0.27884615384615385
5 0.24639423076923078 0.0889423076923077 0.1971153846153846 0.17067307692307693
5 0.6069711538461539 0.028846153846153848 0.5144230769230769 0.05048076923076923
5 0.8990384615384616 0.020432692307692308 0.06009615384615385 0.03365384615384615
5 0.9278846153846154 0.03245192307692308 0.13942307692307693 0.06009615384615385
5 0.9278846153846154 0.328125 0.13942307692307693 0.2283653846153846
5 0.9278846153846154 0.13581730769230768 0.13942307692307693 0.16105769230769232
5 0.5084134615384616 0.4795673076923077 0.45913461538461536 0.4230769230769231
5 0.2692307692307692 0.8461538461538461 0.4230769230769231 0.30288461538461536
5 0.47596153846153844 0.9098557692307693 0.3317307692307692 0.17548076923076922
5 0.5985576923076923 0.8834134615384616 0.24519230769230768 0.2283653846153846
5 0.7620192307692307 0.9086538461538461 0.10336538461538461 0.16826923076923078
5 0.5661057692307693 0.7271634615384616 0.18028846153846154 0.08173076923076923
5 0.8918269230769231 0.9254807692307693 0.21153846153846154 0.14423076923076922
5 0.953125 0.8004807692307693 0.09134615384615384 0.09615384615384616
5 0.8786057692307693 0.625 0.23798076923076922 0.27884615384615385
5 0.9627403846153846 0.6502403846153846 0.06971153846153846 0.05048076923076923
5 0.9338942307692307 0.6658653846153846 0.12980769230769232 0.18269230769230768
5 0.8665865384615384 0.46153846153846156 0.24519230769230768 0.04326923076923077
5 0.875 0.3317307692307692 0.24519230769230768 0.21634615384615385
5 0.7872596153846154 0.7439903846153846 0.3173076923076923 0.20673076923076922
5 0.7584134615384616 0.6622596153846154 0.47836538461538464 0.34375
5 0.07932692307692307 0.609375 0.14903846153846154 0.14182692307692307
5 0.5 0.5012019230769231 0.9951923076923077 0.9975961538461539