5 0.5180288461538461 0.9026442307692307 0.13942307692307693 0.08173076923076923
5 0.4795673076923077 0.7487980769230769 0.125 0.07692307692307693
5 0.42427884615384615 0.6045673076923077 0.12980769230769232 0.0889423076923077
5 0.390625 0.4579326923076923 0.11538461538461539 0.07211538461538461
5 0.3641826923076923 0.3245192307692308 0.11538461538461539 0.07211538461538461
5 0.3449519230769231 0.18870192307692307 0.1201923076923077 0.0673076923076923
5 0.32211538461538464 0.06610576923076923 0.1201923076923077 0.07211538461538461
5 0.6911057692307693 0.24639423076923078 0.12980769230769232 0.07692307692307693
5 0.7668269230769231 0.42908653846153844 0.12980769230769232 0.07692307692307693
5 0.8713942307692307 0.625 0.125 0.08413461538461539
5 0.9194711538461539 0.8581730769230769 0.125 0.0889423076923077
5 0.6959134615384616 0.09375 0.12980769230769232 0.08173076923076923
5 0.3269230769230769 0.9002403846153846 0.5192307692307693 0.1201923076923077
5 0.5961538461538461 0.8557692307692307 0.7740384615384616 0.2091346153846154
5 0.578125 0.6286057692307693 0.7115384615384616 0.19230769230769232
5 0.5216346153846154 0.42908653846153844 0.6177884615384616 0.16346153846153846
5 0.484375 0.2439903846153846 0.5432692307692307 0.14182692307692307
5 0.4891826923076923 0.09375 0.5336538461538461 0.125
5 0.30649038461538464 0.7512019230769231 0.4807692307692308 0.11538461538461539
5 0.2800480769230769 0.609375 0.4182692307692308 0.11538461538461539
5 0.25721153846153844 0.46033653846153844 0.38221153846153844 0.10096153846153846
5 0.2439903846153846 0.3245192307692308 0.3557692307692308 0.09615384615384616
5 0.23317307692307693 0.18870192307692307 0.3317307692307692 0.09375
5 0.22235576923076922 0.06610576923076923 0.31971153846153844 0.08173076923076923