5 0.8305288461538461 0.36778846153846156 0.1201923076923077 0.08173076923076923
5 0.7620192307692307 0.020432692307692308 0.08173076923076923 0.03365384615384615
5 0.9182692307692307 0.06009615384615385 0.15384615384615385 0.11298076923076923
5 0.9615384615384616 0.15865384615384615 0.0673076923076923 0.11298076923076923
5 0.609375 0.25841346153846156 0.5192307692307693 0.2403846153846154
5 0.8137019230769231 0.1201923076923077 0.1201923076923077 0.057692307692307696
5 0.7764423076923077 0.0889423076923077 0.1201923076923077 0.0625
5 0.7956730769230769 0.046875 0.11538461538461539 0.08653846153846154
5 0.8990384615384616 0.15865384615384615 0.07211538461538461 0.052884615384615384
5 0.5384615384615384 0.14182692307692307 0.4639423076923077 0.2764423076923077
5 0.27283653846153844 0.0733173076923077 0.38221153846153844 0.13942307692307693
5 0.4567307692307692 0.039663461538461536 0.10336538461538461 0.05048076923076923
5 0.49158653846153844 0.014423076923076924 0.0673076923076923 0.021634615384615384
5 0.39903846153846156 0.021634615384615384 0.14182692307692307 0.036057692307692304
5 0.1935096153846154 0.10216346153846154 0.24519230769230768 0.15384615384615385
5 0.057692307692307696 0.08774038461538461 0.11538461538461539 0.16826923076923078
5 0.11778846153846154 0.25841346153846156 0.23557692307692307 0.17307692307692307
5 0.19951923076923078 0.19951923076923078 0.06009615384615385 0.057692307692307696
5 0.22716346153846154 0.25240384615384615 0.06009615384615385 0.052884615384615384
5 0.16105769230769232 0.29447115384615385 0.08173076923076923 0.057692307692307696
5 0.26802884615384615 0.35096153846153844 0.27403846153846156 0.14903846153846154
5 0.3112980769230769 0.21875 0.14182692307692307 0.14423076923076922
5 0.18629807692307693 0.5504807692307693 0.3701923076923077 0.32211538461538464
5 0.10096153846153846 0.3858173076923077 0.20192307692307693 0.15865384615384615
5 0.036057692307692304 0.44591346153846156 0.07211538461538461 0.16346153846153846
5 0.33052884615384615 0.7451923076923077 0.37740384615384615 0.2692307692307692
5 0.4098557692307692 0.6213942307692307 0.08653846153846154 0.07211538461538461
5 0.36658653846153844 0.5348557692307693 0.07692307692307693 0.05048076923076923
5 0.5060096153846154 0.6490384615384616 0.47596153846153844 0.20673076923076922
5 0.3713942307692308 0.4182692307692308 0.052884615384615384 0.05048076923076923
5 0.5985576923076923 0.5288461538461539 0.4639423076923077 0.28846153846153844
5 0.6478365384615384 0.453125 0.4423076923076923 0.18509615384615385
5 0.609375 0.40384615384615385 0.125 0.15865384615384615
5 0.7043269230769231 0.3557692307692308 0.12980769230769232 0.12980769230769232
5 0.8822115384615384 0.34134615384615385 0.22355769230769232 0.15384615384615385
5 0.8966346153846154 0.23677884615384615 0.1971153846153846 0.10096153846153846
5 0.8774038461538461 0.4182692307692308 0.23557692307692307 0.057692307692307696
5 0.9314903846153846 0.4639423076923077 0.04807692307692308 0.04807692307692308
5 0.8798076923076923 0.4723557692307692 0.15384615384615385 0.07211538461538461
5 0.9699519230769231 0.46153846153846156 0.04807692307692308 0.057692307692307696
5 0.7620192307692307 0.49278846153846156 0.20192307692307693 0.11298076923076923
5 0.8930288461538461 0.578125 0.10336538461538461 0.057692307692307696
5 0.84375 0.5745192307692307 0.21153846153846154 0.07211538461538461
5 0.9266826923076923 0.5216346153846154 0.13701923076923078 0.07692307692307693
5 0.8990384615384616 0.6346153846153846 0.19230769230769232 0.08413461538461539
5 0.5901442307692307 0.5396634615384616 0.47115384615384615 0.27884615384615385
5 0.8605769230769231 0.7223557692307693 0.2692307692307692 0.11298076923076923
5 0.9831730769230769 0.7235576923076923 0.021634615384615384 0.10096153846153846
5 0.765625 0.7980769230769231 0.45913461538461536 0.18509615384615385
5 0.5384615384615384 0.78125 0.04807692307692308 0.057692307692307696
5 0.5985576923076923 0.6802884615384616 0.27884615384615385 0.12980769230769232
5 0.15865384615384615 0.7848557692307693 0.3173076923076923 0.16105769230769232
5 0.28365384615384615 0.9783653846153846 0.07692307692307693 0.028846153846153848
5 0.3605769230769231 0.9122596153846154 0.0673076923076923 0.036057692307692304
5 0.4074519230769231 0.9495192307692307 0.07211538461538461 0.07451923076923077
5 0.6334134615384616 0.9326923076923077 0.0673076923076923 0.055288461538461536
5 0.6862980769230769 0.890625 0.028846153846153848 0.036057692307692304
5 0.9387019230769231 0.9915865384615384 0.03125 0.01201923076923077
5 0.9603365384615384 0.9387019230769231 0.07451923076923077 0.11778846153846154
5 0.8786057692307693 0.9399038461538461 0.10817307692307693 0.11538461538461539
5 0.7512019230769231 0.9423076923076923 0.21394230769230768 0.11057692307692307
5 0.6610576923076923 0.9050480769230769 0.0985576923076923 0.07451923076923077
5 0.5492788461538461 0.8653846153846154 0.15865384615384615 0.11057692307692307
5 0.5300480769230769 0.9122596153846154 0.16346153846153846 0.057692307692307696
5 0.5408653846153846 0.953125 0.2644230769230769 0.0889423076923077
5 0.36899038461538464 0.9567307692307693 0.15144230769230768 0.08173076923076923
5 0.17427884615384615 0.9158653846153846 0.3076923076923077 0.1466346153846154
5 0.05048076923076923 0.9278846153846154 0.10096153846153846 0.13942307692307693
5 0.20793269230769232 0.9495192307692307 0.19951923076923078 0.09615384615384616
5 0.4987980769230769 0.5 0.9975961538461539 0.9951923076923077