5 0.8257211538461539 0.6694711538461539 0.3389423076923077 0.6538461538461539
5 0.4074519230769231 0.96875 0.5528846153846154 0.055288461538461536
5 0.4699519230769231 0.8293269230769231 0.7427884615384616 0.28365384615384615
5 0.7079326923076923 0.6105769230769231 0.3557692307692308 0.18269230769230768
5 0.38341346153846156 0.65625 0.7668269230769231 0.2548076923076923
5 0.28725961538461536 0.8449519230769231 0.5721153846153846 0.30288461538461536
5 0.24278846153846154 0.6766826923076923 0.125 0.07451923076923077
5 0.171875 0.8966346153846154 0.125 0.0985576923076923
5 0.5985576923076923 0.6586538461538461 0.125 0.09615384615384616
5 0.5276442307692307 0.4254807692307692 0.9326923076923077 0.1971153846153846
5 0.6971153846153846 0.21995192307692307 0.5961538461538461 0.19951923076923078
5 0.9074519230769231 0.16466346153846154 0.17548076923076922 0.3245192307692308
5 0.7596153846153846 0.07451923076923077 0.47115384615384615 0.1346153846153846
5 0.021634615384615384 0.20552884615384615 0.04326923076923077 0.04807692307692308
5 0.025240384615384616 0.26322115384615385 0.05048076923076923 0.07932692307692307
5 0.4483173076923077 0.1814903846153846 0.07692307692307693 0.09615384615384616
5 0.41346153846153844 0.2800480769230769 0.8269230769230769 0.20432692307692307
5 0.15264423076923078 0.056490384615384616 0.30528846153846156 0.10817307692307693
5 0.3858173076923077 0.1141826923076923 0.7716346153846154 0.22355769230769232
5 0.4987980769230769 0.5 0.9975961538461539 0.9951923076923077