5 0.8701923076923077 0.6322115384615384 0.08413461538461539 0.4423076923076923
5 0.7824519230769231 0.5372596153846154 0.10576923076923077 0.6634615384615384
5 0.6887019230769231 0.5372596153846154 0.125 0.6971153846153846
5 0.5829326923076923 0.6213942307692307 0.10096153846153846 0.47596153846153844
5 0.47115384615384615 0.5048076923076923 0.2091346153846154 0.6634615384615384
5 0.35216346153846156 0.6454326923076923 0.08173076923076923 0.41586538461538464
5 0.26322115384615385 0.5024038461538461 0.10096153846153846 0.6394230769230769
5 0.16105769230769232 0.515625 0.11778846153846154 0.6634615384615384
5 0.09375 0.640625 0.09134615384615384 0.44711538461538464
5 0.8713942307692307 0.43509615384615385 0.04326923076923077 0.04807692307692308
5 0.7716346153846154 0.23798076923076922 0.04807692307692308 0.06490384615384616
5 0.6983173076923077 0.21033653846153846 0.055288461538461536 0.052884615384615384
5 0.5865384615384616 0.43509615384615385 0.04326923076923077 0.10096153846153846
5 0.4963942307692308 0.21033653846153846 0.1346153846153846 0.08653846153846154
5 0.3557692307692308 0.45913461538461536 0.04326923076923077 0.052884615384615384
5 0.25961538461538464 0.21033653846153846 0.04326923076923077 0.06490384615384616
5 0.16826923076923078 0.21033653846153846 0.052884615384615384 0.052884615384615384
5 0.09014423076923077 0.43509615384615385 0.04807692307692308 0.04807692307692308