5 0.19951923076923078 0.7259615384615384 0.0673076923076923 0.09615384615384616
5 0.2512019230769231 0.5709134615384616 0.04326923076923077 0.10576923076923077
5 0.055288461538461536 0.5120192307692307 0.06971153846153846 0.09615384615384616
5 0.25961538461538464 0.125 0.06009615384615385 0.08173076923076923
5 0.13341346153846154 0.10096153846153846 0.052884615384615384 0.06009615384615385
5 0.4362980769230769 0.12259615384615384 0.052884615384615384 0.10096153846153846
5 0.6394230769230769 0.16706730769230768 0.052884615384615384 0.08173076923076923
5 0.6550480769230769 0.08052884615384616 0.05048076923076923 0.07692307692307693
5 0.5552884615384616 0.17307692307692307 0.057692307692307696 0.06009615384615385
5 0.7944711538461539 0.7055288461538461 0.057692307692307696 0.0889423076923077
5 0.7451923076923077 0.6610576923076923 0.057692307692307696 0.07211538461538461
5 0.7596153846153846 0.9134615384615384 0.04807692307692308 0.10096153846153846
5 0.9086538461538461 0.8725961538461539 0.038461538461538464 0.07692307692307693
5 0.9783653846153846 0.4050480769230769 0.038461538461538464 0.06009615384615385
5 0.8954326923076923 0.26802884615384615 0.04326923076923077 0.14423076923076922
5 0.6454326923076923 0.6850961538461539 0.05048076923076923 0.08173076923076923
5 0.5528846153846154 0.6490384615384616 0.052884615384615384 0.09615384615384616
5 0.6045673076923077 0.8305288461538461 0.04326923076923077 0.052884615384615384
5 0.6754807692307693 0.9639423076923077 0.057692307692307696 0.06009615384615385
5 0.055288461538461536 0.7980769230769231 0.06490384615384616 0.14423076923076922
5 0.3713942307692308 0.5360576923076923 0.057692307692307696 0.07211538461538461
5 0.44471153846153844 0.6550480769230769 0.057692307692307696 0.07211538461538461
5 0.4951923076923077 0.5444711538461539 0.0625 0.07692307692307693
5 0.07451923076923077 0.14302884615384615 0.05048076923076923 0.14423076923076922
5 0.06129807692307692 0.39302884615384615 0.04326923076923077 0.06009615384615385
5 0.9783653846153846 0.6850961538461539 0.038461538461538464 0.07211538461538461
5 0.9699519230769231 0.8209134615384616 0.052884615384615384 0.34615384615384615
5 0.8954326923076923 0.9074519230769231 0.10336538461538461 0.17307692307692307
5 0.9170673076923077 0.7175480769230769 0.08653846153846154 0.2091346153846154
5 0.96875 0.5084134615384616 0.057692307692307696 0.2692307692307692
5 0.9699519230769231 0.18870192307692307 0.055288461538461536 0.37259615384615385
5 0.9230769230769231 0.4735576923076923 0.08653846153846154 0.27884615384615385
5 0.9266826923076923 0.21995192307692307 0.10096153846153846 0.22596153846153846
5 0.9050480769230769 0.08173076923076923 0.0889423076923077 0.15865384615384615
5 0.875 0.5949519230769231 0.06971153846153846 0.16826923076923078
5 0.8461538461538461 0.6959134615384616 0.0673076923076923 0.15384615384615385
5 0.8317307692307693 0.8665865384615384 0.07692307692307693 0.23076923076923078
5 0.8461538461538461 0.15865384615384615 0.14903846153846154 0.3125
5 0.8028846153846154 0.32091346153846156 0.17307692307692307 0.20192307692307693
5 0.8064903846153846 0.5504807692307693 0.1466346153846154 0.25721153846153844
5 0.7512019230769231 0.7800480769230769 0.10336538461538461 0.3701923076923077
5 0.7283653846153846 0.6165865384615384 0.12980769230769232 0.6971153846153846
5 0.7067307692307693 0.11057692307692307 0.08653846153846154 0.22115384615384615
5 0.6766826923076923 0.375 0.10096153846153846 0.2860576923076923
5 0.6574519230769231 0.06971153846153846 0.04567307692307692 0.1346153846153846
5 0.6346153846153846 0.10216346153846154 0.0673076923076923 0.19951923076923078
5 0.5637019230769231 0.11057692307692307 0.08653846153846154 0.22115384615384615
5 0.5997596153846154 0.3245192307692308 0.08173076923076923 0.20673076923076922
5 0.5168269230769231 0.19831730769230768 0.08173076923076923 0.3918269230769231
5 0.47475961538461536 0.37740384615384615 0.09615384615384616 0.4230769230769231
5 0.5600961538461539 0.5204326923076923 0.08173076923076923 0.17307692307692307
5 0.6382211538461539 0.5480769230769231 0.05048076923076923 0.07211538461538461
5 0.6081730769230769 0.6634615384615384 0.11057692307692307 0.31490384615384615
5 0.6177884615384616 0.9014423076923077 0.11538461538461539 0.18509615384615385
5 0.4567307692307692 0.08533653846153846 0.09615384615384616 0.1658653846153846
5 0.38461538461538464 0.4855769230769231 0.028846153846153848 0.07692307692307693
5 0.04927884615384615 0.21634615384615385 0.09375 0.42788461538461536
5 0.2644230769230769 0.8834134615384616 0.11057692307692307 0.22115384615384615
5 0.36658653846153844 0.8894230769230769 0.08653846153846154 0.20673076923076922
5 0.3713942307692308 0.7475961538461539 0.09615384615384616 0.4951923076923077
5 0.47836538461538464 0.8810096153846154 0.13701923076923078 0.22596153846153846
5 0.453125 0.7980769230769231 0.052884615384615384 0.22596153846153846
5 0.5084134615384616 0.6959134615384616 0.08413461538461539 0.20192307692307693
5 0.37259615384615385 0.2548076923076923 0.12980769230769232 0.5048076923076923
5 0.17548076923076922 0.8305288461538461 0.11778846153846154 0.3269230769230769
5 0.27524038461538464 0.6574519230769231 0.14423076923076922 0.2692307692307692
5 0.31850961538461536 0.4699519230769231 0.05048076923076923 0.1201923076923077
5 0.30649038461538464 0.06971153846153846 0.10817307692307693 0.1346153846153846
5 0.31971153846153844 0.30649038461538464 0.08653846153846154 0.43509615384615385
5 0.24519230769230768 0.27403846153846156 0.08413461538461539 0.23798076923076922
5 0.22235576923076922 0.08533653846153846 0.06971153846153846 0.1658653846153846
5 0.11538461538461539 0.14543269230769232 0.038461538461538464 0.16105769230769232
5 0.17307692307692307 0.38100961538461536 0.1466346153846154 0.38221153846153844
5 0.1466346153846154 0.0985576923076923 0.10096153846153846 0.1971153846153846
5 0.014423076923076924 0.6358173076923077 0.02403846153846154 0.47836538461538464
5 0.007211538461538462 0.8209134615384616 0.014423076923076924 0.12980769230769232
5 0.07692307692307693 0.8894230769230769 0.13942307692307693 0.20673076923076922
5 0.051682692307692304 0.5709134615384616 0.06490384615384616 0.22596153846153846
5 0.4987980769230769 0.49759615384615385 0.9951923076923077 0.9951923076923077