5 0.4951923076923077 0.15384615384615385 0.5384615384615384 0.3004807692307692
5 0.19110576923076922 0.43509615384615385 0.21634615384615385 0.15625
5 0.6358173076923077 0.28365384615384615 0.5817307692307693 0.5576923076923077
5 0.20432692307692307 0.25841346153846156 0.2403846153846154 0.5096153846153846
5 0.19951923076923078 0.5721153846153846 0.22115384615384615 0.42788461538461536
5 0.13822115384615385 0.8040865384615384 0.10096153846153846 0.1466346153846154
5 0.3245192307692308 0.8269230769230769 0.47596153846153844 0.34134615384615385
5 0.3870192307692308 0.5853365384615384 0.3125 0.27403846153846156
5 0.6382211538461539 0.875 0.43028846153846156 0.24519230769230768
5 0.7283653846153846 0.8233173076923077 0.3269230769230769 0.3485576923076923
5 0.8737980769230769 0.2800480769230769 0.125 0.1346153846153846
5 0.9615384615384616 0.3125 0.07211538461538461 0.10576923076923077
5 0.8173076923076923 0.5540865384615384 0.3605769230769231 0.44471153846153844
5 0.9639423076923077 0.13221153846153846 0.0673076923076923 0.2548076923076923
5 0.8954326923076923 0.8701923076923077 0.2091346153846154 0.2548076923076923
5 0.5360576923076923 0.4987980769230769 0.9278846153846154 0.9975961538461539