5 0.8473557692307693 0.3858173076923077 0.08413461538461539 0.0625
5 0.8365384615384616 0.32572115384615385 0.0625 0.057692307692307696
5 0.8473557692307693 0.25721153846153844 0.08413461538461539 0.07211538461538461
5 0.8557692307692307 0.2127403846153846 0.038461538461538464 0.040865384615384616
5 0.6862980769230769 0.8497596153846154 0.44711538461538464 0.23317307692307693
5 0.7391826923076923 0.6466346153846154 0.27884615384615385 0.4519230769230769
5 0.6658653846153846 0.5733173076923077 0.23557692307692307 0.31971153846153844
5 0.3581730769230769 0.7836538461538461 0.6298076923076923 0.13942307692307693
5 0.43149038461538464 0.46033653846153844 0.6947115384615384 0.125
5 0.43149038461538464 0.3293269230769231 0.7475961538461539 0.15384615384615385
5 0.44711538461538464 0.18389423076923078 0.8317307692307693 0.18028846153846154