5 0.9435096153846154 0.09735576923076923 0.10817307692307693 0.19471153846153846
5 0.8581730769230769 0.4987980769230769 0.27884615384615385 0.9975961538461539
5 0.6586538461538461 0.18028846153846154 0.16826923076923078 0.16346153846153846
5 0.4387019230769231 0.234375 0.1346153846153846 0.12980769230769232
5 0.28966346153846156 0.27283653846153844 0.11298076923076923 0.11057692307692307
5 0.17427884615384615 0.3004807692307692 0.10096153846153846 0.0985576923076923
5 0.08413461538461539 0.3173076923076923 0.07211538461538461 0.07692307692307693
5 0.6237980769230769 0.5432692307692307 0.36778846153846156 0.9014423076923077
5 0.39783653846153844 0.5817307692307693 0.27403846153846156 0.8269230769230769
5 0.24879807692307693 0.609375 0.20673076923076922 0.7692307692307693
5 0.15144230769230768 0.6201923076923077 0.15625 0.75
5 0.07091346153846154 0.6370192307692307 0.10576923076923077 0.7163461538461539