5 0.4519230769230769 0.09975961538461539 0.8990384615384616 0.13221153846153846
5 0.06610576923076923 0.09975961538461539 0.12740384615384615 0.11298076923076923
5 0.046875 0.2608173076923077 0.08173076923076923 0.0673076923076923
5 0.18269230769230768 0.42427884615384615 0.08173076923076923 0.0625
5 0.13942307692307693 0.5757211538461539 0.09134615384615384 0.0625
5 0.0889423076923077 0.7355769230769231 0.09134615384615384 0.0625
5 0.08653846153846154 0.9002403846153846 0.08653846153846154 0.057692307692307696
5 0.5180288461538461 0.4266826923076923 0.7548076923076923 0.12980769230769232
5 0.4567307692307692 0.26322115384615385 0.9014423076923077 0.12980769230769232
5 0.4963942307692308 0.578125 0.7980769230769231 0.1201923076923077
5 0.47475961538461536 0.7355769230769231 0.8509615384615384 0.125
5 0.47475961538461536 0.9002403846153846 0.8653846153846154 0.12980769230769232