5 0.7920673076923077 0.890625 0.40384615384615385 0.21153846153846154
5 0.7728365384615384 0.9567307692307693 0.4423076923076923 0.08173076923076923
5 0.3016826923076923 0.8858173076923077 0.5985576923076923 0.19471153846153846
5 0.29927884615384615 0.9579326923076923 0.59375 0.07932692307692307
5 0.3173076923076923 0.7836538461538461 0.6009615384615384 0.17067307692307693
5 0.2608173076923077 0.016826923076923076 0.5168269230769231 0.03365384615384615
5 0.7463942307692307 0.025240384615384616 0.49759615384615385 0.05048076923076923
5 0.8882211538461539 0.13942307692307693 0.21153846153846154 0.1778846153846154
5 0.49759615384615385 0.22716346153846154 0.65625 0.18509615384615385
5 0.3858173076923077 0.4014423076923077 0.06009615384615385 0.052884615384615384
5 0.3389423076923077 0.5961538461538461 0.0673076923076923 0.06490384615384616
5 0.9230769230769231 0.7019230769230769 0.1201923076923077 0.057692307692307696
5 0.02283653846153846 0.015625 0.040865384615384616 0.03125
5 0.1971153846153846 0.16346153846153846 0.0673076923076923 0.057692307692307696
5 0.3112980769230769 0.25240384615384615 0.08653846153846154 0.038461538461538464
5 0.4074519230769231 0.17307692307692307 0.038461538461538464 0.052884615384615384
5 0.07091346153846154 0.3233173076923077 0.07692307692307693 0.057692307692307696
5 0.109375 0.4579326923076923 0.07692307692307693 0.05048076923076923
5 0.052884615384615384 0.6057692307692307 0.10096153846153846 0.04326923076923077
5 0.02283653846153846 0.7163461538461539 0.040865384615384616 0.052884615384615384
5 0.5132211538461539 0.8305288461538461 0.0673076923076923 0.0625
5 0.8028846153846154 0.8125 0.38221153846153844 0.18509615384615385
5 0.734375 0.6382211538461539 0.5192307692307693 0.22355769230769232
5 0.7872596153846154 0.8377403846153846 0.38221153846153844 0.3173076923076923
5 0.22716346153846154 0.5252403846153846 0.25721153846153844 0.35096153846153844
5 0.65625 0.5204326923076923 0.6778846153846154 0.23317307692307693
5 0.6694711538461539 0.5925480769230769 0.6490384615384616 0.1971153846153846
5 0.057692307692307696 0.6274038461538461 0.11538461538461539 0.14903846153846154
5 0.06610576923076923 0.47836538461538464 0.12980769230769232 0.30288461538461536
5 0.26322115384615385 0.12740384615384615 0.5216346153846154 0.18269230769230768
5 0.14302884615384615 0.039663461538461536 0.28125 0.07932692307692307
5 0.3233173076923077 0.09735576923076923 0.6418269230769231 0.19471153846153846
5 0.7572115384615384 0.0985576923076923 0.24519230769230768 0.18269230769230768
5 0.8473557692307693 0.13942307692307693 0.04326923076923077 0.0625
5 0.9014423076923077 0.28125 0.1875 0.0985576923076923
5 0.6778846153846154 0.4050480769230769 0.6346153846153846 0.14903846153846154
5 0.12139423076923077 0.3088942307692308 0.23798076923076922 0.13221153846153846
5 0.5 0.4987980769230769 0.9951923076923077 0.9975961538461539