5 0.15504807692307693 0.07572115384615384 0.2980769230769231 0.14423076923076922
5 0.4831730769230769 0.12620192307692307 0.4831730769230769 0.24519230769230768
5 0.15745192307692307 0.17427884615384615 0.30288461538461536 0.11538461538461539
5 0.3076923076923077 0.056490384615384616 0.23557692307692307 0.10576923076923077
5 0.13822115384615385 0.19110576923076922 0.2644230769230769 0.16346153846153846
5 0.08052884615384616 0.32572115384615385 0.14903846153846154 0.3701923076923077
5 0.5084134615384616 0.3293269230769231 0.7307692307692307 0.16346153846153846
5 0.5685096153846154 0.4891826923076923 0.8269230769230769 0.1778846153846154
5 0.41346153846153844 0.6081730769230769 0.7115384615384616 0.21634615384615385
5 0.9002403846153846 0.22716346153846154 0.19471153846153846 0.20432692307692307
5 0.7572115384615384 0.13581730769230768 0.4807692307692308 0.2668269230769231
5 0.38822115384615385 0.7151442307692307 0.30288461538461536 0.1346153846153846
5 0.2127403846153846 0.7632211538461539 0.41346153846153844 0.375
5 0.12379807692307693 0.8990384615384616 0.23798076923076922 0.1971153846153846
5 0.46274038461538464 0.8762019230769231 0.2956730769230769 0.24278846153846154
5 0.8293269230769231 0.5853365384615384 0.33653846153846156 0.5168269230769231
5 0.7439903846153846 0.859375 0.2956730769230769 0.2764423076923077
5 0.9134615384615384 0.8112980769230769 0.16826923076923078 0.37740384615384615
5 0.5012019230769231 0.5 0.9927884615384616 0.9951923076923077