5 0.08052884615384616 0.24639423076923078 0.15384615384615385 0.4807692307692308
5 0.25600961538461536 0.3269230769230769 0.2403846153846154 0.6442307692307693
5 0.43028846153846156 0.23197115384615385 0.25 0.4543269230769231
5 0.6286057692307693 0.32211538461538464 0.22115384615384615 0.6322115384615384
5 0.8161057692307693 0.24639423076923078 0.33653846153846156 0.4807692307692308
5 0.47836538461538464 0.5300480769230769 0.19230769230769232 0.5096153846153846
5 0.14182692307692307 0.5216346153846154 0.21634615384615385 0.5576923076923077
5 0.06610576923076923 0.6947115384615384 0.125 0.40384615384615385
5 0.03125 0.8689903846153846 0.057692307692307696 0.25721153846153844
5 0.15985576923076922 0.8930288461538461 0.14182692307692307 0.2091346153846154
5 0.25721153846153844 0.8149038461538461 0.1346153846153846 0.36538461538461536
5 0.35096153846153844 0.6706730769230769 0.1658653846153846 0.46634615384615385
5 0.6526442307692307 0.6754807692307693 0.19471153846153846 0.4423076923076923
5 0.8064903846153846 0.5540865384615384 0.2548076923076923 0.47115384615384615
5 0.9375 0.3233173076923077 0.1201923076923077 0.6370192307692307
5 0.9290865384615384 0.6947115384615384 0.13701923076923078 0.38461538461538464
5 0.8088942307692307 0.7896634615384616 0.19230769230769232 0.39903846153846156
5 0.6838942307692307 0.8713942307692307 0.1658653846153846 0.25240384615384615
5 0.5180288461538461 0.8197115384615384 0.18509615384615385 0.3557692307692308
5 0.421875 0.8689903846153846 0.16105769230769232 0.25721153846153844
5 0.9230769230769231 0.8846153846153846 0.14903846153846154 0.22596153846153846