5 0.2512019230769231 0.9182692307692307 0.49038461538461536 0.15865384615384615
5 0.7451923076923077 0.5420673076923077 0.375 0.28365384615384615
5 0.46875 0.5432692307692307 0.9278846153846154 0.47596153846153844
5 0.6622596153846154 0.9338942307692307 0.1971153846153846 0.12740384615384615
5 0.3798076923076923 0.8858173076923077 0.75 0.22355769230769232
5 0.6538461538461539 0.6754807692307693 0.22596153846153846 0.028846153846153848
5 0.39302884615384615 0.7139423076923077 0.7740384615384616 0.12740384615384615
5 0.6538461538461539 0.3545673076923077 0.1658653846153846 0.11057692307692307
5 0.7019230769230769 0.18870192307692307 0.2403846153846154 0.18990384615384615
5 0.6610576923076923 0.05048076923076923 0.15865384615384615 0.09615384615384616
5 0.48197115384615385 0.359375 0.5096153846153846 0.14423076923076922
5 0.4110576923076923 0.18870192307692307 0.8100961538461539 0.35096153846153844
5 0.3713942307692308 0.0625 0.7331730769230769 0.1201923076923077