5 0.546875 0.15504807692307693 0.6947115384615384 0.1201923076923077
5 0.8737980769230769 0.15865384615384615 0.052884615384615384 0.06009615384615385
5 0.5588942307692307 0.3016826923076923 0.7163461538461539 0.11778846153846154
5 0.8942307692307693 0.30528846153846156 0.057692307692307696 0.057692307692307696
5 0.5769230769230769 0.4483173076923077 0.7524038461538461 0.12740384615384615
5 0.9206730769230769 0.4495192307692308 0.06490384615384616 0.0625
5 0.9230769230769231 0.5913461538461539 0.057692307692307696 0.057692307692307696
5 0.8822115384615384 0.7235576923076923 0.12980769230769232 0.06009615384615385
5 0.7151442307692307 0.8641826923076923 0.052884615384615384 0.06490384615384616
5 0.5769230769230769 0.5913461538461539 0.7524038461538461 0.11778846153846154
5 0.5793269230769231 0.7235576923076923 0.7355769230769231 0.11538461538461539
5 0.4735576923076923 0.8641826923076923 0.5240384615384616 0.125