5 0.4987980769230769 0.5012019230769231 0.9975961538461539 0.9927884615384616
5 0.9278846153846154 0.09495192307692307 0.1346153846153846 0.16826923076923078
5 0.9350961538461539 0.020432692307692308 0.1201923076923077 0.028846153846153848
5 0.8305288461538461 0.06490384615384616 0.09134615384615384 0.1201923076923077
5 0.7247596153846154 0.037259615384615384 0.11057692307692307 0.06490384615384616
5 0.6670673076923077 0.07692307692307693 0.09615384615384616 0.14423076923076922
5 0.7980769230769231 0.15745192307692307 0.11538461538461539 0.19471153846153846
5 0.9747596153846154 0.2127403846153846 0.038461538461538464 0.14423076923076922
5 0.9194711538461539 0.24278846153846154 0.06009615384615385 0.07451923076923077
5 0.8870192307692307 0.28725961538461536 0.06490384615384616 0.125
5 0.8305288461538461 0.2704326923076923 0.10096153846153846 0.09134615384615384
5 0.7379807692307693 0.29447115384615385 0.08653846153846154 0.14903846153846154
5 0.7175480769230769 0.20793269230769232 0.04326923076923077 0.11538461538461539
5 0.6694711538461539 0.1971153846153846 0.12980769230769232 0.09615384615384616
5 0.5420673076923077 0.20192307692307693 0.1346153846153846 0.10576923076923077
5 0.5204326923076923 0.1045673076923077 0.09134615384615384 0.14903846153846154
5 0.5877403846153846 0.07211538461538461 0.08653846153846154 0.1346153846153846
5 0.4579326923076923 0.057692307692307696 0.18509615384615385 0.10576923076923077
5 0.9074519230769231 0.38461538461538464 0.17548076923076922 0.08173076923076923
5 0.9555288461538461 0.30528846153846156 0.08173076923076923 0.10096153846153846
5 0.9579326923076923 0.4519230769230769 0.07451923076923077 0.04326923076923077
5 0.9495192307692307 0.5180288461538461 0.09134615384615384 0.06490384615384616
5 0.8870192307692307 0.5180288461538461 0.15384615384615385 0.15384615384615385
5 0.7980769230769231 0.4675480769230769 0.07451923076923077 0.125
5 0.7824519230769231 0.3701923076923077 0.09615384615384616 0.11057692307692307
5 0.9723557692307693 0.5901442307692307 0.04326923076923077 0.06971153846153846
5 0.9579326923076923 0.6394230769230769 0.07451923076923077 0.11057692307692307
5 0.9350961538461539 0.7572115384615384 0.11057692307692307 0.1346153846153846
5 0.9579326923076923 0.8894230769230769 0.06490384615384616 0.10096153846153846
5 0.9771634615384616 0.8305288461538461 0.03365384615384615 0.06971153846153846
5 0.9639423076923077 0.9639423076923077 0.0673076923076923 0.0673076923076923
5 0.8978365384615384 0.9122596153846154 0.06490384615384616 0.11538461538461539
5 0.8798076923076923 0.7920673076923077 0.13942307692307693 0.19471153846153846
5 0.8401442307692307 0.7379807692307693 0.1201923076923077 0.10336538461538461
5 0.8305288461538461 0.6646634615384616 0.1201923076923077 0.1201923076923077
5 0.7944711538461539 0.625 0.06009615384615385 0.08173076923076923
5 0.7403846153846154 0.5504807692307693 0.12980769230769232 0.1201923076923077
5 0.7295673076923077 0.47475961538461536 0.06971153846153846 0.08173076923076923
5 0.6875 0.4170673076923077 0.10576923076923077 0.10576923076923077
5 0.6346153846153846 0.375 0.12980769230769232 0.12980769230769232
5 0.6899038461538461 0.3329326923076923 0.06971153846153846 0.09615384615384616
5 0.5997596153846154 0.29447115384615385 0.16826923076923078 0.11057692307692307
5 0.4098557692307692 0.17307692307692307 0.11057692307692307 0.1346153846153846
5 0.32211538461538464 0.07692307692307693 0.08653846153846154 0.14423076923076922
5 0.2620192307692308 0.04447115384615385 0.10576923076923077 0.08173076923076923
5 0.16466346153846154 0.055288461538461536 0.10096153846153846 0.10096153846153846
5 0.09014423076923077 0.04807692307692308 0.06971153846153846 0.08653846153846154
5 0.03245192307692308 0.04447115384615385 0.06490384615384616 0.08173076923076923
5 0.7439903846153846 0.953125 0.0889423076923077 0.0889423076923077
5 0.8161057692307693 0.9555288461538461 0.08413461538461539 0.08413461538461539
5 0.7776442307692307 0.8725961538461539 0.08653846153846154 0.09615384615384616
5 0.7295673076923077 0.8197115384615384 0.038461538461538464 0.07932692307692307
5 0.6971153846153846 0.7800480769230769 0.08653846153846154 0.1201923076923077
5 0.6622596153846154 0.6899038461538461 0.09615384615384616 0.13942307692307693
5 0.5925480769230769 0.6550480769230769 0.08653846153846154 0.10096153846153846
5 0.5805288461538461 0.5504807692307693 0.09134615384615384 0.1201923076923077
5 0.5420673076923077 0.4795673076923077 0.09615384615384616 0.10096153846153846
5 0.5745192307692307 0.4495192307692308 0.09134615384615384 0.09134615384615384
5 0.4951923076923077 0.3798076923076923 0.08173076923076923 0.09134615384615384
5 0.4495192307692308 0.31971153846153844 0.06971153846153846 0.11057692307692307
5 0.3798076923076923 0.2776442307692308 0.06971153846153846 0.11538461538461539
5 0.3076923076923077 0.18028846153846154 0.06490384615384616 0.10096153846153846
5 0.25721153846153844 0.14302884615384615 0.055288461538461536 0.10576923076923077
5 0.2127403846153846 0.125 0.06490384615384616 0.09134615384615384
5 0.14302884615384615 0.16706730769230768 0.08653846153846154 0.08653846153846154
5 0.13942307692307693 0.11057692307692307 0.10096153846153846 0.08173076923076923
5 0.057692307692307696 0.13221153846153846 0.08653846153846154 0.11538461538461539
5 0.020432692307692308 0.12740384615384615 0.038461538461538464 0.11538461538461539
5 0.06009615384615385 0.22956730769230768 0.11057692307692307 0.1201923076923077
5 0.14543269230769232 0.23197115384615385 0.11057692307692307 0.08653846153846154
5 0.21995192307692307 0.22716346153846154 0.08173076923076923 0.09615384615384616
5 0.22235576923076922 0.27283653846153844 0.11538461538461539 0.08653846153846154
5 0.2704326923076923 0.3076923076923077 0.09134615384615384 0.125
5 0.3329326923076923 0.3245192307692308 0.09615384615384616 0.12980769230769232
5 0.3545673076923077 0.4026442307692308 0.10096153846153846 0.11538461538461539
5 0.4050480769230769 0.42788461538461536 0.09134615384615384 0.15384615384615385
5 0.38461538461538464 0.5096153846153846 0.1201923076923077 0.10096153846153846
5 0.46274038461538464 0.5504807692307693 0.1346153846153846 0.1201923076923077
5 0.42788461538461536 0.6225961538461539 0.125 0.09615384615384616
5 0.5228365384615384 0.6550480769230769 0.08653846153846154 0.10096153846153846
5 0.4495192307692308 0.7319711538461539 0.14903846153846154 0.11538461538461539
5 0.5252403846153846 0.7752403846153846 0.09134615384615384 0.18028846153846154
5 0.5949519230769231 0.7752403846153846 0.11057692307692307 0.11057692307692307
5 0.5829326923076923 0.875 0.125 0.13942307692307693
5 0.6670673076923077 0.9194711538461539 0.11538461538461539 0.15865384615384615
5 0.5588942307692307 0.9338942307692307 0.1466346153846154 0.12740384615384615
5 0.46274038461538464 0.9170673076923077 0.07451923076923077 0.16346153846153846
5 0.44711538461538464 0.8269230769230769 0.09615384615384616 0.08653846153846154
5 0.3858173076923077 0.9338942307692307 0.10336538461538461 0.12740384615384615
5 0.375 0.8221153846153846 0.06009615384615385 0.1346153846153846
5 0.33052884615384615 0.8028846153846154 0.06009615384615385 0.08653846153846154
5 0.3473557692307692 0.7247596153846154 0.09615384615384616 0.11057692307692307
5 0.31971153846153844 0.6754807692307693 0.08173076923076923 0.06971153846153846
5 0.31490384615384615 0.625 0.11057692307692307 0.06971153846153846
5 0.2704326923076923 0.5877403846153846 0.10096153846153846 0.04326923076923077
5 0.27524038461538464 0.5024038461538461 0.11057692307692307 0.125
5 0.23557692307692307 0.4375 0.10096153846153846 0.10576923076923077
5 0.19951923076923078 0.36538461538461536 0.10096153846153846 0.09134615384615384
5 0.08533653846153846 0.3401442307692308 0.15865384615384615 0.13942307692307693
5 0.09254807692307693 0.4879807692307692 0.18509615384615385 0.15384615384615385
5 0.14783653846153846 0.5649038461538461 0.14423076923076922 0.18028846153846154
5 0.14783653846153846 0.6550480769230769 0.2932692307692308 0.18990384615384615
5 0.17908653846153846 0.8689903846153846 0.3581730769230769 0.25721153846153844