5 0.9483173076923077 0.23076923076923078 0.09615384615384616 0.4519230769230769
5 0.8401442307692307 0.14903846153846154 0.20673076923076922 0.28846153846153844
5 0.265625 0.10216346153846154 0.53125 0.19471153846153846
5 0.23677884615384615 0.18389423076923078 0.4735576923076923 0.2692307692307692
5 0.16346153846153846 0.30649038461538464 0.3269230769230769 0.21394230769230768
5 0.3112980769230769 0.4579326923076923 0.375 0.4879807692307692
5 0.5552884615384616 0.28125 0.3076923076923077 0.38461538461538464
5 0.5841346153846154 0.06490384615384616 0.34615384615384615 0.1201923076923077
5 0.8846153846153846 0.23076923076923078 0.22355769230769232 0.4519230769230769
5 0.8389423076923077 0.6069711538461539 0.31490384615384615 0.2283653846153846
5 0.9387019230769231 0.5949519230769231 0.11538461538461539 0.4423076923076923
5 0.78125 0.8521634615384616 0.4326923076923077 0.29086538461538464
5 0.7235576923076923 0.5817307692307693 0.3798076923076923 0.36778846153846156
5 0.5721153846153846 0.6189903846153846 0.29086538461538464 0.32211538461538464
5 0.16706730769230768 0.6622596153846154 0.33413461538461536 0.6706730769230769
5 0.10576923076923077 0.5745192307692307 0.09134615384615384 0.2548076923076923
5 0.37740384615384615 0.7367788461538461 0.375 0.5216346153846154
5 0.46274038461538464 0.4879807692307692 0.14423076923076922 0.13942307692307693
5 0.4987980769230769 0.5012019230769231 0.9975961538461539 0.9975961538461539